/*--------------------------------*- C++ -*----------------------------------*\
  =========                 |
  \\      /  F ield         | OpenFOAM: The Open Source CFD Toolbox
   \\    /   O peration     | Website:  https://openfoam.org
    \\  /    A nd           | Version:  7
     \\/     M anipulation  |
\*---------------------------------------------------------------------------*/
FoamFile
{
    version     2.0;
    format      ascii;
    class       volScalarField;
    location    "1";
    object       CH2;
}
// * * * * * * * * * * * * * * * * * * * * * * * * * * * * * * * * * * * * * //

dimensions      [0 0 0 0 0 0 0];

internalField   nonuniform List<scalar>
4335
(
3.810438856976873e-22
7.809103050313276e-22
1.178859476529961e-21
1.574894843328120e-21
1.969019848560337e-21
2.361237935361143e-21
2.751552546865072e-21
3.139967126206655e-21
3.526485116520426e-21
3.911109960940914e-21
4.293845102602654e-21
4.674693984640176e-21
5.053660050188015e-21
5.430746742380699e-21
5.805957504352765e-21
6.179295779238743e-21
6.550765010173165e-21
6.920368640290564e-21
7.288110112725470e-21
7.653992870612417e-21
8.018020357085937e-21
8.380196015280565e-21
8.740523288330827e-21
9.099005619371261e-21
9.455646451536395e-21
9.810449227960766e-21
1.016341739177890e-20
1.051455438612533e-20
1.086386365413460e-20
1.121134863894123e-20
1.155701278367975e-20
1.190085953148470e-20
1.224289232549061e-20
1.258311460883201e-20
1.292152982464344e-20
1.325814141605942e-20
1.359295282621449e-20
1.392596749824318e-20
1.425718887528002e-20
1.458662040045955e-20
1.491426551691629e-20
1.524012766778479e-20
1.556421029619957e-20
1.588651684529516e-20
1.620705075820609e-20
1.652581547806690e-20
1.684281444801213e-20
1.715805111117630e-20
1.747152891069394e-20
1.778325128969959e-20
1.809322169132778e-20
1.840144355871304e-20
1.870792033498991e-20
1.901265546329291e-20
1.931565238675658e-20
1.961691454851544e-20
1.991644539170405e-20
2.021424835945691e-20
2.051032689490857e-20
2.080468444119357e-20
2.109732444144642e-20
2.138825033880167e-20
2.167746557639384e-20
2.196497359735747e-20
2.225077784482709e-20
2.253488176193724e-20
2.281728879182244e-20
2.309800237761722e-20
2.337702596245613e-20
2.365436298947368e-20
2.393001690180442e-20
2.420399114258287e-20
2.447628915494358e-20
2.474691438202106e-20
2.501587026694985e-20
2.528316025286449e-20
2.554878778289951e-20
2.581275630018944e-20
2.607506924786880e-20
2.633573006907214e-20
2.659474220693399e-20
2.685210910458887e-20
2.710783420517132e-20
2.736192095181587e-20
2.761437278765707e-20
2.786519315582942e-20
2.811438549946748e-20
2.836195326170576e-20
2.860789988567881e-20
2.885222881452115e-20
2.909494349136732e-20
2.933604735935186e-20
2.957554386160928e-20
2.981343644127413e-20
3.004972854148094e-20
3.028442360536423e-20
3.051752507605854e-20
3.074903639669841e-20
3.097896101041837e-20
3.120730236035293e-20
3.143406388963666e-20
3.165924904140406e-20
3.188286125878967e-20
3.210490398492803e-20
3.232538066295368e-20
3.254429473600113e-20
3.276164964720491e-20
3.297744883969959e-20
3.319169575661966e-20
3.340439384109968e-20
3.361554653627417e-20
3.382515728527766e-20
3.403322953124469e-20
3.423976671730979e-20
3.444477228660748e-20
3.464824968227231e-20
3.485020234743881e-20
3.505063372524150e-20
3.524954725881493e-20
3.544694639129361e-20
3.564283456581209e-20
3.583721522550489e-20
3.603009181350655e-20
3.622146777295161e-20
3.641134654697458e-20
3.659973157871001e-20
3.678662631129243e-20
3.697203418785636e-20
3.715595865153635e-20
3.733840314546692e-20
3.751937111278261e-20
3.769886599661795e-20
3.787689124010747e-20
3.805345028638570e-20
3.822854657858717e-20
3.840218355984642e-20
3.857436467329798e-20
3.874509336207637e-20
3.891437306931615e-20
3.908220723815184e-20
3.924859931171796e-20
3.941355273314904e-20
3.957707094557964e-20
3.973915739214426e-20
3.989981551597746e-20
4.005904876021375e-20
4.021686056798767e-20
4.037325438243376e-20
4.052823364668654e-20
4.068180180388056e-20
4.083396229715032e-20
4.098471856963039e-20
4.113407406445528e-20
4.128203222475952e-20
4.142859649367765e-20
4.157377031434421e-20
4.171755712989371e-20
4.185996038346071e-20
4.200098351817972e-20
4.214062997718527e-20
4.227890320361192e-20
4.241580664059418e-20
4.255134373126659e-20
4.268551791876367e-20
4.281833264621997e-20
4.294979135677000e-20
4.307989749354831e-20
4.320865449968943e-20
4.333606581832790e-20
4.346213489259823e-20
4.358686516563496e-20
4.371026008057264e-20
4.383232308054578e-20
4.395305760868893e-20
4.407246710813661e-20
4.419055502202334e-20
4.430732479348368e-20
4.442277986565215e-20
4.453692368166328e-20
4.464975968465161e-20
4.476129131775165e-20
4.487152202409797e-20
4.498045524682507e-20
4.508809442906749e-20
4.519444301395977e-20
4.529950444463644e-20
4.540328216423202e-20
4.550577961588106e-20
4.560700024271808e-20
4.570694748787762e-20
4.580562479449421e-20
4.590303560570237e-20
4.599918336463666e-20
4.609407151443157e-20
4.618770349822168e-20
4.628008275914149e-20
4.637121274032554e-20
4.646109688490838e-20
4.654973863602450e-20
4.663714143680847e-20
4.672330873039482e-20
4.680824395991806e-20
4.689195056851275e-20
4.697443199931340e-20
4.705569169545454e-20
4.713573310007072e-20
4.721455965629646e-20
4.729217480726629e-20
4.736858199611477e-20
4.744378466597639e-20
4.751778625998571e-20
4.759059022127725e-20
4.766219999298555e-20
4.773261901824514e-20
4.780185074019055e-20
4.786989860195633e-20
4.793676604667697e-20
4.800245651748704e-20
4.806697345752106e-20
4.813032030991357e-20
4.819250051779908e-20
4.825351752431214e-20
4.831337477258729e-20
4.837207570575904e-20
4.842962376696194e-20
4.848602239933051e-20
4.854127504599930e-20
4.859538515010281e-20
4.864835615477561e-20
4.870019150315221e-20
4.875089463836714e-20
4.880046900355495e-20
4.884891804185015e-20
4.889624519638729e-20
4.894245391030089e-20
4.898754762672549e-20
4.903152978879562e-20
4.907440383964582e-20
4.911617322241060e-20
4.915684138022453e-20
4.919641175622210e-20
4.923488779353787e-20
4.927227293530636e-20
4.930857062466210e-20
4.934378430473964e-20
4.937791741867348e-20
4.941097340959819e-20
4.944295572064828e-20
4.947386779495828e-20
4.950371307566274e-20
4.953249500589616e-20
4.956021702879312e-20
4.958688258748811e-20
4.961249512511569e-20
4.963705808481036e-20
4.966057490970668e-20
4.968304904293919e-20
4.970448392764238e-20
4.972488300695082e-20
4.974424972399903e-20
4.976258752192155e-20
4.977989984385290e-20
4.979619013292762e-20
4.981146183228023e-20
4.982571838504529e-20
4.983896323435731e-20
4.985119982335081e-20
4.986243159516035e-20
4.987266199292045e-20
4.988189445976564e-20
4.989013243883046e-20
4.989737937324943e-20
4.990363870615709e-20
4.990891388068798e-20
4.991320833997661e-20
4.991652552715754e-20
4.991886888536530e-20
4.992024185773439e-20
4.992064788739936e-20
4.992009041749474e-20
4.991857289115509e-20
4.991609875151491e-20
4.991267144170874e-20
4.990829440487112e-20
4.990297108413656e-20
4.989670492263961e-20
4.988949936351481e-20
4.988135784989670e-20
4.987228382491976e-20
4.986228073171859e-20
4.985135201342767e-20
4.983950111318156e-20
4.982673147411478e-20
4.981304653936185e-20
4.979844975205734e-20
4.978294455533575e-20
4.976653439233163e-20
4.974922270617950e-20
4.973101294001389e-20
4.971190853696934e-20
4.969191294018038e-20
4.967102959278156e-20
4.964926193790739e-20
4.962661341869241e-20
4.960308747827113e-20
4.957868755977812e-20
4.955341710634791e-20
4.952727956111498e-20
4.950027836721391e-20
4.947241696777924e-20
4.944369880594548e-20
4.941412732484714e-20
4.938370596761881e-20
4.935243817739497e-20
4.932032739731018e-20
4.928737707049897e-20
4.925359064009585e-20
4.921897154923538e-20
4.918352324105208e-20
4.914724915868048e-20
4.911015274525512e-20
4.907223744391053e-20
4.903350669778121e-20
4.899396395000177e-20
4.895361264370667e-20
4.891245622203046e-20
4.887049812810768e-20
4.882774180507287e-20
4.878419069606056e-20
4.873984824420527e-20
4.869471789264153e-20
4.864880308450388e-20
4.860210726292687e-20
4.855463387104500e-20
4.850638635199281e-20
4.845736814890485e-20
4.840758270491562e-20
4.835703346315970e-20
4.830572386677158e-20
4.825365735888581e-20
4.820083738263693e-20
4.814726738115944e-20
4.809295079758792e-20
4.803789107505686e-20
4.798209165670083e-20
4.792555598565431e-20
4.786828750505189e-20
4.781028965802805e-20
4.775156588771735e-20
4.769211963725433e-20
4.763195434977352e-20
4.757107346840943e-20
4.750948043629661e-20
4.744717869656960e-20
4.738417169236289e-20
4.732046286681107e-20
4.725605566304865e-20
4.719095352421015e-20
4.712515989343009e-20
4.705867821384302e-20
4.699151192858351e-20
4.692366448078602e-20
4.685513931358514e-20
4.678593987011538e-20
4.671606959351127e-20
4.664553192690734e-20
4.657433031343812e-20
4.650246819623816e-20
4.642994901844198e-20
4.635677622318412e-20
4.628295325359909e-20
4.620848355282144e-20
4.613337056398571e-20
4.605761773022643e-20
4.598122849467813e-20
4.590420630047530e-20
4.582655459075254e-20
4.574827680864432e-20
4.566937639728524e-20
4.558985679980977e-20
4.550972145935249e-20
4.542897381904789e-20
4.534761732203055e-20
4.526565541143496e-20
4.518309153039565e-20
4.509992912204720e-20
4.501617162952408e-20
4.493182249596087e-20
4.484688516449208e-20
4.476136307825226e-20
4.467525968037590e-20
4.458857841399759e-20
4.450132272225184e-20
4.441349604827316e-20
4.432510183519611e-20
4.423614352615519e-20
4.414662456428499e-20
4.405654839271997e-20
4.396591845459472e-20
4.387473819304372e-20
4.378301105120155e-20
4.369074047220277e-20
4.359792989918180e-20
4.350458277527326e-20
4.341070254361167e-20
4.331629264733155e-20
4.322135652956743e-20
4.312589763345385e-20
4.302991940212535e-20
4.293342527871643e-20
4.283641870636167e-20
4.273890312819556e-20
4.264088198735267e-20
4.254235872696747e-20
4.244333679017454e-20
4.234381962010846e-20
4.224381065990363e-20
4.214331335269472e-20
4.204233114161618e-20
4.194086746980257e-20
4.183892578038841e-20
4.173650951650824e-20
4.163362212129656e-20
4.153026703788798e-20
4.142644770941698e-20
4.132216757901807e-20
4.121743008982584e-20
4.111223868497477e-20
4.100659680759941e-20
4.090050790083433e-20
4.079397540781398e-20
4.068700277167296e-20
4.057959343554580e-20
4.047175084256702e-20
4.036347843587111e-20
4.025477965859266e-20
4.014565795386619e-20
4.003611676482621e-20
3.992615953460728e-20
3.981578970634391e-20
3.970501072317064e-20
3.959382602822201e-20
3.948223906463253e-20
3.937025327553675e-20
3.925787210406921e-20
3.914509899336443e-20
3.903193738655694e-20
3.891839072678128e-20
3.880446245717197e-20
3.869015602086356e-20
3.857547486099057e-20
3.846042242068753e-20
3.834500214308898e-20
3.822921747132945e-20
3.811307184854346e-20
3.799656871786556e-20
3.787971152243029e-20
3.776250370537215e-20
3.764494870982570e-20
3.752704997892546e-20
3.740881095580597e-20
3.729023508360175e-20
3.717132580544734e-20
3.705208656447727e-20
3.693252080382608e-20
3.681263196662830e-20
3.669242349601844e-20
3.657189883513106e-20
3.645106142710068e-20
3.632991471506183e-20
3.620846214214906e-20
3.608670715149688e-20
3.596465318623983e-20
3.584230368951245e-20
3.571966210444927e-20
3.559673187418480e-20
3.547351644185361e-20
3.535001925059020e-20
3.522624374352911e-20
3.510219336380489e-20
3.497787155455206e-20
3.485328175890513e-20
3.472842741999867e-20
3.460331198096719e-20
3.447793888494523e-20
3.435231157506732e-20
3.422643349446798e-20
3.410030808628177e-20
3.397393879364321e-20
3.384732905968682e-20
3.372048232754715e-20
3.359340204035871e-20
3.346609164125604e-20
3.333855457337370e-20
3.321079427984618e-20
3.308281420380804e-20
3.295461778839381e-20
3.282620847673800e-20
3.269758971197517e-20
3.256876493723984e-20
3.243973759566654e-20
3.231051113038981e-20
3.218108898454418e-20
3.205147460126417e-20
3.192167142368432e-20
3.179168289493918e-20
3.166151245816325e-20
3.153116355649108e-20
3.140063963305721e-20
3.126994413099616e-20
3.113908049344246e-20
3.100805216353065e-20
3.087686258439527e-20
3.074551519917083e-20
3.061401345099187e-20
3.048236078299293e-20
3.035056063830856e-20
3.021861646007324e-20
3.008653169142155e-20
2.995430977548799e-20
2.982195415540711e-20
2.968946827431345e-20
2.955685557534153e-20
2.942411950162588e-20
2.929126349630104e-20
2.915829100250153e-20
2.902520546336189e-20
2.889201032201666e-20
2.875870902160036e-20
2.862530500524754e-20
2.849180171609271e-20
2.835820259727040e-20
2.822451109191517e-20
2.809073064316152e-20
2.795686469414402e-20
2.782291668799716e-20
2.768889006785551e-20
2.755478827685357e-20
2.742061475812588e-20
2.728637295480700e-20
2.715206631003144e-20
2.701769826693372e-20
2.688327226864840e-20
2.674879175830999e-20
2.661426017905302e-20
2.647968097401206e-20
2.634505758632159e-20
2.621039345911616e-20
2.607569203553034e-20
2.594095675869861e-20
2.580619107175552e-20
2.567139841783561e-20
2.553658224007342e-20
2.540174598160345e-20
2.526689308556026e-20
2.513202699507839e-20
2.499715115329234e-20
2.486226900333666e-20
2.472738398834589e-20
2.459249955145454e-20
2.445761913579717e-20
2.432274618450829e-20
2.418788414072243e-20
2.405303644757415e-20
2.391820654819796e-20
2.378339788572840e-20
2.364861390329998e-20
2.351385804404727e-20
2.337913375110477e-20
2.324444446760702e-20
2.310979363668860e-20
2.297518470148396e-20
2.284062110512767e-20
2.270610629075428e-20
2.257164370149830e-20
2.243723678049426e-20
2.230288897087672e-20
2.216860371578019e-20
2.203438445833919e-20
2.190023464168827e-20
2.176615770896198e-20
2.163215710329482e-20
2.149823626782132e-20
2.136439864567605e-20
2.123064767999350e-20
2.109698681390822e-20
2.096341949055476e-20
2.082994915306763e-20
2.069657924458136e-20
2.056331320823050e-20
2.043015448714955e-20
2.029710652447307e-20
2.016417276333561e-20
2.003135664687167e-20
1.989866161821577e-20
1.976609112050248e-20
1.963364859686631e-20
1.950133749044179e-20
1.936916124436347e-20
1.923712330176588e-20
1.910522710578353e-20
1.897347609955098e-20
1.884187372620272e-20
1.871042342887332e-20
1.857912865069732e-20
1.844799283480923e-20
1.831701942434358e-20
1.818621186243490e-20
1.805557359221775e-20
1.792510805682663e-20
1.779481869939610e-20
1.766470896306068e-20
1.753478229095488e-20
1.740504212621326e-20
1.727549191197036e-20
1.714613509136067e-20
1.701697510751877e-20
1.688801540357918e-20
1.675925942267640e-20
1.663071060794499e-20
1.650237240251949e-20
1.637424824953440e-20
1.624634159212430e-20
1.611865587342368e-20
1.599119453656709e-20
1.586396102468904e-20
1.573695878092411e-20
1.561019124840678e-20
1.548366187027162e-20
1.535737408965314e-20
1.523133134968589e-20
1.510553709350438e-20
1.497999476424315e-20
1.485470780503676e-20
1.472967965901971e-20
1.460491376932653e-20
1.448041357909178e-20
1.435618253144996e-20
1.423222406953562e-20
1.410854163648331e-20
1.398513867542752e-20
1.386201862950281e-20
1.373918494184371e-20
1.361664105558474e-20
1.349439041386044e-20
1.337243645980537e-20
1.325078263655401e-20
1.312943238724092e-20
1.300838915500063e-20
1.288765638296767e-20
1.276723751427657e-20
1.264713599206190e-20
1.252735525945813e-20
1.240789875959982e-20
1.228876993562149e-20
1.216997223065772e-20
1.205150908784298e-20
1.193338395031185e-20
1.181560026119884e-20
1.169816146363847e-20
1.158107100076528e-20
1.146433231571383e-20
1.134794885161863e-20
1.123192405161420e-20
1.111626135883509e-20
1.100096421641582e-20
1.088603606749093e-20
1.077148035519497e-20
1.065730052266245e-20
1.054350001302790e-20
1.043008226942585e-20
1.031705073499085e-20
1.020440885285741e-20
1.009216006616009e-20
9.980307818033413e-21
9.868855551611883e-21
9.757806710030075e-21
9.647164736422485e-21
9.536933073923660e-21
9.427115165668141e-21
9.317714454790473e-21
9.208734384425142e-21
9.100178397706706e-21
8.992049937769706e-21
8.884352447748658e-21
8.777089370778119e-21
8.670264149992589e-21
8.563880228526612e-21
8.457941049514724e-21
8.352450056091463e-21
8.247410691391347e-21
8.142826398548928e-21
8.038700620698721e-21
7.935036800975255e-21
7.831838382513075e-21
7.729108808446710e-21
7.626851521910683e-21
7.525069966039550e-21
7.423767583967829e-21
7.322947818830028e-21
7.222614113760708e-21
7.122769911894413e-21
7.023418656365635e-21
6.924563790308945e-21
6.826208756858854e-21
6.728356999149894e-21
6.631011960316594e-21
6.534177083493500e-21
6.437855811815147e-21
6.342051588416056e-21
6.246767856430755e-21
6.152008058993798e-21
6.057775639239680e-21
5.964074040302962e-21
5.870906705318195e-21
5.778277077419859e-21
5.686188599742512e-21
5.594644715420700e-21
5.503648867588934e-21
5.413204499381753e-21
5.323315053933709e-21
5.233983974379296e-21
5.145214703853064e-21
5.057010685489560e-21
4.969375362423295e-21
4.882312177788807e-21
4.795824574720656e-21
4.709915996353327e-21
4.624589885821373e-21
4.539849686259339e-21
4.455698840801736e-21
4.372140792583103e-21
4.289178984737988e-21
4.206816860400912e-21
4.125057862706390e-21
4.043905434788976e-21
3.963363019783204e-21
3.883434060823601e-21
3.804122001044683e-21
3.725430283581003e-21
3.647362351567077e-21
3.569921648137457e-21
3.493111616426671e-21
3.416935699569235e-21
3.341397340699683e-21
3.266499982952568e-21
3.192247069462399e-21
3.118642043363723e-21
3.045688347791067e-21
2.973389425878972e-21
2.901748720761948e-21
2.830769675574553e-21
2.760455733451303e-21
2.690810337526727e-21
2.621836930935369e-21
2.553538956811772e-21
2.485919858290431e-21
2.418983078505913e-21
2.352732060592732e-21
2.287170247685429e-21
2.222301082918538e-21
2.158128009426587e-21
2.094654470344098e-21
2.031883908805612e-21
1.969819767945674e-21
1.908465490898794e-21
1.847824520799520e-21
1.787900300782372e-21
1.728696273981896e-21
1.670215883532610e-21
1.612462572569059e-21
1.555439784225765e-21
1.499150961637263e-21
1.443599547938104e-21
1.388788986262786e-21
1.334722719745856e-21
1.281404191521860e-21
1.228836844725313e-21
1.177024122490757e-21
1.125969467952718e-21
1.075676324245720e-21
1.026148134504314e-21
9.773883418630228e-22
9.294003894563858e-22
8.821877204189255e-22
8.357537778851698e-22
7.901020049896710e-22
7.452358448669391e-22
7.011587406515203e-22
6.578741354779427e-22
6.153854724807404e-22
5.736961947944354e-22
5.328097455535739e-22
4.927295678926840e-22
4.534591049462878e-22
4.150017998489495e-22
3.773610957351491e-22
3.405404357394627e-22
3.045432629964005e-22
2.693730206405146e-22
2.350331518063090e-22
2.015270996283359e-22
1.688583072411234e-22
1.370302177792056e-22
1.060462743771106e-22
7.590992016936650e-23
4.662459829051344e-23
1.819375187509155e-23
-9.379175942389128e-24
-3.609074202738245e-23
-6.193750324536030e-23
-8.691601646177655e-23
-1.110228385421272e-22
-1.342545263518479e-22
-1.566076367564228e-22
-1.780787266213297e-22
-1.986643528120285e-22
-2.183610721939790e-22
-2.371654416326471e-22
-2.550740179935169e-22
-2.720833581420420e-22
-2.881900189436945e-22
-3.033905572639462e-22
-3.176815299682691e-22
-3.310594939221109e-22
-3.435210059909556e-22
-3.550626230402691e-22
-3.656809019355173e-22
-3.753723995421720e-22
-3.841336727256932e-22
-3.919612783515467e-22
-3.988517732852105e-22
-4.048017143921564e-22
-4.098076585378383e-22
-4.138661625877342e-22
-4.169737834072917e-22
-4.191270778620070e-22
-4.203226028173339e-22
-4.205569151387383e-22
-4.198265716916920e-22
-4.181281293416669e-22
-4.154581449541170e-22
-4.118131753945261e-22
-4.071897775283482e-22
-4.015845082210610e-22
-3.949939243381366e-22
-3.874145827450287e-22
-3.788430403072154e-22
-3.692758538901504e-22
-3.587095803593237e-22
-3.471407765801831e-22
-3.345659994182126e-22
-3.209818057388479e-22
-3.063847524076031e-22
-2.907713962899321e-22
-2.741382942512767e-22
-2.564820031571267e-22
-2.377990798729421e-22
-2.180860812642009e-22
-1.973395641963627e-22
-1.755560855348937e-22
-1.527322021452596e-22
-1.288644708929383e-22
-1.039494486433958e-22
-7.798369226209185e-23
-5.096375861449844e-23
-2.288620456608142e-23
6.252383771440060e-24
3.644922008438394e-23
6.768768458947399e-23
9.994928574434518e-23
1.332155320066404e-22
1.674679318340032e-22
2.026879936840639e-22
2.388572260144705e-22
2.759571372828577e-22
3.139692359468550e-22
3.528750304641203e-22
3.926560292922834e-22
4.332937408889783e-22
4.747696737118541e-22
5.170653362185448e-22
5.601622368666788e-22
6.040418841139165e-22
6.486857864178866e-22
6.940754522362278e-22
7.401923900265736e-22
7.870181082465744e-22
8.345341153538577e-22
8.827219198060684e-22
9.315630300608517e-22
9.810389545758406e-22
1.031131201808668e-21
1.081821280216985e-21
1.133090698258419e-21
1.184920964390615e-21
1.237293587071218e-21
1.290190074757861e-21
1.343591935908177e-21
1.397480678979810e-21
1.451837812430408e-21
1.506644844717595e-21
1.561883284299024e-21
1.617534639632328e-21
1.673580419175138e-21
1.730002131385101e-21
1.786781284719863e-21
1.843899387637048e-21
1.901337948594310e-21
1.959078476049281e-21
2.017102478459599e-21
2.075391464282891e-21
2.133926941976823e-21
2.192690419999019e-21
2.251663406807113e-21
2.310827410858758e-21
2.370163940611584e-21
2.429654504523218e-21
2.489280611051327e-21
2.549023768653535e-21
2.608865485787474e-21
2.668787270910799e-21
2.728770632481133e-21
2.788797078956122e-21
2.848848118793414e-21
2.908905260450640e-21
2.968950012385432e-21
3.028963883055442e-21
3.088928380918297e-21
3.148825014431643e-21
3.208635292053124e-21
3.268340722240374e-21
3.327922813451024e-21
3.387363074142728e-21
3.446643012773110e-21
3.505744137799825e-21
3.564647957680496e-21
3.623335980872776e-21
3.681789715834299e-21
3.739990671022695e-21
3.797920354895611e-21
3.855560275910694e-21
3.912891942525567e-21
3.969896863197885e-21
4.026556546385278e-21
4.082852500545381e-21
4.138766234135838e-21
4.194279255614296e-21
4.249373073438379e-21
4.304029196065740e-21
4.358229131954012e-21
4.411954389560828e-21
4.465186477343831e-21
4.517906903760669e-21
4.570097177268968e-21
4.621738806326379e-21
4.672813299390536e-21
4.723302164919065e-21
4.773186911369628e-21
4.822449047199854e-21
4.871070080867376e-21
4.919031520829844e-21
4.966314875544892e-21
5.012901653470152e-21
5.058773363063270e-21
5.103911512781889e-21
5.148297611083646e-21
5.191913166426171e-21
5.234739687267116e-21
5.276758682064108e-21
5.317951659274793e-21
5.358300127356814e-21
5.397785594767805e-21
5.436389569965401e-21
5.474093561407249e-21
5.510879077550981e-21
5.546727626854239e-21
5.581620717774667e-21
5.615539858769899e-21
5.648466558297570e-21
5.680382324815325e-21
5.711268666780807e-21
5.741107092651645e-21
5.769879110885487e-21
5.797566229939967e-21
5.824149958272722e-21
5.849611804341396e-21
5.873933276603626e-21
5.897095883517054e-21
5.919081133539314e-21
5.939870535128047e-21
5.959445596740895e-21
5.977787826835490e-21
5.994878733869480e-21
6.010699826300498e-21
6.025232612586185e-21
6.038458601184181e-21
6.050359300552123e-21
6.060916219147649e-21
6.070110865428403e-21
6.077924747852020e-21
6.084339374876140e-21
6.089336254958403e-21
6.092896896556449e-21
6.095002808127914e-21
6.095635498130438e-21
6.094776475021660e-21
6.092407247259221e-21
6.088509323300757e-21
6.083064211603911e-21
6.076053420626319e-21
6.067458458825620e-21
6.057260834659456e-21
6.045442056585463e-21
6.031983633061281e-21
6.016867072544551e-21
6.000073883492907e-21
5.981585574363994e-21
5.961383653615446e-21
5.939449629704904e-21
5.915765011090010e-21
5.890311306228402e-21
5.863070023577716e-21
5.834022671595594e-21
5.803150758739671e-21
5.770435793467588e-21
5.735859284236989e-21
5.699402739505510e-21
5.661047667730784e-21
5.620775577370460e-21
5.578567976882167e-21
5.534406374723550e-21
5.488272279352260e-21
5.440147199225910e-21
5.390012642802153e-21
5.337850118538634e-21
5.283641134892979e-21
5.227367200322833e-21
5.169009823285843e-21
5.108550512239641e-21
5.045970775641859e-21
4.981252121950142e-21
4.914376059622141e-21
4.845324097115473e-21
4.774077742887798e-21
4.700618505396744e-21
4.624927893099943e-21
4.546987414455043e-21
4.466778577919691e-21
4.384282891951509e-21
4.299481865008153e-21
4.212357005547258e-21
4.122889822026445e-21
4.031061822903367e-21
3.936854516635673e-21
3.840249411680993e-21
3.741228016496954e-21
3.639771839541218e-21
3.535862389271399e-21
3.429481174145149e-21
3.320609702620121e-21
3.209229483153944e-21
3.095322024204236e-21
2.978868834228654e-21
2.859851421684850e-21
2.738251295030436e-21
2.614049962723064e-21
2.487228933220406e-21
2.357769714980036e-21
2.225653816459627e-21
2.090862746116816e-21
1.953378012409281e-21
1.813181123794585e-21
1.670253588730423e-21
1.524576915674399e-21
1.376132613084169e-21
1.224902189417372e-21
1.070867153131647e-21
9.140090126846725e-22
7.543092765340303e-22
5.917494531373606e-22
4.263110509523165e-22
2.579755784365393e-22
8.672454404766918e-23
-8.745660607324776e-23
-2.644918590678805e-22
-4.442146353604489e-22
-6.264544176917835e-22
-8.110406888027366e-22
-9.978029314341611e-22
-1.186570628326838e-21
-1.377173262221762e-21
-1.569440315859714e-21
-1.763201271981548e-21
-1.958285613328115e-21
-2.154522822640269e-21
-2.351742382658788e-21
-2.549773776124672e-21
-2.748446485778700e-21
-2.947589994361725e-21
-3.147033784614599e-21
-3.346607339278149e-21
-3.546140141093278e-21
-3.745461672800764e-21
-3.944401417141560e-21
-4.142788856856467e-21
-4.340453474686339e-21
-4.537224753372002e-21
-4.732932175654360e-21
-4.927405224274190e-21
-5.120473381972445e-21
-5.311966131489927e-21
-5.501712955567487e-21
-5.689543336945956e-21
-5.875286758366234e-21
-6.058772702569102e-21
-6.239830652295508e-21
-6.418290090286254e-21
-6.593980499282196e-21
-6.766731362024164e-21
-6.936372161253054e-21
-7.102732379709653e-21
-7.265641500134901e-21
-7.424929005269605e-21
-7.580424377854618e-21
-7.731957100630776e-21
-7.879356656338968e-21
-8.022452527720027e-21
-8.161074197514773e-21
-8.295051148464125e-21
-8.424212863308889e-21
-8.548388824789959e-21
-8.667408515648131e-21
-8.781101418624287e-21
-8.889297016459279e-21
-8.991824791893959e-21
-9.088514227669207e-21
-9.179194806525821e-21
-9.263696011204705e-21
-9.341847324446666e-21
-9.413478228992562e-21
-9.478418207583297e-21
-9.536496742959670e-21
-9.587543317862565e-21
-9.631387415032810e-21
-9.667858517211269e-21
-9.696786107138797e-21
-9.717999667556243e-21
-9.731328681204465e-21
-9.736602630824309e-21
-9.733650999156629e-21
-9.722303268942276e-21
-9.702388922922109e-21
-9.673737443836978e-21
-9.636178314427733e-21
-9.589541017435217e-21
-9.533655035600305e-21
-9.468349851663837e-21
-9.393454948366650e-21
-9.308799808449654e-21
-9.214213914653613e-21
-9.109526749719455e-21
-8.994567796388003e-21
-8.869166537400080e-21
-8.733152455496601e-21
-8.586355033418388e-21
-8.428603753906296e-21
-8.259728099701129e-21
-8.079557553543832e-21
-7.887921598175206e-21
-7.684649716336061e-21
-7.469571390767400e-21
-7.242516104209865e-21
-7.003313339404472e-21
-6.751792579092015e-21
-6.487783306013285e-21
-6.211115002909268e-21
-5.921617152520743e-21
-5.619119237588572e-21
-5.303450740853522e-21
-4.974441145056600e-21
-4.631919932938591e-21
-4.275716587240250e-21
-3.905660590702609e-21
-3.521581426066436e-21
-3.123308576072573e-21
-2.710671523461888e-21
-2.283499750975116e-21
-1.841622741353326e-21
-1.384869977337144e-21
-9.130709416677743e-22
-4.260551170857269e-22
7.634752985339681e-23
5.940909465846968e-22
1.126573571598914e-21
1.673105807018208e-21
2.232998054965141e-21
2.805560717562139e-21
3.390104196931631e-21
3.985938895196195e-21
4.592375214477962e-21
5.208723556899661e-21
5.834294324583255e-21
6.468397919651639e-21
7.110344744227247e-21
7.759445200432186e-21
8.415009690389206e-21
9.076348616220410e-21
9.742772380048385e-21
1.041359138399557e-20
1.108811603018437e-20
1.176565672073741e-20
1.244552385777677e-20
1.312702784342521e-20
1.380947907980482e-20
1.449218796903803e-20
1.517446491324778e-20
1.585562031455598e-20
1.653496457508541e-20
1.721180809695815e-20
1.788546128229681e-20
1.855523453322379e-20
1.922043825186155e-20
1.988038284033267e-20
2.053437870075924e-20
2.118173623526403e-20
2.182176584596912e-20
2.245377793499697e-20
2.307708290447047e-20
2.369099115651158e-20
2.429481309324302e-20
2.488785911678693e-20
2.546943962926589e-20
2.603886503280246e-20
2.659544572951865e-20
2.713849212153745e-20
2.766731461098087e-20
2.818122359997148e-20
2.867952949063183e-20
2.916154268508408e-20
2.962657358545082e-20
3.007393259385445e-20
3.050293011241751e-20
3.091287654326222e-20
3.130308228851112e-20
3.167285775028671e-20
3.202151333071117e-20
3.234835943190725e-20
3.265270645599715e-20
3.293386480510337e-20
3.319114488134841e-20
3.342385708685455e-20
3.363131182374430e-20
3.381281949414009e-20
3.396769050016438e-20
3.409523524393952e-20
3.419476412758798e-20
3.426558755323220e-20
3.430701592299457e-20
3.431835963899755e-20
3.429892910336355e-20
3.424803471821502e-20
3.416498688567435e-20
3.404909600786401e-20
3.389967248690638e-20
3.371602672492400e-20
3.349746912403911e-20
3.324331008637430e-20
3.295286001405196e-20
3.262542930919440e-20
3.226032837392425e-20
3.185686761036382e-20
3.141435742063557e-20
3.093210820686191e-20
3.040943037116514e-20
2.984563431566795e-20
2.924003044249248e-20
2.859192915376163e-20
2.790064085159736e-20
2.716547593812207e-20
2.638574481545855e-20
2.556075788572883e-20
2.468982555105576e-20
2.377225821356157e-20
2.280736627536869e-20
2.179446013859953e-20
2.073285020537627e-20
1.962184687782186e-20
1.846076055805816e-20
1.724890164820819e-20
1.598558055039441e-20
1.467010766673829e-20
1.330179339936323e-20
1.187994815039095e-20
1.040388232194460e-20
8.872906316146279e-21
7.286330535118386e-21
5.643465380983365e-21
3.943621255863210e-21
2.186108561881199e-21
3.702377011589012e-22
-1.504018428372983e-21
-3.431790670707745e-21
-5.406015352478167e-21
-7.419618448817086e-21
-9.465525934859812e-21
-1.153666378573962e-20
-1.362595797659134e-20
-1.572633448254977e-20
-1.783071927874767e-20
-1.993203834032143e-20
-2.202321764240379e-20
-2.409718316013007e-20
-2.614686086863357e-20
-2.816517674304909e-20
-3.014505675851095e-20
-3.207942689015345e-20
-3.396121311311136e-20
-3.578334140251803e-20
-3.753873773350826e-20
-3.922032808121676e-20
-4.082103842077660e-20
-4.233379472732368e-20
-4.375152297599115e-20
-4.506714914191369e-20
-4.627359920022590e-20
-4.736379912606147e-20
-4.833067489455503e-20
-4.916715248084089e-20
-4.986615786005350e-20
-5.042061700732683e-20
-5.082345589779536e-20
-5.106760050659344e-20
-5.114597680885526e-20
-5.105151077971519e-20
-5.077712839430755e-20
-5.031575562776664e-20
-4.966031845522656e-20
-4.880374285182198e-20
-4.773895479268673e-20
-4.645888025295602e-20
-4.495644520776287e-20
-4.322457563224264e-20
-4.125619750152924e-20
-3.904423679075643e-20
-3.658161947505962e-20
-3.386127152957257e-20
-3.087611892942962e-20
-2.761908764976502e-20
-2.408310366571220e-20
-2.026109295240721e-20
-1.614598148498248e-20
-1.173069523857546e-20
-7.008160188317298e-21
-1.971302309342054e-21
3.383434945171483e-21
9.011854840151312e-21
1.483534563535703e-20
2.077453581529688e-20
2.675005386447169e-20
3.268252826739133e-20
3.849258750856107e-20
4.410086007248333e-20
4.942797444366622e-20
5.439455910661241e-20
5.892124254582755e-20
6.292865324582021e-20
6.633741969109251e-20
6.906817036615147e-20
7.104153375550105e-20
7.217813834364737e-20
7.239861261509579e-20
7.162358505435164e-20
6.977368414591969e-20
6.676953837430618e-20
6.253177622401488e-20
5.698102617955331e-20
5.003791672542780e-20
4.162307634613793e-20
3.165713352619482e-20
2.006071675009875e-20
6.754454502360921e-21
-8.330557068613358e-21
-2.506009605055151e-20
-4.311575206640579e-20
-6.217244591025567e-20
-8.190509837614865e-20
-1.019886302581559e-19
-1.220979623503289e-19
-1.419080154467340e-19
-1.610937103414328e-19
-1.793299678284867e-19
-1.962917087019613e-19
-2.116538537559096e-19
-2.250913237843973e-19
-2.362790395814886e-19
-2.448919219412374e-19
-2.506048916577138e-19
-2.530928695249739e-19
-2.520307763370808e-19
-2.470935328880943e-19
-2.379560599720785e-19
-2.242932783830939e-19
-2.057801089152022e-19
-1.820914723624581e-19
-1.529022895189351e-19
-1.178874811786891e-19
-7.672196813577080e-20
-2.908067118427494e-20
2.533800882305240e-20
8.614405607978965e-20
1.521594073213894e-19
2.221631296561855e-19
2.949342901924586e-19
3.692519560385607e-19
4.438951943027514e-19
5.176430720934214e-19
5.892746565188307e-19
6.575690146873138e-19
7.213052137072021e-19
7.792623206867796e-19
8.302194027343786e-19
8.729555269583154e-19
9.062497604669058e-19
9.288811703684700e-19
9.396288237713127e-19
9.372717877837543e-19
9.205891295141181e-19
8.883599160707131e-19
8.393632145618428e-19
7.723780920958478e-19
6.861836157810099e-19
5.795588527256880e-19
4.512828700381791e-19
3.001347348267989e-19
1.248935141998637e-19
-7.555310352111872e-20
-2.969842482485756e-19
-5.275298833990423e-19
-7.547291850437898e-19
-9.661213292542142e-19
-1.149245492101854e-18
-1.291640849657949e-18
-1.380846577993952e-18
-1.404401853181205e-18
-1.349845851291126e-18
-1.204717748395105e-18
-9.565567205645308e-19
-5.929019438706843e-19
-1.012925943851356e-19
5.249844943344776e-19
1.252630883165163e-18
2.031336693795381e-18
2.810729692956884e-18
3.540437647380242e-18
4.170088323796952e-18
4.649309488937853e-18
4.927728909534276e-18
4.954974352317382e-18
4.680673584018333e-18
4.054454371368086e-18
3.025944481098104e-18
1.544771679939006e-18
-4.373400417443580e-19
-2.768136365629457e-18
-4.931629587442173e-18
-6.373421185339626e-18
-6.539112637478770e-18
-4.874305422016527e-18
-8.246010171102428e-19
6.115013997911614e-18
1.533019117059775e-17
2.509630833921652e-17
3.364117591147833e-17
3.919260429510337e-17
3.997840389780885e-17
3.422638512731174e-17
2.112367647546665e-17
8.750601623701253e-18
1.000763455876440e-17
3.784287157248967e-17
1.052044089567066e-16
2.250403430032844e-16
4.102987700039415e-16
6.746229228299192e-16
1.034797341251958e-15
1.508493484833603e-15
2.126032328419995e-15
3.128450763962955e-15
4.930712840377352e-15
7.952880825194025e-15
1.258789482583765e-14
1.916601789152915e-14
2.800868661826204e-14
3.999135564811019e-14
6.006353912742456e-14
9.499277347033438e-14
1.516982175853647e-13
2.421850779634446e-13
3.877053201340258e-13
6.376449912846308e-13
1.061764296980548e-12
1.751083921284121e-12
2.967863813035528e-12
5.247674610740262e-12
9.446864105983995e-12
1.729503796242586e-11
3.241233850045746e-11
6.274209552585708e-11
1.239401539388486e-10
2.487169571086712e-10
5.025397563535671e-10
1.010381459372855e-09
1.998039771393399e-09
3.853511670227549e-09
7.225573531633142e-09
1.320830248376514e-08
2.372625455409171e-08
4.235656567623292e-08
7.601113386017678e-08
1.381797872725702e-07
2.547904032813325e-07
4.738596690048484e-07
8.795862234423861e-07
1.609358753681783e-06
2.867330823488825e-06
4.921952899962348e-06
8.069533928935289e-06
1.254927994497479e-05
1.841319397638556e-05
2.540401927573889e-05
3.282522189887789e-05
3.963283391510722e-05
4.467362855917572e-05
4.702914732765757e-05
4.630363403622974e-05
4.275216142950601e-05
3.716594592424325e-05
3.058496628480553e-05
2.397307683918330e-05
1.802034192480489e-05
1.307755980108288e-05
9.221065466835973e-06
6.372439233674193e-06
4.335565962862198e-06
2.910038715568793e-06
1.931395636359033e-06
1.266241449407071e-06
8.296504924357062e-07
5.551995523994333e-07
3.698456916156688e-07
2.438860305248394e-07
1.610717092568105e-07
1.057264435767592e-07
6.815952123009014e-08
4.401661931136415e-08
2.960299208218782e-08
2.140766531402162e-08
1.598080332374333e-08
1.149865532482227e-08
7.901710443188576e-09
5.218881141750343e-09
3.422404407176006e-09
2.307396503549838e-09
1.634468255273174e-09
1.176660543014442e-09
8.367500268692108e-10
5.946981989082868e-10
4.314895466664179e-10
3.281085576784297e-10
2.655397194792167e-10
2.247675196035923e-10
1.893537136708889e-10
1.557797755655093e-10
1.245670683914425e-10
9.623832903585803e-11
7.131629438589582e-11
5.032370132872695e-11
3.378249858431187e-11
2.188119134747530e-11
1.395871158019263e-11
9.220658144953935e-12
6.872629904252381e-12
6.120225720577370e-12
6.169044456419825e-12
6.233050518805652e-12
5.890561481955769e-12
5.217180935602968e-12
4.324273522152316e-12
3.323203884009633e-12
2.325336663580304e-12
1.442036503268955e-12
7.787049482114064e-13
3.547485415543515e-13
1.249890367466090e-13
4.267746967823855e-14
6.106487623945980e-14
1.334022923204541e-13
2.129407538114454e-13
2.584409752325804e-13
2.648156944434292e-13
2.415516810760198e-13
1.981759516144067e-13
1.442155225425881e-13
8.919741034463767e-14
4.264803611681987e-14
1.154699524440734e-14
-5.500059009768651e-15
-1.160599727742837e-14
-9.883690190292072e-15
-3.446008380078068e-15
4.594177521489503e-15
1.114018567922442e-14
1.441361043012966e-14
1.490865373346121e-14
1.334450397680892e-14
1.044034954776263e-14
6.915378833911271e-15
3.488780222846608e-15
8.580182828724358e-16
-7.312802305721224e-16
-1.460260680378930e-15
-1.526773990280964e-15
-1.128671084010128e-15
-4.638028852985129e-16
2.699796821213260e-16
8.899260178989995e-16
1.344714262227900e-15
1.650694374900623e-15
1.824775586946155e-15
1.883867129393363e-15
1.844878233271263e-15
1.724718129608770e-15
1.540296049434952e-15
1.308521223778587e-15
1.046302883668786e-15
7.705502601344504e-16
4.981725842044692e-16
2.460790869079354e-16
3.114737561107054e-17
-1.359446383111687e-16
-2.581114642526599e-16
-3.400701374968136e-16
-3.865376933271848e-16
-4.022311670272927e-16
-3.918675938806494e-16
-3.601640091707813e-16
-3.118374481812069e-16
-2.516049461954452e-16
-1.841835384969978e-16
-1.142902603694178e-16
-4.664214709619238e-17
1.404376603911098e-17
6.333937015696036e-17
1.002266261884061e-16
1.259121470592325e-16
1.416407446004060e-16
1.486572306428826e-16
1.482064170176310e-16
1.415331155556149e-16
1.298821380877979e-16
1.144982964451395e-16
9.662640245861122e-17
7.751126795916844e-17
5.839770477778453e-17
4.053052474542290e-17
2.515409863875655e-17
1.314576194733068e-17
4.350271491987930e-18
-1.567871426649152e-18
-4.944165507965501e-18
-6.114109451341218e-18
-5.413201956159770e-18
-3.176941721801655e-18
2.591725523501421e-19
4.559642166915384e-18
9.388968422510075e-18
1.441165261975215e-17
1.929219605926357e-17
2.369510004165880e-17
2.729831967118283e-17
3.000248725435673e-17
3.189128400917311e-17
3.305382376126785e-17
3.357922033627683e-17
3.355658755983586e-17
3.307503925758085e-17
3.222368925514747e-17
3.109165137817207e-17
2.976803945229068e-17
2.834196730313815e-17
2.690254875635140e-17
2.553889763756562e-17
2.434012720770719e-17
2.337505899489944e-17
2.263860355784192e-17
2.210884817268386e-17
2.176388011557349e-17
2.158178666265989e-17
2.154065509009172e-17
2.161857267401778e-17
2.179362669058678e-17
2.204390441594751e-17
2.234749312624871e-17
2.268248009763924e-17
2.302695260626770e-17
2.335899792828292e-17
2.365716785762629e-17
2.391135233310036e-17
2.412315527186195e-17
2.429472030061721e-17
2.442819104607254e-17
2.452571113493418e-17
2.458942419390850e-17
2.462147384970180e-17
2.462400372902040e-17
2.459915745857060e-17
2.454907866505873e-17
2.447591097519111e-17
2.438179801567401e-17
2.426888341321381e-17
2.413931079451680e-17
2.399522378628929e-17
2.383876601523759e-17
2.367208110806798e-17
2.349731269148685e-17
2.331660439220044e-17
2.313209983691520e-17
2.294594265233725e-17
2.276027646517305e-17
2.257724490212887e-17
2.239899158991097e-17
2.222766015522577e-17
2.206539422477953e-17
2.191430845010195e-17
2.177539107273162e-17
2.164816708778782e-17
2.153206369916880e-17
2.142650811077272e-17
2.133092752649786e-17
2.124474915024232e-17
2.116740018590438e-17
2.109830783738222e-17
2.103689930857403e-17
2.098260180337804e-17
2.093484252569243e-17
2.089304867941545e-17
2.085664746844526e-17
2.082506609668006e-17
2.079773176801809e-17
2.077407168635753e-17
2.075351305559659e-17
2.073548307963349e-17
2.071940896236641e-17
2.070471790769357e-17
2.069083711951316e-17
2.067719380172340e-17
2.066321515822249e-17
2.064832839290864e-17
2.063196070968003e-17
2.061353931243489e-17
2.059249503543279e-17
2.056851315770040e-17
2.054169598513479e-17
2.051218447972080e-17
2.048011960344324e-17
2.044564231828696e-17
2.040889358623678e-17
2.037001436927755e-17
2.032914562939410e-17
2.028642832857125e-17
2.024200342879386e-17
2.019601189204673e-17
2.014859468031471e-17
2.009989275558263e-17
2.005004707983533e-17
1.999919861505765e-17
1.994748832323440e-17
1.989505716635043e-17
1.984204610639055e-17
1.978859610533963e-17
1.973484812518248e-17
1.968094312790394e-17
1.962702207548885e-17
1.957322592992202e-17
1.951969565318831e-17
1.946657220727252e-17
1.941399655415952e-17
1.936210935871531e-17
1.931100452403178e-17
1.926067864699167e-17
1.921111618254811e-17
1.916230158565425e-17
1.911421931126320e-17
1.906685381432807e-17
1.902018954980203e-17
1.897421097263817e-17
1.892890253778963e-17
1.888424870020953e-17
1.884023391485100e-17
1.879684263666717e-17
1.875405932061115e-17
1.871186842163610e-17
1.867025439469510e-17
1.862920169474132e-17
1.858869477672786e-17
1.854871809560784e-17
1.850925610633442e-17
1.847029326386070e-17
1.843181402313981e-17
1.839380283912488e-17
1.835624416676902e-17
1.831912246102539e-17
1.828242217684708e-17
1.824612776918726e-17
1.821022369299900e-17
1.817469440323547e-17
1.813952435484979e-17
1.810469800279506e-17
1.807019980202443e-17
1.803601420749102e-17
1.800212567414797e-17
1.796851865694839e-17
1.793517761084540e-17
1.790208699079214e-17
1.786923125174172e-17
1.783659484864729e-17
1.780416223646198e-17
1.777191787013888e-17
1.773984620463114e-17
1.770793169489188e-17
1.767615879587423e-17
1.764451196253132e-17
1.761297564981628e-17
1.758153431268222e-17
1.755017240608227e-17
1.751887438496957e-17
1.748762470429722e-17
1.745640781901838e-17
1.742520818408616e-17
1.739401025445368e-17
1.736279848507407e-17
1.733155733129492e-17
1.730027489998682e-17
1.726895187461191e-17
1.723759164423849e-17
1.720619759793489e-17
1.717477312476937e-17
1.714332161381028e-17
1.711184645412589e-17
1.708035103478454e-17
1.704883874485452e-17
1.701731297340413e-17
1.698577710950169e-17
1.695423454221548e-17
1.692268866061383e-17
1.689114285376504e-17
1.685960051073740e-17
1.682806502059925e-17
1.679653977241886e-17
1.676502815526456e-17
1.673353355820464e-17
1.670205937030742e-17
1.667060898064119e-17
1.663918577827427e-17
1.660779315227496e-17
1.657643449171156e-17
1.654511318565238e-17
1.651383262316574e-17
1.648259619331992e-17
1.645140728518324e-17
1.642026928782401e-17
1.638918559031053e-17
1.635815958171110e-17
1.632719465109403e-17
1.629629418752763e-17
1.626546158008020e-17
1.623470021782006e-17
1.620401348981549e-17
1.617340478513482e-17
1.614287749284634e-17
1.611243500201836e-17
1.608208070171919e-17
1.605181798101714e-17
1.602165022898050e-17
1.599158083467759e-17
1.596161318717670e-17
1.593175067554616e-17
1.590199668885425e-17
1.587235461616930e-17
1.584282784655959e-17
1.581341976909344e-17
1.578413377283916e-17
1.575497324686505e-17
1.572594158023942e-17
1.569704216203056e-17
1.566827838130681e-17
1.563965314132954e-17
1.561116650841793e-17
1.558281752203982e-17
1.555460522024669e-17
1.552652864109008e-17
1.549858682262147e-17
1.547077880289236e-17
1.544310361995425e-17
1.541556031185864e-17
1.538814791665705e-17
1.536086547240096e-17
1.533371201714190e-17
1.530668658893133e-17
1.527978822582078e-17
1.525301596586175e-17
1.522636884710573e-17
1.519984590760423e-17
1.517344618540876e-17
1.514716871857080e-17
1.512101254514186e-17
1.509497670317345e-17
1.506906023071706e-17
1.504326216582421e-17
1.501758154654638e-17
1.499201741093508e-17
1.496656879704180e-17
1.494123474291807e-17
1.491601428661537e-17
1.489090646618521e-17
1.486591031967908e-17
1.484102488514850e-17
1.481624920064495e-17
1.479158230421995e-17
1.476702323392499e-17
1.474257102781158e-17
1.471822472393120e-17
1.469398336033539e-17
1.466984597507562e-17
1.464581160620340e-17
1.462187929177023e-17
1.459804806982762e-17
1.457431697842707e-17
1.455068505562007e-17
1.452715133945814e-17
1.450371486799275e-17
1.448037467927544e-17
1.445712981135769e-17
1.443397930229100e-17
1.441092219012688e-17
1.438795751291683e-17
1.436508430871235e-17
1.434230161556493e-17
1.431960847152609e-17
1.429700391464733e-17
1.427448701214727e-17
1.425205713235489e-17
1.422971382123804e-17
1.420745662706057e-17
1.418528509808632e-17
1.416319878257910e-17
1.414119722880276e-17
1.411927998502113e-17
1.409744659949804e-17
1.407569662049733e-17
1.405402959628282e-17
1.403244507511837e-17
1.401094260526778e-17
1.398952173499491e-17
1.396818201256358e-17
1.394692298623762e-17
1.392574420428088e-17
1.390464521495717e-17
1.388362556653035e-17
1.386268480726423e-17
1.384182248542266e-17
1.382103814926946e-17
1.380033134706847e-17
1.377970162708353e-17
1.375914853757845e-17
1.373867162681709e-17
1.371827044306328e-17
1.369794453458084e-17
1.367769344963361e-17
1.365751673648542e-17
1.363741394340011e-17
1.361738461864150e-17
1.359742831047345e-17
1.357754456715977e-17
1.355773293696429e-17
1.353799296815086e-17
1.351832420898330e-17
1.349872620772546e-17
1.347919851264117e-17
1.345974067199424e-17
1.344035223404852e-17
1.342103274706785e-17
1.340178175931605e-17
1.338259881905696e-17
1.336348347455442e-17
1.334443527407226e-17
1.332545376587430e-17
1.330653849822439e-17
1.328768901938635e-17
1.326890487762402e-17
1.325018562120124e-17
1.323153079838183e-17
1.321293995742963e-17
1.319441264660847e-17
1.317594841418220e-17
1.315754680841463e-17
1.313920737756960e-17
1.312092966991095e-17
1.310271323370251e-17
1.308455761720812e-17
1.306646236869159e-17
1.304842703641679e-17
1.303045116864752e-17
1.301253431364763e-17
1.299467601968095e-17
1.297687583501131e-17
1.295913330790255e-17
1.294144798661850e-17
1.292381941942299e-17
1.290624715457986e-17
1.288873074035294e-17
1.287126972500606e-17
1.285386365680306e-17
1.283651208400777e-17
1.281921455488402e-17
1.280197061769565e-17
1.278477982070649e-17
1.276764171218037e-17
1.275055584038113e-17
1.273352175357260e-17
1.271653900001861e-17
1.269960712798300e-17
1.268272568572960e-17
1.266589422152224e-17
1.264911228362477e-17
1.263237942030099e-17
1.261569517981476e-17
1.259905911042991e-17
1.258247076041027e-17
1.256592967801967e-17
1.254943541152195e-17
1.253298750918095e-17
1.251658551926048e-17
1.250022899002439e-17
1.248391746973651e-17
1.246765050666067e-17
1.245142764906071e-17
1.243524844520046e-17
1.241911244334376e-17
1.240301919175442e-17
1.238696823869631e-17
1.237095913243323e-17
1.235499142122903e-17
1.233906465334755e-17
1.232317837705260e-17
1.230733214060803e-17
1.229152549227767e-17
1.227575798032536e-17
1.226002915582272e-17
1.224433871973540e-17
1.222868659527096e-17
1.221307272362164e-17
1.219749704597969e-17
1.218195950353734e-17
1.216646003748681e-17
1.215099858902035e-17
1.213557509933019e-17
1.212018950960858e-17
1.210484176104774e-17
1.208953179483992e-17
1.207425955217734e-17
1.205902497425225e-17
1.204382800225688e-17
1.202866857738346e-17
1.201354664082424e-17
1.199846213377145e-17
1.198341499741733e-17
1.196840517295411e-17
1.195343260157402e-17
1.193849722446931e-17
1.192359898283221e-17
1.190873781785495e-17
1.189391367072978e-17
1.187912648264892e-17
1.186437619480462e-17
1.184966274838911e-17
1.183498608459463e-17
1.182034614461341e-17
1.180574286963769e-17
1.179117620085971e-17
1.177664607947169e-17
1.176215244666589e-17
1.174769524363453e-17
1.173327441156984e-17
1.171888989166408e-17
1.170454162510946e-17
1.169022955309824e-17
1.167595361682264e-17
1.166171375747490e-17
1.164750991624725e-17
1.163334203433194e-17
1.161921005292120e-17
1.160511391320726e-17
1.159105355638237e-17
1.157702892363875e-17
1.156303995616864e-17
1.154908659516429e-17
1.153516878181792e-17
1.152128645732177e-17
1.150743956286808e-17
1.149362803964908e-17
1.147985182885702e-17
1.146611087168412e-17
1.145240510932263e-17
1.143873448296477e-17
1.142509893380278e-17
1.141149840302891e-17
1.139793283183539e-17
1.138440216141445e-17
1.137090633295833e-17
1.135744528765926e-17
1.134401896670949e-17
1.133062731130124e-17
1.131727026262676e-17
1.130394776187827e-17
1.129065975024803e-17
1.127740616892825e-17
1.126418695911119e-17
1.125100206198907e-17
1.123785141875413e-17
1.122473497059860e-17
1.121165265871473e-17
1.119860442429475e-17
1.118559020853090e-17
1.117260995261540e-17
1.115966359774050e-17
1.114675108509844e-17
1.113387235588145e-17
1.112102735128176e-17
1.110821601249161e-17
1.109543828070325e-17
1.108269409710890e-17
1.106998340290080e-17
1.105730613927118e-17
1.104466224741229e-17
1.103205166851636e-17
1.101947434377562e-17
1.100693021438231e-17
1.099441922152867e-17
1.098194130640693e-17
1.096949641020934e-17
1.095708447412811e-17
1.094470543935551e-17
1.093235924708374e-17
1.092004583850507e-17
1.090776515481171e-17
1.089551713719592e-17
1.088330172684991e-17
1.087111886496593e-17
1.085896849273621e-17
1.084685055135300e-17
1.083476498200853e-17
1.082271172589502e-17
1.081069072420473e-17
1.079870191812988e-17
1.078674524886271e-17
1.077482065759547e-17
1.076292807760146e-17
1.075106741047833e-17
1.073923854990480e-17
1.072744138955961e-17
1.071567582312149e-17
1.070394174426915e-17
1.069223904668132e-17
1.068056762403674e-17
1.066892737001413e-17
1.065731817829221e-17
1.064573994254972e-17
1.063419255646538e-17
1.062267591371792e-17
1.061118990798605e-17
1.059973443294852e-17
1.058830938228404e-17
1.057691464967136e-17
1.056555012878918e-17
1.055421571331624e-17
1.054291129693126e-17
1.053163677331298e-17
1.052039203614011e-17
1.050917697909140e-17
1.049799149584555e-17
1.048683548008131e-17
1.047570882547739e-17
1.046461142571253e-17
1.045354317446544e-17
1.044250396541486e-17
1.043149369223952e-17
1.042051224861814e-17
1.040955952822944e-17
1.039863542475216e-17
1.038773983186503e-17
1.037687264324676e-17
1.036603375257609e-17
1.035522305353174e-17
1.034444043979244e-17
1.033368580503692e-17
1.032295904294389e-17
1.031226004719210e-17
1.030158871146027e-17
1.029094492942712e-17
1.028032859477138e-17
1.026973960117178e-17
1.025917784230705e-17
1.024864321185590e-17
1.023813560349708e-17
1.022765491090930e-17
1.021720102777129e-17
1.020677384776179e-17
1.019637326455950e-17
1.018599917184317e-17
1.017565146329153e-17
1.016533003258328e-17
1.015503477339718e-17
1.014476557941193e-17
1.013452234430627e-17
1.012430496175892e-17
1.011411332544862e-17
1.010394732905408e-17
1.009380686625404e-17
1.008369183072723e-17
1.007360211615236e-17
1.006353761620817e-17
1.005349822457338e-17
1.004348383492672e-17
1.003349434094691e-17
1.002352963631269e-17
1.001358961470279e-17
1.000367416979591e-17
9.993783195270805e-18
9.983916584806190e-18
9.974074232080791e-18
9.964256030773344e-18
9.954461874562562e-18
9.944691657127180e-18
9.934945272145926e-18
9.925222613297521e-18
9.915523574260698e-18
9.905848048714179e-18
9.896195930336697e-18
9.886567112806974e-18
9.876961489803736e-18
9.867378955005716e-18
9.857819402091632e-18
9.848282724740221e-18
9.838768816630209e-18
9.829277571440311e-18
9.819808882849265e-18
9.810362644535790e-18
9.800938750178619e-18
9.791537093456483e-18
9.782157568048097e-18
9.772800067632196e-18
9.763464485887508e-18
9.754150716492753e-18
9.744858653126663e-18
9.735588189467967e-18
9.726339219195390e-18
9.717111635987652e-18
9.707905333523486e-18
9.698720205481623e-18
9.689556145540781e-18
9.680413047379691e-18
9.671290804677086e-18
9.662189311111680e-18
9.653108460362210e-18
9.644048150133234e-18
9.635008327877813e-18
9.625988974602511e-18
9.616990071942428e-18
9.608011601532674e-18
9.599053545008324e-18
9.590115884004484e-18
9.581198600156253e-18
9.572301675098731e-18
9.563425090467004e-18
9.554568827896176e-18
9.545732869021348e-18
9.536917195477606e-18
9.528121788900051e-18
9.519346630923787e-18
9.510591703183899e-18
9.501856987315494e-18
9.493142464953661e-18
9.484448117733502e-18
9.475773927290108e-18
9.467119875258581e-18
9.458485943274018e-18
9.449872112971511e-18
9.441278365986158e-18
9.432704683953059e-18
9.424151048507312e-18
9.415617441284007e-18
9.407103843918244e-18
9.398610238045126e-18
9.390136605299743e-18
9.381682927317187e-18
9.373249185732566e-18
9.364835362180966e-18
9.356441438297490e-18
9.348067395717234e-18
9.339713216075297e-18
9.331378881006770e-18
9.323064372146753e-18
9.314769671130346e-18
9.306494759592639e-18
9.298239619168732e-18
9.290004231493726e-18
9.281788578202713e-18
9.273592640930786e-18
9.265416401313047e-18
9.257259840984595e-18
9.249122941580520e-18
9.241005684735921e-18
9.232908052085902e-18
9.224830025265549e-18
9.216771585909963e-18
9.208732715654243e-18
9.200713396133485e-18
9.192713608982786e-18
9.184733335837238e-18
9.176772558331944e-18
9.168831258101995e-18
9.160909416782491e-18
9.153007016008529e-18
9.145124037415207e-18
9.137260462637617e-18
9.129416273310859e-18
9.121591451070031e-18
9.113785977550227e-18
9.105999834386544e-18
9.098233003214083e-18
9.090485465667938e-18
9.082757203383200e-18
9.075048197994972e-18
9.067358431138353e-18
9.059687884448432e-18
9.052036539560310e-18
9.044404378109089e-18
9.036791381729855e-18
9.029197532057711e-18
9.021622810727753e-18
9.014067199375081e-18
9.006530679634785e-18
8.999013233141970e-18
8.991514841531727e-18
8.984035486439150e-18
8.976575149499339e-18
8.969133812347392e-18
8.961711456618407e-18
8.954308063947476e-18
8.946923615969699e-18
8.939558094320174e-18
8.932211480633994e-18
8.924883756546257e-18
8.917574903692064e-18
8.910284903706505e-18
8.903013738224683e-18
8.895761388881687e-18
8.888527837312623e-18
8.881313065152579e-18
8.874117054036655e-18
8.866939785599954e-18
8.859781241477563e-18
8.852641403304582e-18
8.845520252716109e-18
8.838417771347246e-18
8.831333940833078e-18
8.824268742808710e-18
8.817222158909242e-18
8.810194170769759e-18
8.803184760025366e-18
8.796193908311159e-18
8.789221597262231e-18
8.782267808376513e-18
8.775332512539111e-18
8.768415662645674e-18
8.761517209849281e-18
8.754637105303024e-18
8.747775300159994e-18
8.740931745573271e-18
8.734106392695947e-18
8.727299192681114e-18
8.720510096681855e-18
8.713739055851256e-18
8.706986021342406e-18
8.700250944308398e-18
8.693533775902310e-18
8.686834467277238e-18
8.680152969586268e-18
8.673489233982485e-18
8.666843211618979e-18
8.660214853648836e-18
8.653604111225149e-18
8.647010935501002e-18
8.640435277629480e-18
8.633877088763676e-18
8.627336320056671e-18
8.620812922661557e-18
8.614306847731423e-18
8.607818046419358e-18
8.601346469878444e-18
8.594892069261771e-18
8.588454795722432e-18
8.582034600413507e-18
8.575631434488088e-18
8.569245249099265e-18
8.562875995400122e-18
8.556523624543744e-18
8.550188087683223e-18
8.543869335971648e-18
8.537567320562104e-18
8.531281992607677e-18
8.525013303261462e-18
8.518761203676538e-18
8.512525645005998e-18
8.506306578402927e-18
8.500103955020419e-18
8.493917726011553e-18
8.487747842529424e-18
8.481594255727116e-18
8.475456916757715e-18
8.469335776774311e-18
8.463230786929993e-18
8.457141898377849e-18
8.451069062270963e-18
8.445012229762425e-18
8.438971352005327e-18
8.432946380152748e-18
8.426937265357781e-18
8.420943958773517e-18
8.414966411553037e-18
8.409004574849434e-18
8.403058399815790e-18
8.397127837605200e-18
8.391212839370745e-18
8.385313356265515e-18
8.379429339442603e-18
8.373560740055088e-18
8.367707509256063e-18
8.361869598198614e-18
8.356046958035833e-18
8.350239539920801e-18
8.344447295006609e-18
8.338670174446350e-18
8.332908129393102e-18
8.327161110999957e-18
8.321429070420004e-18
8.315711958806331e-18
8.310009727312022e-18
8.304322327090169e-18
8.298649709293859e-18
8.292991825076177e-18
8.287348625590213e-18
8.281720061989056e-18
8.276106085425789e-18
8.270506647053506e-18
8.264921698025292e-18
8.259351189494235e-18
8.253795072613419e-18
8.248253298535936e-18
8.242725818414875e-18
8.237212583403318e-18
8.231713544654357e-18
8.226228653321082e-18
8.220757860556574e-18
8.215301117513926e-18
8.209858375346223e-18
8.204429585206558e-18
8.199014698248014e-18
8.193613665623676e-18
8.188226438486640e-18
8.182852967989984e-18
8.177493205286802e-18
8.172147101530181e-18
8.166814607873211e-18
8.161495675468974e-18
8.156190255470561e-18
8.150898299031063e-18
8.145619757303561e-18
8.140354581441146e-18
8.135102722596909e-18
8.129864131923934e-18
8.124638760575307e-18
8.119426559704120e-18
8.114227480463460e-18
8.109041474006410e-18
8.103868491486063e-18
8.098708484055508e-18
8.093561402867826e-18
8.088427199076111e-18
8.083305823833446e-18
8.078197228292925e-18
8.073101363607630e-18
8.068018180930651e-18
8.062947631415077e-18
8.057889666213993e-18
8.052844236480488e-18
8.047811293367647e-18
8.042790788028566e-18
8.037782671616324e-18
8.032786895284011e-18
8.027803410184720e-18
8.022832167471531e-18
8.017873118297536e-18
8.012926213815825e-18
8.007991405179480e-18
8.003068643541593e-18
7.998157880055249e-18
7.993259065873539e-18
7.988372152149547e-18
7.983497090036363e-18
7.978633830687077e-18
7.973782325254771e-18
7.968942524892536e-18
7.964114380753460e-18
7.959297843990633e-18
7.954492865757137e-18
7.949699397206065e-18
7.944917389490505e-18
7.940146793763539e-18
7.935387561178259e-18
7.930639642887752e-18
7.925902990045107e-18
7.921177553803408e-18
7.916463285315746e-18
7.911760135735211e-18
7.907068056214885e-18
7.902386997907858e-18
7.897716911967221e-18
7.893057749546057e-18
7.888409461797457e-18
7.883771999874507e-18
7.879145314930298e-18
7.874529358117911e-18
7.869924080590441e-18
7.865329433500971e-18
7.860745368002590e-18
7.856171835248387e-18
7.851608786391448e-18
7.847056172584864e-18
7.842513944981719e-18
7.837982054735102e-18
7.833460452998103e-18
7.828949090923807e-18
7.824447919665300e-18
7.819956890375676e-18
7.815475954208016e-18
7.811005062315411e-18
7.806544165850948e-18
7.802093215967718e-18
7.797652163818803e-18
7.793220960557295e-18
7.788799557336282e-18
7.784387905308848e-18
7.779985955628085e-18
7.775593659447079e-18
7.771210967918917e-18
7.766837832196688e-18
7.762474203433477e-18
7.758120032782377e-18
7.753775271396470e-18
7.749439870428846e-18
7.745113781032595e-18
7.740796954360802e-18
7.736489341566555e-18
7.732190893802943e-18
7.727901562223054e-18
7.723621297979975e-18
7.719350052226794e-18
7.715087776116599e-18
7.710834420802476e-18
7.706589937437513e-18
7.702354277174799e-18
7.698127391167423e-18
7.693909230568471e-18
7.689699746531029e-18
7.685498890208190e-18
7.681306612753036e-18
7.677122865318658e-18
7.672947599058145e-18
7.668780765124579e-18
7.664622314671055e-18
7.660472198850655e-18
7.656330368816472e-18
7.652196775721588e-18
7.648071370719094e-18
7.643954104962080e-18
7.639844929603629e-18
7.635743795796828e-18
7.631650654694771e-18
7.627565458708034e-18
7.623488179062978e-18
7.619418801470397e-18
7.615357312013678e-18
7.611303696776195e-18
7.607257941841335e-18
7.603220033292479e-18
7.599189957213013e-18
7.595167699686314e-18
7.591153246795767e-18
7.587146584624758e-18
7.583147699256661e-18
7.579156576774865e-18
7.575173203262753e-18
7.571197564803702e-18
7.567229647481099e-18
7.563269437378324e-18
7.559316920578762e-18
7.555372083165791e-18
7.551434911222797e-18
7.547505390833162e-18
7.543583508080265e-18
7.539669249047492e-18
7.535762599818225e-18
7.531863546475847e-18
7.527972075103738e-18
7.524088171785282e-18
7.520211822603862e-18
7.516343013642859e-18
7.512481730985656e-18
7.508627960715635e-18
7.504781688916176e-18
7.500942901670666e-18
7.497111585062484e-18
7.493287725175017e-18
7.489471308091641e-18
7.485662319895741e-18
7.481860746670702e-18
7.478066574499903e-18
7.474279789466727e-18
7.470500377654559e-18
7.466728325146780e-18
7.462963618026771e-18
7.459206242377913e-18
7.455456184283593e-18
7.451713429827190e-18
7.447977965092086e-18
7.444249776161668e-18
7.440528849119312e-18
7.436815170048404e-18
7.433108725032327e-18
7.429409500154462e-18
7.425717481498191e-18
7.422032655146900e-18
7.418355007183966e-18
7.414684523692773e-18
7.411021190756704e-18
7.407364994459142e-18
7.403715920883471e-18
7.400073956113070e-18
7.396439086231322e-18
7.392811297321611e-18
7.389190575467318e-18
7.385576906751825e-18
7.381970277258519e-18
7.378370673070775e-18
7.374778080271982e-18
7.371192484945517e-18
7.367613873174766e-18
7.364042231043110e-18
7.360477544633930e-18
7.356919800030613e-18
7.353368983316536e-18
7.349825080575084e-18
7.346288077889639e-18
7.342757961343586e-18
7.339234717020301e-18
7.335718331003174e-18
7.332208789375584e-18
7.328706078220912e-18
7.325210183622540e-18
7.321721091663851e-18
7.318238788428230e-18
7.314763259999057e-18
7.311294492459716e-18
7.307832471893589e-18
7.304377184384057e-18
7.300928616014501e-18
7.297486752868309e-18
7.294051581028857e-18
7.290623086579532e-18
7.287201255603716e-18
7.283786074184790e-18
7.280377528406134e-18
7.276975604351133e-18
7.273580288103172e-18
7.270191565745628e-18
7.266809423361887e-18
7.263433847035330e-18
7.260064822849340e-18
7.256702336887299e-18
7.253346375232589e-18
7.249996923968596e-18
7.246653969178699e-18
7.243317496946278e-18
7.239987493354720e-18
7.236663944487404e-18
7.233346836427715e-18
7.230036155259032e-18
7.226731887064744e-18
7.223434017928226e-18
7.220142533932863e-18
7.216857421162040e-18
7.213578665699137e-18
7.210306253627533e-18
7.207040171030618e-18
7.203780403991771e-18
7.200526938594371e-18
7.197279760921804e-18
7.194038857057453e-18
7.190804213084696e-18
7.187575815086920e-18
7.184353649147507e-18
7.181137701349836e-18
7.177927957777292e-18
7.174724404513257e-18
7.171527027641113e-18
7.168335813244243e-18
7.165150747406030e-18
7.161971816209856e-18
7.158799005739100e-18
7.155632302077148e-18
7.152471691307381e-18
7.149317159513184e-18
7.146168692777935e-18
7.143026277185020e-18
7.139889898817821e-18
7.136759543759718e-18
7.133635198094095e-18
7.130516847904334e-18
7.127404479273818e-18
7.124298078285932e-18
7.121197631024052e-18
7.118103123571564e-18
7.115014542011852e-18
7.111931872428294e-18
7.108855100904277e-18
7.105784213523180e-18
7.102719196368387e-18
7.099660035523280e-18
7.096606717071244e-18
7.093559227095656e-18
7.090517551679901e-18
7.087481676907367e-18
7.084451588861426e-18
7.081427273625465e-18
7.078408717282868e-18
7.075395905917018e-18
7.072388825611293e-18
7.069387462449079e-18
7.066391802513759e-18
7.063401831888712e-18
7.060417536657321e-18
7.057438902902972e-18
7.054465916709043e-18
7.051498564158918e-18
7.048536831335984e-18
7.045580704323616e-18
7.042630169205200e-18
7.039685212064116e-18
7.036745818983750e-18
7.033811976047483e-18
7.030883669338695e-18
7.027960884940772e-18
7.025043608937094e-18
7.022131827411044e-18
7.019225526446005e-18
7.016324692125360e-18
7.013429310532491e-18
7.010539367750777e-18
7.007654849863606e-18
7.004775742954354e-18
7.001902033106409e-18
6.999033706403150e-18
6.996170748927963e-18
6.993313146764226e-18
6.990460885995323e-18
6.987613952704640e-18
6.984772332975553e-18
6.981936012891449e-18
6.979104978535707e-18
6.976279215991715e-18
6.973458711342850e-18
6.970643450672495e-18
6.967833420064035e-18
6.965028605600850e-18
6.962228993366323e-18
6.959434569443838e-18
6.956645319916775e-18
6.953861230868518e-18
6.951082288382448e-18
6.948308478541949e-18
6.945539787430401e-18
6.942776201131191e-18
6.940017705727698e-18
6.937264287303303e-18
6.934515931941390e-18
6.931772625725342e-18
6.929034354738542e-18
6.926301105064370e-18
6.923572862786210e-18
6.920849613987445e-18
6.918131344751455e-18
6.915418041161624e-18
6.912709689301336e-18
6.910006275253972e-18
6.907307785102911e-18
6.904614204931540e-18
6.901925520823240e-18
6.899241718861393e-18
6.896562785129381e-18
6.893888705710588e-18
6.891219466688394e-18
6.888555054146183e-18
6.885895454167337e-18
6.883240652835240e-18
6.880590636233272e-18
6.877945390444815e-18
6.875304901553256e-18
6.872669155641972e-18
6.870038138794347e-18
6.867411837093763e-18
6.864790236623605e-18
6.862173323467252e-18
6.859561083708089e-18
6.856953503429498e-18
6.854350568714860e-18
6.851752265647557e-18
6.849158580310974e-18
6.846569498788492e-18
6.843985007163493e-18
6.841405091519359e-18
6.838829737939475e-18
6.836258932507219e-18
6.833692661305977e-18
6.831130910419130e-18
6.828573665930060e-18
6.826020913922151e-18
6.823472640478783e-18
6.820928831683342e-18
6.818389473619206e-18
6.815854552369760e-18
6.813324054018387e-18
6.810797964648468e-18
6.808276270343386e-18
6.805758957186523e-18
6.803246011261261e-18
6.800737418650981e-18
6.798233165439069e-18
6.795733237708906e-18
6.793237621543874e-18
6.790746303027355e-18
6.788259268242732e-18
6.785776503273386e-18
6.783297994202702e-18
6.780823727114061e-18
6.778353688090846e-18
6.775887863216437e-18
6.773426238574218e-18
6.770968800247573e-18
6.768515534319882e-18
6.766066426874528e-18
6.763621463994895e-18
6.761180631764362e-18
6.758743916266314e-18
6.756311303584133e-18
6.753882779801202e-18
6.751458331000902e-18
6.749037943266617e-18
6.746621602681728e-18
6.744209295329617e-18
6.741801007293666e-18
6.739396724657260e-18
6.736996433503780e-18
6.734600119916607e-18
6.732207769979125e-18
6.729819369774718e-18
6.727434905386765e-18
6.725054362898649e-18
6.722677728393755e-18
6.720304987955463e-18
6.717936127667156e-18
6.715571133612215e-18
6.713209991874026e-18
6.710852688535968e-18
6.708499209681424e-18
6.706149541393778e-18
6.703803669756411e-18
6.701461580852704e-18
6.699123260766043e-18
6.696788695579808e-18
6.694457871377382e-18
6.692130774242147e-18
6.689807390257487e-18
6.687487705506781e-18
6.685171706073414e-18
6.682859378040768e-18
6.680550707492226e-18
6.678245680511168e-18
6.675944283180978e-18
6.673646501585040e-18
6.671352321806733e-18
6.669061729929442e-18
6.666774712036548e-18
6.664491254211434e-18
6.662211342537483e-18
6.659934963098076e-18
6.657662101976597e-18
6.655392745256426e-18
6.653126879020948e-18
6.650864489353543e-18
6.648605562337595e-18
6.646350084056486e-18
6.644098040593598e-18
6.641849418032315e-18
6.639604202456017e-18
6.637362379948087e-18
6.635123936591909e-18
6.632888858470865e-18
6.630657131668335e-18
6.628428742267704e-18
6.626203676352354e-18
6.623981920005665e-18
6.621763459311022e-18
6.619548280351808e-18
6.617336369211402e-18
6.615127711973189e-18
6.612922294720552e-18
6.610720103536870e-18
6.608521124505529e-18
6.606325343709910e-18
6.604132747233395e-18
6.601943321159366e-18
6.599757051571207e-18
6.597573924552300e-18
6.595393926186025e-18
6.593217042555766e-18
6.591043259744908e-18
6.588872563836830e-18
6.586704940914914e-18
6.584540377062545e-18
6.582378858363105e-18
6.580220370899975e-18
6.578064900756538e-18
6.575912434016176e-18
6.573762956762272e-18
6.571616455078207e-18
6.569472915047365e-18
6.567332322753129e-18
6.565194664278879e-18
6.563059925707999e-18
6.560928093123872e-18
6.558799152609878e-18
6.556673090249401e-18
6.554549892125824e-18
6.552429544322528e-18
6.550312032922897e-18
6.548197344010310e-18
6.546085463668154e-18
6.543976377979809e-18
6.541870073028656e-18
6.539766534898080e-18
6.537665749671462e-18
6.535567703432184e-18
6.533472382263630e-18
6.531379772249181e-18
6.529289859472220e-18
6.527202630016128e-18
6.525118069964292e-18
6.523036165400089e-18
6.520956902406902e-18
6.518880267068116e-18
6.516806245467112e-18
6.514734823687273e-18
6.512665987811980e-18
6.510599723924618e-18
6.508536018108565e-18
6.506474856447208e-18
6.504416225023928e-18
6.502360109922105e-18
6.500306497225125e-18
6.498255373016367e-18
6.496206723379217e-18
6.494160534397054e-18
6.492116792153262e-18
6.490075482731223e-18
6.488036592214320e-18
6.486000106685934e-18
6.483966012229449e-18
6.481934294928246e-18
6.479904940865709e-18
6.477877936125219e-18
6.475853266790160e-18
6.473830918943913e-18
6.471810878669860e-18
6.469793132051383e-18
6.467777665171867e-18
6.465764464114692e-18
6.463753514963241e-18
6.461744803800899e-18
6.459738316711043e-18
6.457734039777059e-18
6.455731959082330e-18
6.453732060710236e-18
6.451734330744160e-18
6.449738755267487e-18
6.447745320363596e-18
6.445754012115871e-18
6.443764816607693e-18
6.441777719922447e-18
6.439792708143512e-18
6.437809767354273e-18
6.435828883638111e-18
6.433850043078410e-18
6.431873231758551e-18
6.429898435761916e-18
6.427925641171890e-18
6.425954834071852e-18
6.423986000545187e-18
6.422019126675277e-18
6.420054198545502e-18
6.418091202239246e-18
6.416130123839892e-18
6.414170949450419e-18
6.412213669328352e-18
6.410258283000556e-18
6.408304791248101e-18
6.406353194852055e-18
6.404403494593484e-18
6.402455691253461e-18
6.400509785613051e-18
6.398565778453322e-18
6.396623670555344e-18
6.394683462700187e-18
6.392745155668915e-18
6.390808750242598e-18
6.388874247202308e-18
6.386941647329108e-18
6.385010951404070e-18
6.383082160208260e-18
6.381155274522751e-18
6.379230295128605e-18
6.377307222806894e-18
6.375386058338688e-18
6.373466802505052e-18
6.371549456087055e-18
6.369634019865765e-18
6.367720494622254e-18
6.365808881137586e-18
6.363899180192832e-18
6.361991392569059e-18
6.360085519047337e-18
6.358181560408732e-18
6.356279517434315e-18
6.354379390905153e-18
6.352481181602315e-18
6.350584890306868e-18
6.348690517799882e-18
6.346798064862424e-18
6.344907532275563e-18
6.343018920820369e-18
6.341132231277908e-18
6.339247464429249e-18
6.337364621055460e-18
6.335483701937612e-18
6.333604707856770e-18
6.331727639594004e-18
6.329852497930384e-18
6.327979283646976e-18
6.326107997524848e-18
6.324238640345069e-18
6.322371212888710e-18
6.320505715936835e-18
6.318642150270515e-18
6.316780516670819e-18
6.314920815918814e-18
6.313063048795569e-18
6.311207216082152e-18
6.309353318559631e-18
6.307501357009075e-18
6.305651332211554e-18
6.303803244948133e-18
6.301957095999883e-18
6.300112886147870e-18
6.298270616173166e-18
6.296430286856836e-18
6.294591898979950e-18
6.292755453323576e-18
6.290920950668783e-18
6.289088391796638e-18
6.287257777488210e-18
6.285429108524569e-18
6.283602385686782e-18
6.281777609755917e-18
6.279954781513043e-18
6.278133901739228e-18
6.276314971215540e-18
6.274497990723048e-18
6.272682961042822e-18
6.270869882955927e-18
6.269058757243434e-18
6.267249584686411e-18
6.265442366065925e-18
6.263637102163045e-18
6.261833793758841e-18
6.260032441634381e-18
6.258233046570731e-18
6.256435609348961e-18
6.254640130750140e-18
6.252846611555334e-18
6.251055052545614e-18
6.249265454502048e-18
6.247477818205704e-18
6.245692144437650e-18
6.243908433978954e-18
6.242126687610686e-18
6.240346906113913e-18
6.238569090269703e-18
6.236793240859128e-18
6.235019358663251e-18
6.233247444463143e-18
6.231477499039873e-18
6.229709523174509e-18
6.227943517648119e-18
6.226179483241771e-18
6.224417420736536e-18
6.222657330913478e-18
6.220899214553668e-18
6.219143072438176e-18
6.217388905348066e-18
6.215636714064411e-18
6.213886499368277e-18
6.212138262040733e-18
6.210392002862845e-18
6.208647722615685e-18
6.206905422080320e-18
6.205165102037818e-18
6.203426763269247e-18
6.201690406555676e-18
6.199956032678175e-18
6.198223642417809e-18
6.196493236555649e-18
6.194764815872763e-18
6.193038381150220e-18
6.191313933169086e-18
6.189591472710430e-18
6.187871000555323e-18
6.186152517484830e-18
6.184436024280022e-18
6.182721521721966e-18
6.181009010591730e-18
6.179298491670384e-18
6.177589965738996e-18
6.175883433578633e-18
6.174178895970364e-18
6.172476353695259e-18
6.170775807534385e-18
6.169077258268810e-18
6.167380706679602e-18
6.165686153547832e-18
6.163993599654565e-18
6.162303045780871e-18
6.160614492707819e-18
6.158927941216478e-18
6.157243392087914e-18
6.155560846103196e-18
6.153880304043395e-18
6.152201766689576e-18
6.150525234822809e-18
6.148850709224163e-18
6.147178190674704e-18
6.145507679955502e-18
6.143839177847626e-18
6.142172685132144e-18
6.140508202590124e-18
6.138845731002634e-18
6.137185271150744e-18
6.135526823815521e-18
6.133870389778033e-18
6.132215969819349e-18
6.130563564720540e-18
6.128913175262669e-18
6.127264802226808e-18
6.125618446394025e-18
6.123974108545387e-18
6.122331789461965e-18
6.120691489924825e-18
6.119053210715036e-18
6.117416952613667e-18
6.115782716401785e-18
6.114150502860461e-18
6.112520312770761e-18
6.110892146913754e-18
6.109266006070510e-18
6.107641891022095e-18
6.106019802549578e-18
6.104399741434027e-18
6.102781708456513e-18
6.101165704398101e-18
6.099551730039861e-18
6.097939786162862e-18
6.096329873548172e-18
6.094721992976858e-18
6.093116145229991e-18
6.091512331088636e-18
6.089910551333865e-18
6.088310806746744e-18
6.086713098108342e-18
6.085117426199727e-18
6.083523791801968e-18
6.081932195696134e-18
6.080342638663291e-18
6.078755121484510e-18
6.077169644940858e-18
6.075586209813405e-18
6.074004816883217e-18
6.072425466931364e-18
6.070848160738914e-18
6.069272899086936e-18
6.067699682756497e-18
6.066128512528665e-18
6.064559389184512e-18
6.062992313505102e-18
6.061427286271506e-18
6.059864308264792e-18
6.058303380266027e-18
6.056744503056281e-18
6.055187677416623e-18
6.053632904128119e-18
6.052080183971839e-18
6.050529517728851e-18
6.048980906180224e-18
6.047434350107025e-18
6.045889850290323e-18
6.044347407511188e-18
6.042807022550686e-18
6.041268696189886e-18
6.039732429209857e-18
6.038198222391668e-18
6.036666076516386e-18
6.035135992365080e-18
6.033607970718818e-18
6.032082012358669e-18
6.030558118065702e-18
6.029036288620985e-18
6.027516524805584e-18
6.025998827400570e-18
6.024483197187010e-18
6.022969634945974e-18
6.021458141458529e-18
6.019948717505744e-18
6.018441363868688e-18
6.016936081328428e-18
6.015432870666033e-18
6.013931732662572e-18
6.012432668099113e-18
6.010935677756723e-18
6.009440762416472e-18
6.007947922859429e-18
6.006457159866660e-18
6.004968474219236e-18
6.003481866698223e-18
6.001997338084692e-18
6.000514889159709e-18
5.999034520704343e-18
5.997556233499664e-18
5.996080028326738e-18
5.994605905966634e-18
5.993133867200423e-18
5.991663912809170e-18
5.990196043573945e-18
5.988730260275815e-18
5.987266563695851e-18
5.985804954615120e-18
5.984345433814689e-18
5.982888002075628e-18
5.981432660179006e-18
5.979979408905888e-18
5.978528249037348e-18
5.977079181354450e-18
5.975632206638263e-18
5.974187325669856e-18
5.972744539230298e-18
5.971303848100657e-18
5.969865253062000e-18
5.968428754895398e-18
5.966994354381917e-18
5.965562052302627e-18
5.964131849438595e-18
5.962703746570891e-18
5.961277744480581e-18
5.959853843948736e-18
5.958432045756424e-18
5.957012350684712e-18
5.955594759514669e-18
5.954179273027364e-18
5.952765892003864e-18
5.951354617225239e-18
5.949945449472556e-18
5.948538389526885e-18
5.947133438169292e-18
5.945730596180848e-18
5.944329864342620e-18
5.942931243435676e-18
5.941534734241086e-18
5.940140337539917e-18
5.938748054113238e-18
5.937357884742116e-18
5.935969830207622e-18
5.934583891290823e-18
5.933200068772787e-18
5.931818363434582e-18
5.930438776057277e-18
5.929061307421941e-18
5.927685958309643e-18
5.926312729501449e-18
5.924941621778429e-18
5.923572635921651e-18
5.922205772712184e-18
5.920841032931096e-18
5.919478417359455e-18
5.918117926778330e-18
5.916759561968788e-18
5.915403323711899e-18
5.914049212788731e-18
5.912697229980351e-18
5.911347376067830e-18
5.909999651832235e-18
5.908654058054634e-18
5.907310595516095e-18
5.905969264997689e-18
5.904630067280482e-18
5.903293003145542e-18
5.901958073373939e-18
5.900625278746741e-18
5.899294620045016e-18
5.897966098049832e-18
5.896639713542258e-18
5.895315467303362e-18
5.893993360114214e-18
5.892673392755881e-18
5.891355566009430e-18
5.890039880655932e-18
5.888726337476455e-18
5.887414937252065e-18
5.886105680763833e-18
5.884798568792825e-18
5.883493602120112e-18
5.882190781526762e-18
5.880890107793841e-18
5.879591581702420e-18
5.878295204033567e-18
5.877000975568348e-18
5.875708897087835e-18
5.874418969373093e-18
5.873131193205194e-18
5.871845569365203e-18
5.870562098634190e-18
5.869280781793222e-18
5.868001619623370e-18
5.866724612905700e-18
5.865449762421282e-18
5.864177068951183e-18
5.862906533276472e-18
5.861638156178219e-18
5.860371938437489e-18
5.859107880835353e-18
5.857845984152880e-18
5.856586249171135e-18
5.855328676671190e-18
5.854073267434111e-18
5.852820022240968e-18
5.851568941872827e-18
5.850320027110759e-18
5.849073278735832e-18
5.847828697529113e-18
5.846586284271671e-18
5.845346039744575e-18
5.844107964728893e-18
5.842872060005693e-18
5.841638326356044e-18
5.840406764561014e-18
5.839177375401672e-18
5.837950159659085e-18
5.836725118114324e-18
5.835502251548454e-18
5.834281560742546e-18
5.833063046477667e-18
5.831846709534886e-18
5.830632550695271e-18
5.829420570739891e-18
5.828210770449814e-18
5.827003150606108e-18
5.825797711989843e-18
5.824594455382085e-18
5.823393381563904e-18
5.822194491316369e-18
5.820997785420546e-18
5.819803264657506e-18
5.818610929808315e-18
5.817420781654043e-18
5.816232820975758e-18
5.815047048554529e-18
5.813863465171422e-18
5.812682071607508e-18
5.811502868643857e-18
5.810325857061532e-18
5.809151037641605e-18
5.807978411165144e-18
5.806807978413216e-18
5.805639740166892e-18
5.804473697207238e-18
5.803309850315324e-18
5.802148200272216e-18
5.800988747858985e-18
5.799831493856699e-18
5.798676439046425e-18
5.797523584209233e-18
5.796372930126191e-18
5.795224477578366e-18
5.794078227346828e-18
5.792934180212644e-18
5.791792336956884e-18
5.790652698360616e-18
5.789515265204906e-18
5.788380038270826e-18
5.787247018339443e-18
5.786116206191823e-18
5.784987602609039e-18
5.783861208372156e-18
5.782737024262243e-18
5.781615051060369e-18
5.780495289547602e-18
5.779377740505010e-18
5.778262404713662e-18
5.777149282954628e-18
5.776038376008973e-18
5.774929684657767e-18
5.773823209682079e-18
5.772718951862977e-18
5.771616911981528e-18
5.770517090818802e-18
5.769419489155869e-18
5.768324107773794e-18
5.767230947453646e-18
5.766140008976495e-18
5.765051293123409e-18
5.763964800675455e-18
5.762880532413703e-18
5.761798489119220e-18
5.760718671573076e-18
5.759641080556338e-18
5.758565716850075e-18
5.757492581235355e-18
5.756421674493247e-18
5.755352997404819e-18
5.754286550751141e-18
5.753222335313278e-18
5.752160351872301e-18
5.751100601209278e-18
5.750043084105276e-18
5.748987801341365e-18
5.747934753698613e-18
5.746883941958088e-18
5.745835366900858e-18
5.744789029307993e-18
5.743744929960560e-18
5.742703069639629e-18
5.741663449126266e-18
5.740626069201540e-18
5.739590930646520e-18
5.738558034242276e-18
5.737527380769873e-18
5.736498971010382e-18
5.735472805744870e-18
5.734448885754407e-18
5.733427211820060e-18
5.732407784722896e-18
5.731390605243987e-18
5.730375674164398e-18
5.729362992265201e-18
5.728352560327461e-18
5.727344379132248e-18
5.726338449460629e-18
5.725334772093675e-18
5.724333347812451e-18
5.723334177398029e-18
5.722337261631474e-18
5.721342601293857e-18
5.720350197166245e-18
5.719360050029707e-18
5.718372160665312e-18
5.717386529854127e-18
5.716403158377221e-18
5.715422047015662e-18
5.714443196550519e-18
5.713466607762859e-18
5.712492281433753e-18
5.711520218344268e-18
5.710550419275471e-18
5.709582885008433e-18
5.708617616324221e-18
5.707654614003902e-18
5.706693878828547e-18
5.705735411579224e-18
5.704779213037000e-18
5.703825283982944e-18
5.702873625198124e-18
5.701924237463609e-18
5.700977121560468e-18
5.700032278269768e-18
5.699089708372578e-18
5.698149412649966e-18
5.697211391883001e-18
5.696275646852752e-18
5.695342178340286e-18
5.694410987126672e-18
5.693482073992979e-18
5.692555439720274e-18
5.691631085089626e-18
5.690709010882104e-18
5.689789217878776e-18
5.688871706860709e-18
5.687956478608974e-18
5.687043533904638e-18
5.686132873528769e-18
5.685224498262436e-18
5.684318408886708e-18
5.683414606182652e-18
5.682513090931337e-18
5.681613863913832e-18
5.680716925911204e-18
5.679822277704523e-18
5.678929920074856e-18
5.678039853803273e-18
5.677152079670840e-18
5.676266598458628e-18
5.675383410947703e-18
5.674502517919135e-18
5.673623920153992e-18
5.672747618433343e-18
5.671873613538255e-18
5.671001906249799e-18
5.670132497349039e-18
5.669265387617047e-18
5.668400577834891e-18
5.667538068783637e-18
5.666677861244356e-18
5.665819955998116e-18
5.664964353825984e-18
5.664111055509029e-18
5.663260061828321e-18
5.662411373564926e-18
5.661564991499914e-18
5.660720916414352e-18
5.659879149089311e-18
5.659039690305856e-18
5.658202540845058e-18
5.657367701487984e-18
5.656535173015702e-18
5.655704956209282e-18
5.654877051849792e-18
5.654051460718299e-18
5.653228183595873e-18
5.652407221263581e-18
5.651588574502493e-18
5.650772244093676e-18
5.649958230818199e-18
5.649146535457131e-18
5.648337158791539e-18
5.647530101602492e-18
5.646725364671059e-18
5.645922948778307e-18
5.645122854705306e-18
5.644325083233123e-18
5.643529635142829e-18
5.642736511215488e-18
5.641945712232172e-18
5.641157238973948e-18
5.640371092221885e-18
5.639587272757051e-18
5.638805781360514e-18
5.638026618813344e-18
5.637249785896607e-18
5.636475283391372e-18
5.635703112078709e-18
5.634933272739685e-18
5.634165766155368e-18
5.633400593106828e-18
5.632637754375133e-18
5.631877250741350e-18
5.631119082986549e-18
5.630363251891797e-18
5.629609758238164e-18
5.628858602806716e-18
5.628109786378524e-18
5.627363309734655e-18
5.626619173656178e-18
5.625877378924161e-18
5.625137926319672e-18
5.624400816623780e-18
5.623666050617554e-18
5.622933629082060e-18
5.622203552798369e-18
5.621475822547549e-18
5.620750439110667e-18
5.620027403268792e-18
5.619306715802994e-18
5.618588377494338e-18
5.617872389123896e-18
5.617158751472733e-18
5.616447465321921e-18
5.615738531452525e-18
5.615031950645616e-18
5.614327723682261e-18
5.613625851343528e-18
5.612926334410487e-18
5.612229173664205e-18
5.611534369885751e-18
5.610841923856194e-18
5.610151836356601e-18
5.609464108168041e-18
5.608778740071582e-18
5.608095732848294e-18
5.607415087279243e-18
5.606736804145499e-18
5.606060884228131e-18
5.605387328308205e-18
5.604716137166791e-18
5.604047311584958e-18
5.603380852343774e-18
5.602716760224305e-18
5.602055036007623e-18
5.601395680474794e-18
5.600738694406888e-18
5.600084078584971e-18
5.599431833790114e-18
5.598781960803385e-18
5.598134460405851e-18
5.597489333378580e-18
5.596846580502643e-18
5.596206202559106e-18
5.595568200329039e-18
5.594932574593509e-18
5.594299326133585e-18
5.593668455730336e-18
5.593039964164829e-18
5.592413852218134e-18
5.591790120671319e-18
5.591168770305451e-18
5.590549801901600e-18
5.589933216240833e-18
5.589319014104220e-18
5.588707196272829e-18
5.588097763527727e-18
5.587490716649984e-18
5.586886056420668e-18
5.586283783620846e-18
5.585683899031588e-18
5.585086403433962e-18
5.584491297609037e-18
5.583898582337880e-18
5.583308258401560e-18
5.582720326581145e-18
5.582134787657705e-18
5.581551642412307e-18
5.580970891626019e-18
5.580392536079911e-18
5.579816576555050e-18
5.579243013832505e-18
5.578671848693344e-18
5.578103081918636e-18
5.577536714289449e-18
5.576972746586850e-18
5.576411179591910e-18
5.575852014085696e-18
5.575295250849277e-18
5.574740890663721e-18
5.574188934310096e-18
5.573639382569470e-18
5.573092236222914e-18
5.572547496051493e-18
5.572005162836277e-18
5.571465237358335e-18
5.570927720398734e-18
5.570392612738544e-18
5.569859915158832e-18
5.569329628440667e-18
5.568801753365117e-18
5.568276290713250e-18
5.567753241266136e-18
5.567232605804842e-18
5.566714385110438e-18
5.566198579963990e-18
5.565685191146568e-18
5.565174219439240e-18
5.564665665623074e-18
5.564159530479139e-18
5.563655814788504e-18
5.563154519332236e-18
5.562655644891403e-18
5.562159192247075e-18
5.561665162180321e-18
5.561173555472207e-18
5.560684372903802e-18
5.560197615256176e-18
5.559713283310396e-18
5.559231377847531e-18
5.558751899648649e-18
5.558274849494818e-18
5.557800228167107e-18
5.557328036446584e-18
5.556858275114318e-18
5.556390944951377e-18
5.555926046738829e-18
5.555463581257744e-18
5.555003549289189e-18
5.554545951614232e-18
5.554090789013943e-18
5.553638062269388e-18
5.553187772161637e-18
5.552739919471759e-18
5.552294504980821e-18
5.551851529469892e-18
5.551410993720041e-18
5.550972898512335e-18
5.550537244627843e-18
5.550104032847634e-18
5.549673263952776e-18
5.549244938724337e-18
5.548819057943387e-18
5.548395622390991e-18
5.547974632848221e-18
5.547556090096143e-18
5.547139994915827e-18
5.546726348088340e-18
5.546315150394751e-18
5.545906402616129e-18
5.545500105533542e-18
5.545096259928058e-18
5.544694866580745e-18
5.544295926272673e-18
5.543899439784909e-18
5.543505407898521e-18
5.543113831394580e-18
5.542724711054151e-18
5.542338047658304e-18
5.541953841988108e-18
5.541572094824630e-18
5.541192806948941e-18
5.540815979142105e-18
5.540441612185194e-18
5.540069706859276e-18
5.539700263945419e-18
5.539333284224689e-18
5.538968768478158e-18
5.538606717486893e-18
5.538247132031962e-18
5.537890012894434e-18
5.537535360855376e-18
5.537183176695858e-18
5.536833461196948e-18
5.536486215139714e-18
5.536141439305225e-18
5.535799134474549e-18
5.535459301428754e-18
5.535121940948909e-18
5.534787053816083e-18
5.534454640811342e-18
5.534124702715757e-18
5.533797240310395e-18
5.533472254376324e-18
5.533149745694615e-18
5.532829715046333e-18
5.532512163212549e-18
5.532197090974329e-18
5.531884499112744e-18
5.531574388408860e-18
5.531266759643747e-18
5.530961613598473e-18
5.530658951054107e-18
5.530358772791715e-18
5.530061079592368e-18
5.529765872237134e-18
5.529473151507080e-18
5.529182918183275e-18
5.528895173046788e-18
5.528609916878688e-18
5.528327150460041e-18
5.528046874571918e-18
5.527769089995385e-18
5.527493797511512e-18
5.527220997901367e-18
5.526950691946018e-18
5.526682880426535e-18
5.526417564123984e-18
5.526154743819434e-18
5.525894420293955e-18
5.525636594328614e-18
5.525381266704480e-18
5.525128438202621e-18
5.524878109604105e-18
5.524630281690002e-18
5.524384955241378e-18
5.524142131039303e-18
5.523901809864845e-18
5.523663992499073e-18
5.523428679723055e-18
5.523195872317859e-18
5.522965571064553e-18
5.522737776744206e-18
5.522512490137886e-18
5.522289712026663e-18
5.522069443191604e-18
5.521851684413778e-18
5.521636436474251e-18
5.521423700154095e-18
5.521213476234377e-18
5.521005765496165e-18
5.520800568720527e-18
5.520597886688532e-18
5.520397720181248e-18
5.520200069979744e-18
5.520004936865088e-18
5.519812321618349e-18
5.519622225020594e-18
5.519434647852893e-18
5.519249590896314e-18
5.519067054931924e-18
5.518887040740793e-18
5.518709549103989e-18
5.518534580802580e-18
5.518362136617635e-18
5.518192217330222e-18
5.518024823721408e-18
5.517859956572264e-18
5.517697616663857e-18
5.517537804777256e-18
5.517380521693528e-18
5.517225768193744e-18
5.517073545058969e-18
5.516923853070275e-18
5.516776693008727e-18
5.516632065655395e-18
5.516489971791348e-18
5.516350412197653e-18
5.516213387655380e-18
5.516078898945596e-18
5.515946946849370e-18
5.515817532147769e-18
5.515690655621865e-18
5.515566318052722e-18
5.515444520221411e-18
5.515325262909001e-18
5.515208546896558e-18
5.515094372965152e-18
5.514982741895851e-18
5.514873654469723e-18
5.514767111467838e-18
5.514663113671262e-18
5.514561661861065e-18
5.514462756818315e-18
5.514366399324080e-18
5.514272590159429e-18
5.514181330105430e-18
5.514092619943153e-18
5.514006460453662e-18
5.513922852418031e-18
5.513841796617325e-18
5.513763293832612e-18
5.513687344844963e-18
5.513613950435444e-18
5.513543111385124e-18
5.513474828475072e-18
5.513409102486356e-18
5.513345934200045e-18
5.513285324397207e-18
5.513227273858909e-18
5.513171783366221e-18
5.513118853700212e-18
5.513068485641948e-18
5.513020679972500e-18
5.512975437472935e-18
5.512932758924321e-18
5.512892645107727e-18
5.512855096804222e-18
5.512820114794873e-18
5.512787699860750e-18
5.512757852782920e-18
5.512730574342452e-18
5.512705865320414e-18
5.512683726497875e-18
5.512664158655903e-18
5.512647162575567e-18
5.512632739037934e-18
5.512620888824074e-18
5.512611612715055e-18
5.512604911491944e-18
5.512600785935811e-18
5.512599236827724e-18
5.512600264948751e-18
5.512603871079960e-18
5.512610056002421e-18
5.512618820497201e-18
5.512630165345369e-18
5.512644091327993e-18
5.512660599226142e-18
5.512679689820883e-18
5.512701363893286e-18
5.512725622224419e-18
5.512752465595350e-18
5.512781894787147e-18
5.512813910580880e-18
5.512848513757615e-18
5.512885705098422e-18
5.512925485384370e-18
5.512967855396526e-18
5.513012815915959e-18
5.513060367723737e-18
5.513110511600928e-18
5.513163248328602e-18
5.513218578687826e-18
5.513276503459669e-18
5.513337023425200e-18
5.513400139365486e-18
5.513465852061596e-18
5.513534162294598e-18
5.513605070845561e-18
5.513678578495554e-18
5.513754686025644e-18
5.513833394216900e-18
5.513914703850390e-18
5.513998615707183e-18
5.514085130568348e-18
5.514174249214951e-18
5.514265972428063e-18
5.514360300988751e-18
5.514457235678084e-18
5.514556777277129e-18
5.514658926566956e-18
5.514763684328634e-18
5.514871051343229e-18
5.514981028391812e-18
5.515093616255449e-18
5.515208815715209e-18
5.515326627552161e-18
5.515447052547374e-18
5.515570091481915e-18
5.515695745136854e-18
5.515824014293258e-18
5.515954899732195e-18
5.516088402234735e-18
5.516224522581945e-18
5.516363261554895e-18
5.516504619934651e-18
5.516648598502283e-18
5.516795198038860e-18
5.516944419325449e-18
5.517096263143119e-18
5.517250730272938e-18
5.517407821495975e-18
5.517567537593298e-18
5.517729879345976e-18
5.517894847535077e-18
5.518062442941668e-18
5.518232666346820e-18
5.518405518531599e-18
5.518581000277075e-18
5.518759112364316e-18
5.518939855574390e-18
5.519123230688366e-18
5.519309238487312e-18
5.519497879752296e-18
5.519689155264387e-18
5.519883065804653e-18
5.520079612154163e-18
5.520278795093984e-18
5.520480615405186e-18
5.520685073868836e-18
5.520892171266005e-18
5.521101908377758e-18
5.521314285985166e-18
5.521529304869295e-18
5.521746965811215e-18
5.521967269591995e-18
5.522190216992702e-18
5.522415808794405e-18
5.522644045778172e-18
5.522874928725071e-18
5.523108458416173e-18
5.523344635632543e-18
5.523583461155251e-18
5.523824935765365e-18
5.524069060243954e-18
5.524315835372087e-18
5.524565261930830e-18
5.524817340701253e-18
5.525072072464424e-18
5.525329458001413e-18
5.525589498093285e-18
5.525852193521112e-18
5.526117545065960e-18
5.526385553508898e-18
5.526656219630995e-18
5.526929544213318e-18
5.527205528036938e-18
5.527484171882921e-18
5.527765476532335e-18
5.528049442766251e-18
5.528336071365735e-18
5.528625363111857e-18
5.528917318785684e-18
5.529211939168285e-18
5.529509225040729e-18
5.529809177184083e-18
5.530111796379417e-18
5.530417083407799e-18
5.530725039050295e-18
5.531035664087978e-18
5.531348959301912e-18
5.531664925473168e-18
5.531983563382813e-18
5.532304873811916e-18
5.532628857541546e-18
5.532955515352771e-18
5.533284848026658e-18
5.533616856344277e-18
5.533951541086697e-18
5.534288903034984e-18
5.534628942970208e-18
5.534971661673437e-18
5.535317059925740e-18
5.535665138508185e-18
5.536015898201839e-18
5.536369339787773e-18
5.536725464047054e-18
5.537084271760750e-18
5.537445763709929e-18
5.537809940675662e-18
5.538176803439014e-18
5.538546352781057e-18
5.538918589482855e-18
5.539293514325480e-18
5.539671128089999e-18
5.540051431557481e-18
5.540434425508994e-18
5.540820110725606e-18
5.541208487988386e-18
5.541599558078402e-18
5.541993321776723e-18
5.542389779864416e-18
5.542788933122551e-18
5.543190782332195e-18
5.543595328274418e-18
5.544002571730287e-18
5.544412513480871e-18
5.544825154307238e-18
5.545240494990457e-18
5.545658536311596e-18
5.546079279051723e-18
5.546502723991908e-18
5.546928871913217e-18
5.547357723596720e-18
5.547789279823486e-18
5.548223541374582e-18
5.548660509031076e-18
5.549100183574037e-18
5.549542565784534e-18
5.549987656443636e-18
5.550435456332409e-18
5.550885966231923e-18
5.551339186923246e-18
5.551795119187447e-18
5.552253763805594e-18
5.552715121558756e-18
5.553179193227999e-18
5.553645979594394e-18
5.554115481439009e-18
5.554587699542911e-18
5.555062634687169e-18
5.555540287652853e-18
5.556020659221029e-18
5.556503750172767e-18
5.556989561289135e-18
5.557478093351201e-18
5.557969347140033e-18
5.558463323436701e-18
5.558960023022272e-18
5.559459446677815e-18
5.559961595184397e-18
5.560466469323089e-18
5.560974069874957e-18
5.561484397621072e-18
5.561997453342499e-18
5.562513237820308e-18
5.563031751835569e-18
5.563552996169348e-18
5.564076971602715e-18
5.564603678916737e-18
5.565133118892483e-18
5.565665292311022e-18
5.566200199953422e-18
5.566737842600751e-18
5.567278221034078e-18
5.567821336034470e-18
5.568367188382997e-18
5.568915778860727e-18
5.569467108248729e-18
5.570021177328070e-18
5.570577986879819e-18
5.571137537685045e-18
5.571699830524814e-18
5.572264866180198e-18
5.572832645432263e-18
5.573403169062078e-18
5.573976437850711e-18
5.574552452579231e-18
5.575131214028706e-18
5.575712722980204e-18
5.576296980214795e-18
5.576883986513546e-18
5.577473742657526e-18
5.578066249427803e-18
5.578661507605445e-18
5.579259517971521e-18
5.579860281307099e-18
5.580463798393249e-18
5.581070070011037e-18
5.581679096941532e-18
5.582290879965804e-18
5.582905419864919e-18
5.583522717419948e-18
5.584142773411957e-18
5.584765588622016e-18
5.585391163831192e-18
5.586019499820556e-18
5.586650597371173e-18
5.587284457264113e-18
5.587921080280444e-18
5.588560467201236e-18
5.589202618807556e-18
5.589847535880472e-18
5.590495219201052e-18
5.591145669550367e-18
5.591798887709483e-18
5.592454874459470e-18
5.593113630581394e-18
5.593775156856326e-18
5.594439454065332e-18
5.595106522989483e-18
5.595776364409846e-18
5.596448979107489e-18
5.597124367863481e-18
5.597802531458890e-18
5.598483470674784e-18
5.599167186292232e-18
5.599853679092304e-18
5.600542949856066e-18
5.601234999364587e-18
5.601929828398936e-18
5.602627437740181e-18
5.603327828169390e-18
5.604031000467632e-18
5.604736955415975e-18
5.605445693795488e-18
5.606157216387238e-18
5.606871523972295e-18
5.607588617331726e-18
5.608308497246601e-18
5.609031164497986e-18
5.609756619866953e-18
5.610484864134567e-18
5.611215898081898e-18
5.611949722490014e-18
5.612686338139983e-18
5.613425745812874e-18
5.614167946289756e-18
5.614912940351696e-18
5.615660728779764e-18
5.616411312355026e-18
5.617164691858552e-18
5.617920868071411e-18
5.618679841774670e-18
5.619441613749398e-18
5.620206184776664e-18
5.620973555637535e-18
5.621743727113080e-18
5.622516699984368e-18
5.623292475032467e-18
5.624071053038445e-18
5.624852434783371e-18
5.625636621048313e-18
5.626423612614340e-18
5.627213410262519e-18
5.628006014773919e-18
5.628801426929610e-18
5.629599647510658e-18
5.630400677298133e-18
5.631204517073103e-18
5.632011167616636e-18
5.632820629709801e-18
5.633632904133665e-18
5.634447991669299e-18
5.635265893097768e-18
5.636086609200143e-18
5.636910140757491e-18
5.637736488550881e-18
5.638565653361383e-18
5.639397635970063e-18
5.640232437157990e-18
5.641070057706232e-18
5.641910498395859e-18
5.642753760007937e-18
5.643599843323537e-18
5.644448749123724e-18
5.645300478189571e-18
5.646155031302142e-18
5.647012409242508e-18
5.647872612791737e-18
5.648735642730897e-18
5.649601499841056e-18
5.650470184903283e-18
5.651341698698647e-18
5.652216042008215e-18
5.653093215613056e-18
5.653973220294239e-18
5.654856056832830e-18
5.655741726009901e-18
5.656630228606518e-18
5.657521565403750e-18
5.658415737182665e-18
5.659312744724332e-18
5.660212588809820e-18
5.661115270220195e-18
5.662020789736528e-18
5.662929148139886e-18
5.663840346211339e-18
5.664754384731952e-18
5.665671264482796e-18
5.666590986244940e-18
5.667513550799450e-18
5.668438958927397e-18
5.669367211409847e-18
5.670298309027869e-18
5.671232252562533e-18
5.672169042794905e-18
5.673108680506056e-18
5.674051166477052e-18
5.674996501488964e-18
5.675944686322857e-18
5.676895721759802e-18
5.677849608580867e-18
5.678806347567119e-18
5.679765939499628e-18
5.680728385159461e-18
5.681693685327688e-18
5.682661840785377e-18
5.683632852313594e-18
5.684606720693411e-18
5.685583446705894e-18
5.686563031132113e-18
5.687545474753135e-18
5.688530778350028e-18
5.689518942703863e-18
5.690509968595705e-18
5.691503856806625e-18
5.692500608117690e-18
5.693500223309968e-18
5.694502703164531e-18
5.695508048462443e-18
5.696516259984773e-18
5.697527338512591e-18
5.698541284826965e-18
5.699558099708963e-18
5.700577783939653e-18
5.701600338300106e-18
5.702625763571388e-18
5.703654060534567e-18
5.704685229970711e-18
5.705719272660891e-18
5.706756189386174e-18
5.707795980927628e-18
5.708838648066321e-18
5.709884191583323e-18
5.710932612259701e-18
5.711983910876525e-18
5.713038088214862e-18
5.714095145055780e-18
5.715155082180347e-18
5.716217900369634e-18
5.717283600404708e-18
5.718352183066637e-18
5.719423649136489e-18
5.720497999395333e-18
5.721575234624239e-18
5.722655355604272e-18
5.723738363116502e-18
5.724824257942000e-18
5.725913040861828e-18
5.727004712657061e-18
5.728099274108764e-18
5.729196725998008e-18
5.730297069105857e-18
5.731400304213384e-18
5.732506432101654e-18
5.733615453551737e-18
5.734727369344702e-18
5.735842180261616e-18
5.736959887083547e-18
5.738080490591565e-18
5.739203991566738e-18
5.740330390790133e-18
5.741459689042820e-18
5.742591887105868e-18
5.743726985760343e-18
5.744864985787314e-18
5.746005887967851e-18
5.747149693083022e-18
5.748296401913893e-18
5.749446015241536e-18
5.750598533847017e-18
5.751753958511405e-18
5.752912290015768e-18
5.754073529141174e-18
)
;

boundaryField
{
    inlet
    {
        type            fixedValue;
        value           uniform 0;
    }
    outlet
    {
        type            zeroGradient;
    }
    wall
    {
        type            empty;
    }
}


// ************************************************************************* //
