/*--------------------------------*- C++ -*----------------------------------*\
  =========                 |
  \\      /  F ield         | OpenFOAM: The Open Source CFD Toolbox
   \\    /   O peration     | Website:  https://openfoam.org
    \\  /    A nd           | Version:  7
     \\/     M anipulation  |
\*---------------------------------------------------------------------------*/
FoamFile
{
    version     2.0;
    format      ascii;
    class       volScalarField;
    location    "1";
    object       CH3;
}
// * * * * * * * * * * * * * * * * * * * * * * * * * * * * * * * * * * * * * //

dimensions      [0 0 0 0 0 0 0];

internalField   nonuniform List<scalar>
4335
(
-1.827078687692548e-15
-2.371794036153053e-15
-2.912305541273023e-15
-3.448623322825539e-15
-3.980757500583679e-15
-4.508718194320525e-15
-5.032515523809156e-15
-5.552159608822653e-15
-6.067660569134096e-15
-6.579028524516563e-15
-7.086273594743137e-15
-7.589405899586898e-15
-8.088435558820925e-15
-8.583372692218299e-15
-9.074227419552098e-15
-9.561009860595404e-15
-1.004373013512130e-14
-1.052239836290286e-14
-1.099702466371316e-14
-1.146761915732530e-14
-1.193419196351234e-14
-1.239675320204737e-14
-1.285531299270346e-14
-1.330988145525371e-14
-1.376046870947118e-14
-1.420708487512896e-14
-1.464974007200012e-14
-1.508844441985776e-14
-1.552320803847494e-14
-1.595404104762475e-14
-1.638095356708027e-14
-1.680395571661458e-14
-1.722305761600076e-14
-1.763826938501189e-14
-1.804960114342105e-14
-1.845706301100131e-14
-1.886066510752576e-14
-1.926041755276748e-14
-1.965633046649956e-14
-2.004841396849506e-14
-2.043667817852707e-14
-2.082113321636867e-14
-2.120178920179295e-14
-2.157865625457297e-14
-2.195174449448182e-14
-2.232106404129258e-14
-2.268662501477833e-14
-2.304843753471216e-14
-2.340651172086713e-14
-2.376085769301634e-14
-2.411148557093286e-14
-2.445840547438976e-14
-2.480162752316015e-14
-2.514116183701708e-14
-2.547701853573364e-14
-2.580920773908291e-14
-2.613773956683798e-14
-2.646262413877192e-14
-2.678387157465781e-14
-2.710149199426873e-14
-2.741549551737776e-14
-2.772589226375799e-14
-2.803269235318249e-14
-2.833590590542434e-14
-2.863554304025663e-14
-2.893161387745242e-14
-2.922412853678481e-14
-2.951309713802688e-14
-2.979852980095170e-14
-3.008043664533234e-14
-3.035882779094191e-14
-3.063371335755347e-14
-3.090510346494010e-14
-3.117300823287488e-14
-3.143743778113090e-14
-3.169840222948124e-14
-3.195591169769897e-14
-3.220997630555717e-14
-3.246060617282893e-14
-3.270781141928732e-14
-3.295160216470543e-14
-3.319198852885633e-14
-3.342898063151311e-14
-3.366258859244883e-14
-3.389282253143661e-14
-3.411969256824949e-14
-3.434320882266056e-14
-3.456338141444292e-14
-3.478022046336963e-14
-3.499373608921378e-14
-3.520393841174844e-14
-3.541083755074670e-14
-3.561444362598163e-14
-3.581476675722633e-14
-3.601181706425385e-14
-3.620560466683730e-14
-3.639613968474974e-14
-3.658343223776426e-14
-3.676749244565393e-14
-3.694833042819184e-14
-3.712595630515108e-14
-3.730038019630471e-14
-3.747161222142581e-14
-3.763966250028747e-14
-3.780454115266277e-14
-3.796625829832479e-14
-3.812482405704661e-14
-3.828024854860131e-14
-3.843254189276196e-14
-3.858171420930165e-14
-3.872777561799346e-14
-3.887073623861048e-14
-3.901060619092577e-14
-3.914739559471241e-14
-3.928111456974350e-14
-3.941177323579210e-14
-3.953938171263131e-14
-3.966395012003419e-14
-3.978548857777384e-14
-3.990400720562332e-14
-4.001951612335573e-14
-4.013202545074414e-14
-4.024154530756162e-14
-4.034808581358127e-14
-4.045165708857615e-14
-4.055226925231935e-14
-4.064993242458396e-14
-4.074465672514305e-14
-4.083645227376970e-14
-4.092532919023699e-14
-4.101129759431799e-14
-4.109436760578581e-14
-4.117454934441350e-14
-4.125185292997416e-14
-4.132628848224085e-14
-4.139786612098667e-14
-4.146659596598469e-14
-4.153248813700799e-14
-4.159555275382966e-14
-4.165579993622277e-14
-4.171323980396039e-14
-4.176788247681563e-14
-4.181973807456154e-14
-4.186881671697122e-14
-4.191512852381774e-14
-4.195868361487418e-14
-4.199949210991363e-14
-4.203756412870916e-14
-4.207290979103385e-14
-4.210553921666079e-14
-4.213546252536305e-14
-4.216268983691371e-14
-4.218723127108587e-14
-4.220909694765257e-14
-4.222829698638693e-14
-4.224484150706201e-14
-4.225874062945089e-14
-4.227000447332667e-14
-4.227864315846240e-14
-4.228466680463118e-14
-4.228808553160608e-14
-4.228890945916020e-14
-4.228714870706660e-14
-4.228281339509836e-14
-4.227591364302856e-14
-4.226645957063029e-14
-4.225446129767663e-14
-4.223992894394066e-14
-4.222287262919544e-14
-4.220330247321408e-14
-4.218122859576963e-14
-4.215666111663521e-14
-4.212961015558386e-14
-4.210008583238868e-14
-4.206809826682275e-14
-4.203365757865914e-14
-4.199677388767094e-14
-4.195745731363124e-14
-4.191571797631310e-14
-4.187156599548959e-14
-4.182501149093383e-14
-4.177606458241887e-14
-4.172473538971779e-14
-4.167103403260368e-14
-4.161497063084962e-14
-4.155655530422869e-14
-4.149579817251398e-14
-4.143270935547854e-14
-4.136729897289548e-14
-4.129957714453786e-14
-4.122955399017878e-14
-4.115723962959131e-14
-4.108264418254852e-14
-4.100577776882349e-14
-4.092665050818932e-14
-4.084527252041908e-14
-4.076165392528585e-14
-4.067580484256271e-14
-4.058773539202273e-14
-4.049745569343902e-14
-4.040497586658463e-14
-4.031030603123265e-14
-4.021345630715615e-14
-4.011443681412822e-14
-4.001325767192196e-14
-3.990992900031041e-14
-3.980446091906669e-14
-3.969686354796386e-14
-3.958714700677498e-14
-3.947532141527317e-14
-3.936139689323149e-14
-3.924538356042302e-14
-3.912729153662083e-14
-3.900713094159802e-14
-3.888491189512766e-14
-3.876064451698283e-14
-3.863433892693663e-14
-3.850600524476211e-14
-3.837565359023235e-14
-3.824329408312045e-14
-3.810893684319950e-14
-3.797259199024254e-14
-3.783426964402268e-14
-3.769397992431299e-14
-3.755173295088655e-14
-3.740753884351645e-14
-3.726140772197578e-14
-3.711334970603759e-14
-3.696337491547497e-14
-3.681149347006100e-14
-3.665771548956878e-14
-3.650205109377135e-14
-3.634451040244183e-14
-3.618510353535328e-14
-3.602384061227878e-14
-3.586073175299142e-14
-3.569578707726426e-14
-3.552901670487042e-14
-3.536043075558296e-14
-3.519003934917493e-14
-3.501785260541945e-14
-3.484388064408959e-14
-3.466813358495840e-14
-3.449062154779899e-14
-3.431135465238446e-14
-3.413034301848784e-14
-3.394759676588226e-14
-3.376312601434076e-14
-3.357694088363645e-14
-3.338905149354238e-14
-3.319946796383166e-14
-3.300820041427734e-14
-3.281525896465252e-14
-3.262065373473027e-14
-3.242439484428368e-14
-3.222649241308586e-14
-3.202695656090984e-14
-3.182579740752871e-14
-3.162302507271556e-14
-3.141864967624344e-14
-3.121268133788551e-14
-3.100513017741476e-14
-3.079600631460431e-14
-3.058531986922726e-14
-3.037308096105665e-14
-3.015929970986558e-14
-2.994398623542715e-14
-2.972715065751440e-14
-2.950880309590042e-14
-2.928895367035831e-14
-2.906761250066115e-14
-2.884478970658199e-14
-2.862049540789391e-14
-2.839473972437005e-14
-2.816753277578343e-14
-2.793888468190715e-14
-2.770880556251431e-14
-2.747730553737793e-14
-2.724439472627115e-14
-2.701008324896703e-14
-2.677438122523868e-14
-2.653729877485912e-14
-2.629884601760146e-14
-2.605903307323876e-14
-2.581787006154414e-14
-2.557536710229069e-14
-2.533153431525144e-14
-2.508638182019948e-14
-2.483991973690791e-14
-2.459215818514983e-14
-2.434310728469823e-14
-2.409277715532629e-14
-2.384117791680704e-14
-2.358831968891358e-14
-2.333421259141896e-14
-2.307886674409632e-14
-2.282229226671869e-14
-2.256449927905916e-14
-2.230549790089078e-14
-2.204529825198672e-14
-2.178391045211998e-14
-2.152134462106366e-14
-2.125761087859081e-14
-2.099271934447458e-14
-2.072668013848801e-14
-2.045950338040416e-14
-2.019119918999618e-14
-1.992177768703708e-14
-1.965124899129994e-14
-1.937962322255792e-14
-1.910691050058398e-14
-1.883312094515130e-14
-1.855826467603292e-14
-1.828235181300190e-14
-1.800539247583138e-14
-1.772739678429437e-14
-1.744837485816401e-14
-1.716833681721336e-14
-1.688729278121549e-14
-1.660525286994346e-14
-1.632222720317043e-14
-1.603822590066937e-14
-1.575325908221342e-14
-1.546733686757568e-14
-1.518046937652921e-14
-1.489266672884706e-14
-1.460393904430238e-14
-1.431429644266813e-14
-1.402374904371752e-14
-1.373230696722358e-14
-1.343998033295936e-14
-1.314677926069802e-14
-1.285271387021253e-14
-1.255779428127600e-14
-1.226203061366163e-14
-1.196543298714234e-14
-1.166801152149128e-14
-1.136977633648159e-14
-1.107073755188623e-14
-1.077090528747833e-14
-1.047028966303104e-14
-1.016890079831729e-14
-9.866748813110284e-15
-9.563843827183091e-15
-9.260195960308769e-15
-8.955815332260364e-15
-8.650712062811017e-15
-8.344896271733720e-15
-8.038378078801703e-15
-7.731167603787893e-15
-7.423274966465433e-15
-7.114710286607403e-15
-6.805483683986913e-15
-6.495605278376951e-15
-6.185085189550753e-15
-5.873933537281242e-15
-5.562160441341561e-15
-5.249776021504821e-15
-4.936790397544042e-15
-4.623213689232332e-15
-4.309056016342804e-15
-3.994327498648444e-15
-3.679038255922426e-15
-3.363198407937832e-15
-3.046818074467644e-15
-2.729907375285073e-15
-2.412476430163100e-15
-2.094535358874839e-15
-1.776094281193435e-15
-1.457163316891837e-15
-1.137752585743159e-15
-8.178722075205447e-16
-4.975323019970432e-16
-1.767429889457340e-16
1.444856118603029e-16
4.661433806479533e-16
7.882201976442049e-16
1.110705943075944e-15
1.433590497170055e-15
1.756863740153528e-15
2.080515552253247e-15
2.404535813696167e-15
2.728914404709139e-15
3.053641205519119e-15
3.378706096353024e-15
3.704098957437741e-15
4.029809669000258e-15
4.355828111267496e-15
4.682144164466305e-15
5.008747708823604e-15
5.335628624566385e-15
5.662776791921566e-15
5.990182091115995e-15
6.317834402376632e-15
6.645723605930393e-15
6.973839582004163e-15
7.302172210824968e-15
7.630711372619625e-15
7.959446947615119e-15
8.288368816038267e-15
8.617466858116131e-15
8.946730954075487e-15
9.276150984143399e-15
9.605716828546679e-15
9.935418367512281e-15
1.026524548126717e-14
1.059518805003818e-14
1.092523595405227e-14
1.125537907353637e-14
1.158560728871739e-14
1.191591047982225e-14
1.224627852707791e-14
1.257670131071122e-14
1.290716871094913e-14
1.323767060801860e-14
1.356819688214644e-14
1.389873741355975e-14
1.422928208248527e-14
1.455982076915000e-14
1.489034335378084e-14
1.522083971660476e-14
1.555129973784857e-14
1.588171329773934e-14
1.621207027650390e-14
1.654236055436915e-14
1.687257401156208e-14
1.720270052830954e-14
1.753272998483847e-14
1.786265226137584e-14
1.819245723814849e-14
1.852213479538343e-14
1.885167481330748e-14
1.918106717214762e-14
1.951030175213079e-14
1.983936843348387e-14
2.016825709643379e-14
2.049695762120746e-14
2.082545988803181e-14
2.115375377713375e-14
2.148182916874024e-14
2.180967594307815e-14
2.213728398037441e-14
2.246464316085598e-14
2.279174336474973e-14
2.311857447228260e-14
2.344512636368150e-14
2.377138891917337e-14
2.409735201898512e-14
2.442300554334366e-14
2.474833937247592e-14
2.507334338660883e-14
2.539800746596929e-14
2.572232149078422e-14
2.604627534128055e-14
2.636985889768521e-14
2.669306204022512e-14
2.701587464912715e-14
2.733828660461827e-14
2.766028778692541e-14
2.798186807627543e-14
2.830301735289531e-14
2.862372549701194e-14
2.894398238885225e-14
2.926377790864316e-14
2.958310193661158e-14
2.990194435298444e-14
3.022029503798865e-14
3.053814387185114e-14
3.085548073479884e-14
3.117229550705865e-14
3.148857806885748e-14
3.180431830042227e-14
3.211950608197996e-14
3.243413129375741e-14
3.274818381598159e-14
3.306165352887942e-14
3.337453031267777e-14
3.368680404760362e-14
3.399846461388388e-14
3.430950189174541e-14
3.461990576141520e-14
3.492966610312017e-14
3.523877279708716e-14
3.554721572354320e-14
3.585498476271512e-14
3.616206979482986e-14
3.646846070011440e-14
3.677414735879558e-14
3.707911965110034e-14
3.738336745725566e-14
3.768688065748836e-14
3.798964913202544e-14
3.829166276109382e-14
3.859291142492035e-14
3.889338500373202e-14
3.919307337775571e-14
3.949196642721834e-14
3.979005403234687e-14
4.008732607336818e-14
4.038377243050918e-14
4.067938298399685e-14
4.097414761405805e-14
4.126805620091971e-14
4.156109862480879e-14
4.185326476595217e-14
4.214454450457677e-14
4.243492772090954e-14
4.272440429517737e-14
4.301296410760720e-14
4.330059703842593e-14
4.358729296786049e-14
4.387304177613781e-14
4.415783334348479e-14
4.444165755012837e-14
4.472450427629545e-14
4.500636340221297e-14
4.528722480810781e-14
4.556707837420697e-14
4.584591398073729e-14
4.612372150792573e-14
4.640049083599919e-14
4.667621184518461e-14
4.695087441570888e-14
4.722446842779896e-14
4.749698376168173e-14
4.776841029758414e-14
4.803873791573310e-14
4.830795649635552e-14
4.857605591967834e-14
4.884302606592846e-14
4.910885681533281e-14
4.937353804811831e-14
4.963705964451187e-14
4.989941148474044e-14
5.016058344903089e-14
5.042056541761020e-14
5.067934727070521e-14
5.093691888854292e-14
5.119327015135022e-14
5.144839093935401e-14
5.170227113278123e-14
5.195490061185882e-14
5.220626925681364e-14
5.245636694787266e-14
5.270518356526281e-14
5.295270898921093e-14
5.319893309994405e-14
5.344384577768903e-14
5.368743690267276e-14
5.392969635512223e-14
5.417061401526434e-14
5.441017976332597e-14
5.464838347953405e-14
5.488521504411555e-14
5.512066433729733e-14
5.535472123930633e-14
5.558737563036950e-14
5.581861739071372e-14
5.604843640056592e-14
5.627682254015303e-14
5.650376568970197e-14
5.672925572943963e-14
5.695328253959299e-14
5.717583600038891e-14
5.739690599205434e-14
5.761648239481620e-14
5.783455508890140e-14
5.805111395453685e-14
5.826614887194950e-14
5.847964972136627e-14
5.869160638301401e-14
5.890200873711973e-14
5.911084666391031e-14
5.931811004361267e-14
5.952378875645374e-14
5.972787268266043e-14
5.993035170245964e-14
6.013121569607832e-14
6.033045454374341e-14
6.052805812568179e-14
6.072401632212037e-14
6.091831901328610e-14
6.111095607940591e-14
6.130191740070667e-14
6.149119285741535e-14
6.167877232975887e-14
6.186464569796410e-14
6.204880284225800e-14
6.223123364286749e-14
6.241192798001947e-14
6.259087573394088e-14
6.276806678485864e-14
6.294349101299964e-14
6.311713829859081e-14
6.328899852185910e-14
6.345906156303140e-14
6.362731730233465e-14
6.379375561999576e-14
6.395836639624164e-14
6.412113951129921e-14
6.428206484539544e-14
6.444113227875716e-14
6.459833169161137e-14
6.475365296418496e-14
6.490708597670483e-14
6.505862060939793e-14
6.520824674249116e-14
6.535595425621147e-14
6.550173303078573e-14
6.564557294644090e-14
6.578746388340388e-14
6.592739572190161e-14
6.606535834216099e-14
6.620134162440897e-14
6.633533544887242e-14
6.646732969577830e-14
6.659731424535352e-14
6.672527897782496e-14
6.685121377341962e-14
6.697510851236438e-14
6.709695307488614e-14
6.721673734121184e-14
6.733445119156839e-14
6.745008450618270e-14
6.756362716528173e-14
6.767506904909239e-14
6.778440003784156e-14
6.789161001175620e-14
6.799668885106321e-14
6.809962643598953e-14
6.820041264676203e-14
6.829903736360769e-14
6.839549046675341e-14
6.848976183642609e-14
6.858184135285267e-14
6.867171889626007e-14
6.875938434687519e-14
6.884482758492498e-14
6.892803849063635e-14
6.900900694423620e-14
6.908772282595146e-14
6.916417601600908e-14
6.923835639463592e-14
6.931025384205895e-14
6.937985823850508e-14
6.944715946420121e-14
6.951214739937427e-14
6.957481192425122e-14
6.963514291905890e-14
6.969313026402431e-14
6.974876383937430e-14
6.980203352533583e-14
6.985292920213582e-14
6.990144075000119e-14
6.994755804915885e-14
6.999127097983570e-14
7.003256942225870e-14
7.007144325665477e-14
7.010788236325076e-14
7.014187662227368e-14
7.017341591395042e-14
7.020249011850787e-14
7.022908911617298e-14
7.025320278717266e-14
7.027482101173382e-14
7.029393367008341e-14
7.031053064244833e-14
7.032460180905549e-14
7.033613705013181e-14
7.034512624590424e-14
7.035155927659968e-14
7.035542602244504e-14
7.035671636366725e-14
7.035542018049324e-14
7.035152735314991e-14
7.034502776186421e-14
7.033591128686301e-14
7.032416780837327e-14
7.030978720662191e-14
7.029275936183583e-14
7.027307415424195e-14
7.025072146406722e-14
7.022569117153854e-14
7.019797315688281e-14
7.016755730032698e-14
7.013443348209794e-14
7.009859158242265e-14
7.006002148152801e-14
7.001871305964093e-14
6.997465619698834e-14
6.992784077379714e-14
6.987825667029429e-14
6.982589376670668e-14
6.977074194326123e-14
6.971279108018488e-14
6.965203105770454e-14
6.958845175604711e-14
6.952204305543954e-14
6.945279483610874e-14
6.938069697828161e-14
6.930573936218510e-14
6.922791186804611e-14
6.914720437609157e-14
6.906360676654839e-14
6.897710891964352e-14
6.888770071560383e-14
6.879537203465626e-14
6.870011275702773e-14
6.860191276294521e-14
6.850076193263556e-14
6.839665014632568e-14
6.828956728424256e-14
6.817950322661307e-14
6.806644785366415e-14
6.795039104562273e-14
6.783132268271570e-14
6.770923264516999e-14
6.758411081321253e-14
6.745594706707022e-14
6.732473128697000e-14
6.719045335313882e-14
6.705310314580353e-14
6.691267054519107e-14
6.676914543152841e-14
6.662251768504240e-14
6.647277718596000e-14
6.631991381450816e-14
6.616391745091373e-14
6.600477797540365e-14
6.584248526820488e-14
6.567702920954430e-14
6.550839967964884e-14
6.533658655874543e-14
6.516157972706101e-14
6.498336906482241e-14
6.480194445225665e-14
6.461729576959062e-14
6.442941289705122e-14
6.423828571486537e-14
6.404390410326004e-14
6.384625794246207e-14
6.364533711269842e-14
6.344113149419605e-14
6.323363096718183e-14
6.302282541188266e-14
6.280870470852553e-14
6.259125873733728e-14
6.237047737854489e-14
6.214635051237526e-14
6.191886801905532e-14
6.168801977881198e-14
6.145379567187215e-14
6.121618557846276e-14
6.097517937881070e-14
6.073076695314298e-14
6.048293818168644e-14
6.023168294466800e-14
5.997699112231459e-14
5.971885259485318e-14
5.945725724251060e-14
5.919219494551388e-14
5.892365558408988e-14
5.865162903846545e-14
5.837610518886760e-14
5.809707391552327e-14
5.781452509865928e-14
5.752844861850267e-14
5.723883435528027e-14
5.694567218921901e-14
5.664895200054581e-14
5.634866366948767e-14
5.604479707627140e-14
5.573734210112400e-14
5.542628862427238e-14
5.511162652594337e-14
5.479334568636397e-14
5.447143598576112e-14
5.414588730436167e-14
5.381668952239262e-14
5.348383252008084e-14
5.314730617765322e-14
5.280710037533673e-14
5.246320499335826e-14
5.211560991194478e-14
5.176430501132319e-14
5.140928017172034e-14
5.105052527336327e-14
5.068803019647878e-14
5.032178482129384e-14
4.995177902803542e-14
4.957800269693041e-14
4.920044570820565e-14
4.881909794208819e-14
4.843394927880484e-14
4.804498959858252e-14
4.765220878164835e-14
4.725559670822895e-14
4.685514325855142e-14
4.645083831284268e-14
4.604267175132957e-14
4.563063345423904e-14
4.521471330179813e-14
4.479490117423355e-14
4.437118695177234e-14
4.394356051464143e-14
4.351201174306767e-14
4.307653051727804e-14
4.263710671749947e-14
4.219373022395887e-14
4.174639091688309e-14
4.129507867649908e-14
4.083978338303385e-14
4.038049491671421e-14
3.991720315776720e-14
3.944989798641962e-14
3.897856928289836e-14
3.850320692743046e-14
3.802380080024282e-14
3.754034078156233e-14
3.705281675161587e-14
3.656121859063044e-14
3.606553617883287e-14
3.556575939645014e-14
3.506187812370925e-14
3.455388224083698e-14
3.404176162806025e-14
3.352550616560610e-14
3.300510573370132e-14
3.248055021257287e-14
3.195182948244780e-14
3.141893342355291e-14
3.088185191611501e-14
3.034057484036118e-14
2.979509207651838e-14
2.924539350481335e-14
2.869146900547314e-14
2.813330845872474e-14
2.757090174479486e-14
2.700423874391053e-14
2.643330933629871e-14
2.585810340218623e-14
2.527861082180013e-14
2.469482147536725e-14
2.410672524311449e-14
2.351431200526872e-14
2.291757164205705e-14
2.231649403370625e-14
2.171106906044331e-14
2.110128660249512e-14
2.048713654008853e-14
1.986860875345052e-14
1.924569312280809e-14
1.861837952838806e-14
1.798665785041741e-14
1.735051796912302e-14
1.670994976473173e-14
1.606494311747060e-14
1.541548790756653e-14
1.476157401524633e-14
1.410319132073710e-14
1.344032970426556e-14
1.277297904605879e-14
1.210112922634360e-14
1.142477012534693e-14
1.074389162329584e-14
1.005848360041710e-14
9.368535936937609e-15
8.674038728452849e-15
7.975027728665907e-15
7.271640560549143e-15
6.564028630654658e-15
5.852343345534379e-15
5.136736111740231e-15
4.417358335824404e-15
3.694361424338733e-15
2.967896783835322e-15
2.238115820866367e-15
1.505169941983517e-15
7.692105537389668e-16
3.038906268482524e-17
-7.111431246270812e-16
-1.455234601644645e-15
-2.201733961815666e-15
-2.950489798588505e-15
-3.701350705410959e-15
-4.454165275731018e-15
-5.208782102996571e-15
-5.965049780655793e-15
-6.722816902156483e-15
-7.481932060946721e-15
-8.242243850474588e-15
-9.003600864187979e-15
-9.765851695534777e-15
-1.052884493796317e-14
-1.129242918492094e-14
-1.205645302985618e-14
-1.282076506621696e-14
-1.358521388745118e-14
-1.434964808700674e-14
-1.511391625833170e-14
-1.587786699487416e-14
-1.664134889008190e-14
-1.740421053740311e-14
-1.816630053028567e-14
-1.892746746217748e-14
-1.968755992652662e-14
-2.044642651678118e-14
-2.120391582638893e-14
-2.195987644879807e-14
-2.271415697745648e-14
-2.346660600581215e-14
-2.421707212731288e-14
-2.496540393540704e-14
-2.571145002354240e-14
-2.645505898516689e-14
-2.719607941372866e-14
-2.793435990267559e-14
-2.866974904545552e-14
-2.940209543551678e-14
-3.013124766630718e-14
-3.085705433127460e-14
-3.157936402386722e-14
-3.229802533753285e-14
-3.301288686571956e-14
-3.372379720187544e-14
-3.443060493944836e-14
-3.513315867188623e-14
-3.583130699263722e-14
-3.652489849514914e-14
-3.721378177287006e-14
-3.789780541924805e-14
-3.857681802773100e-14
-3.925066819176684e-14
-3.991920450480371e-14
-4.058227556028941e-14
-4.123972995167212e-14
-4.189141627239965e-14
-4.253718311592015e-14
-4.317687907568153e-14
-4.381035274513169e-14
-4.443745271771869e-14
-4.505802758689062e-14
-4.567192594609528e-14
-4.627899638878084e-14
-4.687908750839517e-14
-4.747204789838623e-14
-4.805772615220205e-14
-4.863597086329068e-14
-4.920663062510000e-14
-4.976955403107809e-14
-5.032458967467291e-14
-5.087158614933235e-14
-5.141039204850448e-14
-5.194085596563735e-14
-5.246282649417880e-14
-5.297615222757696e-14
-5.348068175927976e-14
-5.397626368273503e-14
-5.446274659139105e-14
-5.493997907869564e-14
-5.540780973809674e-14
-5.586608716304249e-14
-5.631465994698076e-14
-5.675337668335951e-14
-5.718208596562679e-14
-5.760063638723061e-14
-5.800887654161893e-14
-5.840665502223968e-14
-5.879382042254095e-14
-5.917022133597062e-14
-5.953570635597672e-14
-5.989012407600729e-14
-6.023332308951028e-14
-6.056515198993362e-14
-6.088545937072537e-14
-6.119409382533347e-14
-6.149090394720591e-14
-6.177573832979074e-14
-6.204844556653589e-14
-6.230887425088931e-14
-6.255687297629905e-14
-6.279229033621309e-14
-6.301497492407938e-14
-6.322477533334596e-14
-6.342154015746077e-14
-6.360511798987181e-14
-6.377535742402705e-14
-6.393210705337454e-14
-6.407521547136219e-14
-6.420453127143801e-14
-6.431990304705001e-14
-6.442117939164615e-14
-6.450820889867442e-14
-6.458084016158281e-14
-6.463892177381934e-14
-6.468230232883193e-14
-6.471083042006861e-14
-6.472435464097735e-14
-6.472272358500616e-14
-6.470578584560301e-14
-6.467339001621586e-14
-6.462538469029274e-14
-6.456161846128162e-14
-6.448193992263049e-14
-6.438619766778733e-14
-6.427424029020011e-14
-6.414591638331683e-14
-6.400107454058550e-14
-6.383956335545406e-14
-6.366123142137056e-14
-6.346592733178293e-14
-6.325349968013916e-14
-6.302379705988726e-14
-6.277666806447521e-14
-6.251196128735099e-14
-6.222952532196263e-14
-6.192920876175802e-14
-6.161086020018524e-14
-6.127432823069221e-14
-6.091946144672694e-14
-6.054610844173747e-14
-6.015411780917172e-14
-5.974333814247766e-14
-5.931361803510337e-14
-5.886480608049670e-14
-5.839675087210572e-14
-5.790930100337849e-14
-5.740230506776289e-14
-5.687561165870688e-14
-5.632906936965856e-14
-5.576252679406579e-14
-5.517583252537661e-14
-5.456883515703917e-14
-5.394138328250115e-14
-5.329332549521071e-14
-5.262451038861587e-14
-5.193478655616449e-14
-5.122400259130462e-14
-5.049200708748435e-14
-4.973864863815157e-14
-4.896377583675417e-14
-4.816723727674024e-14
-4.734888155155785e-14
-4.650855725465480e-14
-4.564611297947928e-14
-4.476139731947916e-14
-4.385425886810234e-14
-4.292454621879688e-14
-4.197210796501092e-14
-4.099679270019217e-14
-3.999844901778892e-14
-3.897692551124898e-14
-3.793207077402022e-14
-3.686373339955074e-14
-3.577176198128871e-14
-3.465600511268192e-14
-3.351631138717828e-14
-3.235252939822602e-14
-3.116450773927284e-14
-2.995209500376688e-14
-2.871513978515626e-14
-2.745349067688886e-14
-2.616699627241246e-14
-2.485550516517520e-14
-2.351886594862528e-14
-2.215692721621031e-14
-2.076953756137848e-14
-1.935654557757810e-14
-1.791779985825645e-14
-1.645314899686188e-14
-1.496244158684238e-14
-1.344552622164630e-14
-1.190225149472089e-14
-1.033246599951470e-14
-8.736018329475308e-15
-7.112757078050914e-15
-5.462530838689502e-15
-3.785188204839061e-15
-2.080577769948016e-15
-3.485481274636789e-16
1.411052129165930e-15
3.198374406492644e-15
5.013570111068438e-15
6.856790649445364e-15
8.728148142757334e-15
1.062685114753445e-14
1.255120465570112e-14
1.449947437376388e-14
1.646992600822953e-14
1.846082526560485e-14
2.047043785239587e-14
2.249702947511087e-14
2.453886584025590e-14
2.659421265433774e-14
2.866133562386317e-14
3.073850045533898e-14
3.282397285527116e-14
3.491601853016808e-14
3.701290318653573e-14
3.911289253088090e-14
4.121425226971037e-14
4.331524810953066e-14
4.541414575684910e-14
4.750921091817167e-14
4.959870930000620e-14
5.168090660885896e-14
5.375406855123674e-14
5.581646083364606e-14
5.786634916259421e-14
5.990199924458722e-14
6.192167678613290e-14
6.392364749373753e-14
6.590617707390785e-14
6.786753123315047e-14
6.980597567797260e-14
7.171977611488035e-14
7.360719825038144e-14
7.546650779098217e-14
7.729597044318933e-14
7.909385191350950e-14
8.085841790844988e-14
8.258793413451664e-14
8.428066629821739e-14
8.593488010605851e-14
8.754884126454675e-14
8.912081548018873e-14
9.064906845949164e-14
9.213186590896203e-14
9.356747353510635e-14
9.495415704443210e-14
9.629018214344554e-14
9.757381453865394e-14
9.880331993656345e-14
9.997696404368118e-14
1.010930125665139e-13
1.021497312115684e-13
1.031453856853518e-13
1.040782416943702e-13
1.049465649451310e-13
1.057486211441405e-13
1.064826759979056e-13
1.071469952129335e-13
1.077398444957305e-13
1.082594895528037e-13
1.087041960906597e-13
1.090722298158052e-13
1.093618564347472e-13
1.095713416539925e-13
1.096989511800477e-13
1.097429507194197e-13
1.097016059786152e-13
1.095731826641411e-13
1.093559464825041e-13
1.090481631402111e-13
1.086480983437688e-13
1.081540177996838e-13
1.075641872144632e-13
1.068768722946137e-13
1.060903387466419e-13
1.052028522770551e-13
1.042126785923592e-13
1.031180833990618e-13
1.019173324036694e-13
1.006086913126885e-13
9.919042583262640e-14
9.766080166998965e-14
9.601808453128505e-14
9.426054012301894e-14
9.238643415169893e-14
9.039403232383144e-14
8.828160034592266e-14
8.604740392448104e-14
8.368970876601114e-14
8.120678057702146e-14
7.859688506401813e-14
7.585828793350738e-14
7.298925489199722e-14
6.998805164599388e-14
6.685294390200411e-14
6.358219736653383e-14
6.017407774609149e-14
5.662685074718308e-14
5.293878207631441e-14
4.910813743999414e-14
4.513318254472818e-14
4.101218309702320e-14
3.674340480338613e-14
3.232511337032252e-14
2.775557450434145e-14
2.303305391194740e-14
1.815581729965070e-14
1.312213037395454e-14
7.930263858361079e-15
2.580729215167810e-15
-2.920201653552122e-15
-8.565343938373858e-15
-1.434751282987667e-14
-2.025952351863845e-14
-2.629419119523710e-14
-3.244433105025209e-14
-3.870275827425823e-14
-4.506228805783657e-14
-5.151573559156017e-14
-5.805591606601178e-14
-6.467564467176933e-14
-7.136773659940745e-14
-7.812500703950734e-14
-8.494027118264356e-14
-9.180634421939566e-14
-9.871604134034160e-14
-1.056621777360592e-13
-1.126375685971282e-13
-1.196350291141230e-13
-1.266473744776249e-13
-1.336674198782084e-13
-1.406879805064513e-13
-1.477018715529369e-13
-1.547019082082378e-13
-1.616809056629353e-13
-1.686316791076039e-13
-1.755470437328232e-13
-1.824198147291712e-13
-1.892428072872257e-13
-1.960088365975663e-13
-2.027107178507676e-13
-2.093412662374108e-13
-2.158932969480704e-13
-2.223596251733245e-13
-2.287330661037557e-13
-2.350064349299372e-13
-2.411725468424500e-13
-2.472242170318689e-13
-2.531542606887734e-13
-2.589554930037428e-13
-2.646207291673506e-13
-2.701427843701805e-13
-2.755144738028062e-13
-2.807286126558070e-13
-2.857780161197620e-13
-2.906554993852467e-13
-2.953538776428401e-13
-2.998659660831201e-13
-3.041845798966658e-13
-3.083025342740529e-13
-3.122126444058604e-13
-3.159077254826671e-13
-3.193805926950482e-13
-3.226240612335851e-13
-3.256309462888531e-13
-3.283940630514311e-13
-3.309062267118975e-13
-3.331602524608289e-13
-3.351489554888038e-13
-3.368651509864004e-13
-3.383016541441967e-13
-3.394512801527699e-13
-3.403068442026984e-13
-3.408611614845600e-13
-3.411070471889325e-13
-3.410373165063941e-13
-3.406447846275223e-13
-3.399222667428953e-13
-3.388625780430907e-13
-3.374585337186868e-13
-3.357029489602609e-13
-3.335886389583924e-13
-3.311084189036569e-13
-3.282551039866341e-13
-3.250215093979014e-13
-3.214004503280357e-13
-3.173847419676167e-13
-3.129671995072215e-13
-3.081406381374280e-13
-3.028978730488140e-13
-2.972317194319561e-13
-2.911349924774348e-13
-2.846005073758252e-13
-2.776210793177101e-13
-2.701895234936625e-13
-2.622986550942596e-13
-2.539412893100837e-13
-2.451102413317082e-13
-2.357983263497156e-13
-2.259983595546818e-13
-2.157031561371844e-13
-2.049055312878013e-13
-1.935983001971076e-13
-1.817742780556869e-13
-1.694262800541111e-13
-1.565471213829643e-13
-1.431296172328250e-13
-1.291665827942606e-13
-1.146508332578593e-13
-9.957518381419198e-14
-8.393244965384368e-14
-6.771544596738887e-14
-5.091698794540536e-14
-3.352989077847112e-14
-1.554696965715936e-14
3.038960227942906e-15
2.223508368626716e-14
4.204218990982453e-14
6.241380048077980e-14
8.328225149867206e-14
1.045797791314875e-13
1.262386195472385e-13
1.481910089139158e-13
1.703691833995266e-13
1.927053791720782e-13
2.151318323995555e-13
2.375807792499825e-13
2.599844558913443e-13
2.822750984916536e-13
3.043849432189011e-13
3.262462262410939e-13
3.477911837262338e-13
3.689520518423226e-13
3.896610667573670e-13
4.098504646393584e-13
4.294524816563038e-13
4.483993539762095e-13
4.666233177670631e-13
4.840566091968849e-13
5.006314644336628e-13
5.162801196454034e-13
5.309348110001116e-13
5.445277746657819e-13
5.569912468104198e-13
5.682574636020270e-13
5.782586612086075e-13
5.869270757981581e-13
5.941949435386832e-13
5.999945005981855e-13
6.042579831446641e-13
6.069176273461222e-13
6.079056693705616e-13
6.071543453859839e-13
6.045958915603899e-13
6.001625440617829e-13
5.937865390581620e-13
5.854001127175344e-13
5.749355012078938e-13
5.623249406972486e-13
5.475006673535984e-13
5.303949173449402e-13
5.109399268392843e-13
4.890679320046282e-13
4.647111690089741e-13
4.378018740203233e-13
4.082722832066700e-13
3.760546327360304e-13
3.410811587763904e-13
3.032840974957789e-13
2.625956850621700e-13
2.189481576435638e-13
1.723176409872832e-13
1.232761057691809e-13
7.282493830902624e-14
2.197500507566787e-14
-2.826282746198282e-14
-7.687769283509064e-14
-1.228587245747806e-13
-1.651950562121563e-13
-2.028758212783648e-13
-2.348901533045140e-13
-2.602271858217351e-13
-2.778760523611710e-13
-2.868258864539321e-13
-2.860658216311492e-13
-2.745849914239489e-13
-2.513725293634591e-13
-2.154175689808065e-13
-1.657092438071177e-13
-1.012366873735014e-13
-2.098903321111618e-14
7.604458514895183e-14
1.908750341755276e-13
3.245131803374709e-13
4.779698901037622e-13
6.522560299431679e-13
8.483824663246485e-13
1.067360065716979e-12
1.310111566966787e-12
1.575849586130891e-12
1.862236050248317e-12
2.166876741258757e-12
2.487377441101395e-12
2.821343931715798e-12
3.166381995041203e-12
3.520097413017098e-12
3.880095967582892e-12
4.243983440677989e-12
4.609365614241887e-12
4.973848270213809e-12
5.335037190533254e-12
5.690538157139715e-12
6.037956951972335e-12
6.374899356970866e-12
6.698971154074459e-12
7.007778125222604e-12
7.298926052354782e-12
7.570020717410246e-12
7.818667902328483e-12
8.042473389048898e-12
8.239042959510943e-12
8.405982395653924e-12
8.540897479417303e-12
8.641393992740503e-12
8.705077717562873e-12
8.729923398573304e-12
8.724773732611973e-12
8.710854697163996e-12
8.710065917752176e-12
8.744307019899318e-12
8.835477629128250e-12
9.005477370961677e-12
9.276205870922579e-12
9.669562754533588e-12
1.020744764731756e-11
1.091176017479750e-11
1.180439996249585e-11
1.290726663593557e-11
1.424225982063946e-11
1.583127914213032e-11
1.769622422593145e-11
1.985899469756472e-11
2.234149018255403e-11
2.516561030642019e-11
2.835325469468798e-11
3.192632297288049e-11
3.590671476651874e-11
4.031632970112752e-11
4.517706740222744e-11
5.051082749534234e-11
5.633950960599503e-11
6.268501335970831e-11
6.956965770260549e-11
7.703634975971115e-11
8.515752544679002e-11
9.400790135107981e-11
1.036621940598217e-10
1.141951201602650e-10
1.256813962396440e-10
1.381957388852062e-10
1.518128646841870e-10
1.666074902238313e-10
1.826543320913809e-10
2.000281068740774e-10
2.188035311591676e-10
2.390553215338836e-10
2.609247663038029e-10
2.850165845446075e-10
3.121325287739852e-10
3.430750737302506e-10
3.786466941516748e-10
4.196498647765689e-10
4.668870603432055e-10
5.211607555898868e-10
5.832734252549061e-10
6.540275440765556e-10
7.342255867931503e-10
8.246700281429424e-10
9.261633428642709e-10
1.039522703430964e-09
1.166971306794022e-09
1.313282677573007e-09
1.483499658999970e-09
1.682665094307013e-09
1.915821826726085e-09
2.188012699489282e-09
2.504297113151991e-09
2.870109756279792e-09
3.291257558464353e-09
3.773563397210219e-09
4.322850150022331e-09
4.944940694405693e-09
5.645657907864835e-09
6.432917394704959e-09
7.334035027213674e-09
8.386841706939562e-09
9.629272222218098e-09
1.109926136138552e-08
1.283474391277829e-08
1.487365466473098e-08
1.726083116729638e-08
2.007230439876591e-08
2.339291252176397e-08
2.731173769028588e-08
3.198855012839855e-08
3.764146674431559e-08
4.449029763336807e-08
5.274148045143390e-08
6.257055025800906e-08
7.414869027590560e-08
8.777913556417170e-08
1.047361852875675e-07
1.267274695835154e-07
1.554729574079970e-07
1.930596532621935e-07
2.422713245680510e-07
3.082033307368164e-07
3.971854641911052e-07
5.156037190135256e-07
6.792144675840273e-07
9.177908202813790e-07
1.259871280976434e-06
1.749791312272237e-06
2.459728943900392e-06
3.507461084494138e-06
5.033317850427929e-06
7.244876704676777e-06
1.042435435149561e-05
1.494531751169889e-05
2.129237597426276e-05
3.009155852978498e-05
4.216480113329262e-05
5.862110665505362e-05
8.098375378177598e-05
1.113269084771062e-04
1.523579909543600e-04
2.073552711003723e-04
2.798577877901238e-04
3.730104978294799e-04
4.885161781345590e-04
6.252662129823312e-04
7.779613355645337e-04
9.362726448628708e-04
1.085207255323123e-03
1.207101261859938e-03
1.285058356384952e-03
1.306736616497581e-03
1.267671446161225e-03
1.173064606729013e-03
1.036132900829605e-03
8.748119808026907e-04
7.073956817917891e-04
5.493288753042889e-04
4.110623266388688e-04
2.975532310152980e-04
2.094057750819856e-04
1.438986420083583e-04
9.697012084877610e-05
6.431919701873739e-05
4.231713684089406e-05
2.767236183521402e-05
1.797599761298778e-05
1.161259980483755e-05
7.441424195677227e-06
4.781984522677672e-06
3.157724519005897e-06
2.079217690670260e-06
1.355310102695065e-06
8.869263331741436e-07
5.781111774391693e-07
3.700715421037523e-07
2.372611315622847e-07
1.586606171979030e-07
1.145567925892413e-07
8.558168320402056e-08
6.153455884831954e-08
4.216079877361179e-08
2.770427421356811e-08
1.807829198833760e-08
1.216308762042468e-08
8.637640794909311e-09
6.249982800988041e-09
4.468854753163380e-09
3.191775910368921e-09
2.321948488740787e-09
1.762574704415509e-09
1.416856773529987e-09
1.187996912220686e-09
9.921905841768177e-10
8.107677646031369e-10
6.454254526205406e-10
4.978675732514552e-10
3.697980515181508e-10
2.629208124430592e-10
1.789364201508023e-10
1.181235709349010e-10
7.713821612931566e-11
5.206774888441360e-11
3.899956235057834e-11
3.402104967817357e-11
3.321960401757112e-11
3.272349036311185e-11
3.044110717647715e-11
2.671046121908818e-11
2.204427832281945e-11
1.695528431954948e-11
1.195620504115451e-11
7.559766319507031e-12
4.250806013588419e-12
2.111984024151771e-12
9.239127113670499e-13
4.598585668521611e-13
4.930880822258584e-13
7.968677491066340e-13
1.144464059113221e-12
1.335734512988558e-12
1.345014806493151e-12
1.216978351589851e-12
9.964928010459658e-13
7.284258076285277e-13
4.576450241049479e-13
2.290152833370781e-13
7.533901477714171e-14
-1.024243594707282e-14
-4.272708209508141e-14
-3.711293692640034e-14
-8.398013700536497e-15
2.841967432297648e-14
5.841987530803761e-14
7.301455806197285e-14
7.453195704540906e-14
6.638100872667212e-14
5.197064957408793e-14
3.470981605597795e-14
1.800744464067743e-14
5.169196068265623e-15
-2.647320263276587e-15
-6.313383188537563e-15
-6.779690309999239e-15
-4.996939230138129e-15
-1.915827551431790e-15
1.512947123640078e-15
4.411146076311384e-15
6.531191242338656e-15
7.950227702998841e-15
8.748084201928697e-15
9.004589482764462e-15
8.799572289143036e-15
8.212861364700860e-15
7.324285453075119e-15
6.213673297901579e-15
4.960853642817619e-15
3.645655231459612e-15
2.347906807463876e-15
1.147437114467702e-15
1.239254159591181e-16
-6.722540258844577e-16
-1.254976213528205e-15
-1.646636409725806e-15
-1.869629877231629e-15
-1.946351878799874e-15
-1.899197677184704e-15
-1.750562535140355e-15
-1.522841715421023e-15
-1.238430480780901e-15
-9.197240939741112e-16
-5.891178177550097e-16
-2.690069148776417e-16
1.821335190356262e-17
2.515188141656355e-16
4.260677199137203e-16
5.475753576201909e-16
6.219382878794281e-16
6.550530712857637e-16
6.528162684335893e-16
6.211244399172729e-16
5.658741463311818e-16
4.929619482696641e-16
4.082844063271240e-16
3.177380810978911e-16
2.272195331763793e-16
1.426253231569540e-16
6.984992193792298e-17
1.304880317861289e-17
-2.851487231787371e-17
-5.643198656929390e-17
-7.229342159344016e-17
-7.769005940808232e-17
-7.421278203100573e-17
-6.345247147998203e-17
-4.700000977279444e-17
-2.644627892721314e-17
-3.382160961026591e-18
2.060146210798654e-17
4.391370826206645e-17
6.496369548341762e-17
8.222433041559666e-17
9.522430147487454e-17
1.043601888161982e-16
1.100543302745530e-16
1.127290636849242e-16
1.128067268822969e-16
1.107096577016564e-16
1.068601939779873e-16
1.016806735462768e-16
9.559343424151105e-17
8.902081389867064e-17
8.238515035274567e-17
7.610878143871835e-17
7.061404231493217e-17
6.622708825284624e-17
6.292374718875653e-17
6.060010712603031e-17
5.915225606803037e-17
5.847628201812329e-17
5.846827297967381e-17
5.902431695604710e-17
6.004050195060822e-17
6.141291596672233e-17
6.303764700775461e-17
6.481078307707064e-17
6.662841217803472e-17
6.838662231401240e-17
6.998370421508372e-17
7.137171368767001e-17
7.255825380348130e-17
7.355348691755591e-17
7.436757538493363e-17
7.501068156065337e-17
7.549296779975465e-17
7.582459645727673e-17
7.601572988825894e-17
7.607653044774054e-17
7.601716049076083e-17
7.584778237235911e-17
7.557855844757459e-17
7.521965107144673e-17
7.478122259901473e-17
7.427343538531791e-17
7.370645178539555e-17
7.309043415428679e-17
7.243554484703123e-17
7.175194621866784e-17
7.104980062423643e-17
7.033927041877561e-17
6.963051795732519e-17
6.893370559492430e-17
6.825899568661205e-17
6.761655058742809e-17
6.701653265241152e-17
6.646896685830619e-17
6.597853760061930e-17
6.554299167093655e-17
6.515961220909669e-17
6.482568235493804e-17
6.453848524829940e-17
6.429530402901902e-17
6.409342183693562e-17
6.393012181188769e-17
6.380268709371373e-17
6.370840082225235e-17
6.364454613734204e-17
6.360840617882138e-17
6.359726408652886e-17
6.360840300030305e-17
6.363910605998247e-17
6.368665640540570e-17
6.374833717641122e-17
6.382143151283759e-17
6.390322255452339e-17
6.399099344130710e-17
6.408202731302731e-17
6.417360730952252e-17
6.426301657063129e-17
6.434753823619211e-17
6.442445544604358e-17
6.449105134002425e-17
6.454462624793034e-17
6.458368530931540e-17
6.460870830855717e-17
6.462035806870326e-17
6.461929741280129e-17
6.460618916389890e-17
6.458169614504367e-17
6.454648117928326e-17
6.450120708966525e-17
6.444653669923729e-17
6.438313283104702e-17
6.431165830814200e-17
6.423277595356989e-17
6.414714859037829e-17
6.405543904161484e-17
6.395831013032715e-17
6.385642467956285e-17
6.375044551236954e-17
6.364103545179482e-17
6.352885732088637e-17
6.341457394269178e-17
6.329884814025864e-17
6.318234273663465e-17
6.306572055486732e-17
6.294964441800435e-17
6.283477714909333e-17
6.272178157118189e-17
6.261131912114730e-17
6.250383307471046e-17
6.239931273775272e-17
6.229769076951490e-17
6.219889982923786e-17
6.210287257616241e-17
6.200954166952935e-17
6.191883976857953e-17
6.183069953255380e-17
6.174505362069292e-17
6.166183469223778e-17
6.158097540642913e-17
6.150240842250787e-17
6.142606639971477e-17
6.135188199729072e-17
6.127978787447647e-17
6.120971669051289e-17
6.114160110464078e-17
6.107537377610097e-17
6.101096736413432e-17
6.094831452798162e-17
6.088734792688370e-17
6.082800022008138e-17
6.077020406681548e-17
6.071389212632685e-17
6.065899705785629e-17
6.060545152064465e-17
6.055318817393272e-17
6.050213967696135e-17
6.045223868897137e-17
6.040341786920359e-17
6.035560987689883e-17
6.030874737129793e-17
6.026276301164172e-17
6.021758945717100e-17
6.017315936712661e-17
6.012940540074938e-17
6.008626021728010e-17
6.004365647595965e-17
6.000152683602883e-17
5.995980395672844e-17
5.991842049729934e-17
5.987730911698232e-17
5.983640247501825e-17
5.979563323064792e-17
5.975493404311217e-17
5.971423757165182e-17
5.967347647550768e-17
5.963258341392060e-17
5.959149104613139e-17
5.955013203138088e-17
5.950843902890991e-17
5.946634469795927e-17
5.942378169776981e-17
5.938068268933537e-17
5.933699656149177e-17
5.929272809507909e-17
5.924789409500221e-17
5.920251136616611e-17
5.915659671347563e-17
5.911016694183569e-17
5.906323885615120e-17
5.901582926132705e-17
5.896795496226816e-17
5.891963276387943e-17
5.887087947106574e-17
5.882171188873201e-17
5.877214682178315e-17
5.872220107512406e-17
5.867189145365962e-17
5.862123476229479e-17
5.857024780593440e-17
5.851894738948339e-17
5.846735031784667e-17
5.841547339592914e-17
5.836333342863569e-17
5.831094722087123e-17
5.825833157754066e-17
5.820550330354889e-17
5.815247920380082e-17
5.809927608320134e-17
5.804591074665538e-17
5.799239999906782e-17
5.793876064534358e-17
5.788500949038755e-17
5.783116333910465e-17
5.777723899639975e-17
5.772325326717778e-17
5.766922295634362e-17
5.761516486880222e-17
5.756109580945844e-17
5.750703258321720e-17
5.745299199498338e-17
5.739899084966192e-17
5.734504595215769e-17
5.729117410737562e-17
5.723739212022061e-17
5.718371679559755e-17
5.713016493841132e-17
5.707675335356688e-17
5.702349884596907e-17
5.697041822052287e-17
5.691752828213310e-17
5.686484583570473e-17
5.681238768614262e-17
5.676017063835168e-17
5.670821149723684e-17
5.665652706770297e-17
5.660513415465500e-17
5.655404722845982e-17
5.650326712659912e-17
5.645278975203557e-17
5.640261100092549e-17
5.635272676942531e-17
5.630313295369140e-17
5.625382544988013e-17
5.620480015414790e-17
5.615605296265106e-17
5.610757977154604e-17
5.605937647698916e-17
5.601143897513688e-17
5.596376316214551e-17
5.591634493417146e-17
5.586918018737114e-17
5.582226481790088e-17
5.577559472191710e-17
5.572916579557617e-17
5.568297393503446e-17
5.563701503644837e-17
5.559128499597427e-17
5.554577970976855e-17
5.550049507398760e-17
5.545542698478778e-17
5.541057133832549e-17
5.536592403075709e-17
5.532148095823900e-17
5.527723801692755e-17
5.523319110297918e-17
5.518933611255023e-17
5.514566894179710e-17
5.510218548687617e-17
5.505888164394381e-17
5.501575330915642e-17
5.497279637867037e-17
5.493000674864204e-17
5.488738031522783e-17
5.484491297458410e-17
5.480260062286724e-17
5.476043915623363e-17
5.471842447083967e-17
5.467655246284172e-17
5.463481902839617e-17
5.459322006365940e-17
5.455175146478779e-17
5.451040912793773e-17
5.446918894926560e-17
5.442808682492777e-17
5.438709865108065e-17
5.434622032388058e-17
5.430544773948398e-17
5.426477679404721e-17
5.422420338372666e-17
5.418372340467872e-17
5.414333297379181e-17
5.410303048670720e-17
5.406281568340800e-17
5.402268832125278e-17
5.398264815760007e-17
5.394269494980841e-17
5.390282845523636e-17
5.386304843124245e-17
5.382335463518524e-17
5.378374682442326e-17
5.374422475631505e-17
5.370478818821917e-17
5.366543687749416e-17
5.362617058149857e-17
5.358698905759092e-17
5.354789206312979e-17
5.350887935547370e-17
5.346995069198119e-17
5.343110583001082e-17
5.339234452692114e-17
5.335366654007068e-17
5.331507162681799e-17
5.327655954452160e-17
5.323813005054008e-17
5.319978290223195e-17
5.316151785695578e-17
5.312333467207009e-17
5.308523310493345e-17
5.304721291290438e-17
5.300927385334143e-17
5.297141568360316e-17
5.293363816104809e-17
5.289594104303480e-17
5.285832408692180e-17
5.282078705006764e-17
5.278332968983087e-17
5.274595176357003e-17
5.270865302864369e-17
5.267143324241038e-17
5.263429216222861e-17
5.259722954545698e-17
5.256024514945398e-17
5.252333873157821e-17
5.248651004918817e-17
5.244975885964243e-17
5.241308492029953e-17
5.237648798851800e-17
5.233996782165640e-17
5.230352417707326e-17
5.226715681212714e-17
5.223086548417659e-17
5.219464995058013e-17
5.215850996869632e-17
5.212244529588369e-17
5.208645568950081e-17
5.205054090690622e-17
5.201470070545843e-17
5.197893484251603e-17
5.194324307543753e-17
5.190762516158150e-17
5.187208085830646e-17
5.183660992297098e-17
5.180121211293359e-17
5.176588718555283e-17
5.173063489818726e-17
5.169545500819541e-17
5.166034727293583e-17
5.162531144976706e-17
5.159034729604765e-17
5.155545456913616e-17
5.152063302639109e-17
5.148588242517103e-17
5.145120252283450e-17
5.141659307674006e-17
5.138205384424623e-17
5.134758458271158e-17
5.131318504949465e-17
5.127885500195397e-17
5.124459419744809e-17
5.121040239333557e-17
5.117627934697493e-17
5.114222481572473e-17
5.110823855694352e-17
5.107432032798983e-17
5.104046988622222e-17
5.100668698899920e-17
5.097297139367936e-17
5.093932285762121e-17
5.090574113818332e-17
5.087222599272422e-17
5.083877717860246e-17
5.080539445317658e-17
5.077207757380511e-17
5.073882629784663e-17
5.070564038265966e-17
5.067251958560275e-17
5.063946366403444e-17
5.060647237531328e-17
5.057354547679781e-17
5.054068272584658e-17
5.050788387981813e-17
5.047514869607101e-17
5.044247693196376e-17
5.040986834485493e-17
5.037732269210305e-17
5.034483973106668e-17
5.031241921910435e-17
5.028006091357463e-17
5.024776457277083e-17
5.021553000489003e-17
5.018335709211963e-17
5.015124572263457e-17
5.011919578460984e-17
5.008720716622039e-17
5.005527975564117e-17
5.002341344104716e-17
4.999160811061332e-17
4.995986365251460e-17
4.992817995492597e-17
4.989655690602242e-17
4.986499439397886e-17
4.983349230697029e-17
4.980205053317166e-17
4.977066896075793e-17
4.973934747790407e-17
4.970808597278505e-17
4.967688433357582e-17
4.964574244845133e-17
4.961466020558657e-17
4.958363749315649e-17
4.955267419933605e-17
4.952177021230022e-17
4.949092542022396e-17
4.946013971128222e-17
4.942941297364998e-17
4.939874509550219e-17
4.936813596501383e-17
4.933758547035985e-17
4.930709349971521e-17
4.927665994125488e-17
4.924628468315380e-17
4.921596761358697e-17
4.918570862072934e-17
4.915550759275585e-17
4.912536441784150e-17
4.909527898416121e-17
4.906525117988998e-17
4.903528089320275e-17
4.900536801227448e-17
4.897551242528016e-17
4.894571402039473e-17
4.891597268579316e-17
4.888628830965040e-17
4.885666078014143e-17
4.882708998544121e-17
4.879757581372469e-17
4.876811815316685e-17
4.873871689194263e-17
4.870937191822702e-17
4.868008312019496e-17
4.865085038602142e-17
4.862167360388137e-17
4.859255266194975e-17
4.856348744840156e-17
4.853447785141173e-17
4.850552375915525e-17
4.847662505980705e-17
4.844778164154211e-17
4.841899339253539e-17
4.839026020096186e-17
4.836158195499648e-17
4.833295854281421e-17
4.830438985259001e-17
4.827587577249884e-17
4.824741619071567e-17
4.821901099541547e-17
4.819066007477318e-17
4.816236331696378e-17
4.813412061016223e-17
4.810593184254348e-17
4.807779690228252e-17
4.804971567755428e-17
4.802168805653375e-17
4.799371392739588e-17
4.796579317831563e-17
4.793792569746796e-17
4.791011137302784e-17
4.788235009317024e-17
4.785464174607011e-17
4.782698621990242e-17
4.779938340284212e-17
4.777183318306420e-17
4.774433544874360e-17
4.771689008805527e-17
4.768949698917420e-17
4.766215604027534e-17
4.763486712953365e-17
4.760763014512411e-17
4.758044497522166e-17
4.755331150800127e-17
4.752622963163792e-17
4.749919923430654e-17
4.747222020418212e-17
4.744529242943961e-17
4.741841579825399e-17
4.739159019880019e-17
4.736481551925320e-17
4.733809164778797e-17
4.731141847257946e-17
4.728479588180265e-17
4.725822376363248e-17
4.723170200624394e-17
4.720523049781197e-17
4.717880912651152e-17
4.715243778051759e-17
4.712611634800512e-17
4.709984471714909e-17
4.707362277559374e-17
4.704745040886060e-17
4.702132750194045e-17
4.699525393982410e-17
4.696922960750238e-17
4.694325438996608e-17
4.691732817220600e-17
4.689145083921295e-17
4.686562227597775e-17
4.683984236749119e-17
4.681411099874408e-17
4.678842805472723e-17
4.676279342043146e-17
4.673720698084755e-17
4.671166862096632e-17
4.668617822577856e-17
4.666073568027510e-17
4.663534086944673e-17
4.660999367828426e-17
4.658469399177851e-17
4.655944169492026e-17
4.653423667270035e-17
4.650907881010955e-17
4.648396799213869e-17
4.645890410377859e-17
4.643388703002001e-17
4.640891665585379e-17
4.638399286627072e-17
4.635911554626163e-17
4.633428458081730e-17
4.630949985492855e-17
4.628476125358618e-17
4.626006866178101e-17
4.623542196450382e-17
4.621082104674545e-17
4.618626579349668e-17
4.616175608974832e-17
4.613729182049120e-17
4.611287287071610e-17
4.608849912541382e-17
4.606417046957519e-17
4.603988678819100e-17
4.601564796625207e-17
4.599145388874919e-17
4.596730444067318e-17
4.594319950701485e-17
4.591913897276499e-17
4.589512272291440e-17
4.587115064245392e-17
4.584722261637434e-17
4.582333852966645e-17
4.579949826732107e-17
4.577570171432901e-17
4.575194875568107e-17
4.572823927636805e-17
4.570457316138077e-17
4.568095029571002e-17
4.565737056434663e-17
4.563383385228140e-17
4.561034004450511e-17
4.558688902600859e-17
4.556348068178264e-17
4.554011489681808e-17
4.551679155610570e-17
4.549351054463630e-17
4.547027174740071e-17
4.544707504938971e-17
4.542392033559413e-17
4.540080749100475e-17
4.537773640061240e-17
4.535470694940788e-17
4.533171902238200e-17
4.530877250452555e-17
4.528586728082935e-17
4.526300323628422e-17
4.524018025588092e-17
4.521739822461030e-17
4.519465702746315e-17
4.517195654943028e-17
4.514929667550249e-17
4.512667729067059e-17
4.510409827992539e-17
4.508155952825769e-17
4.505906092065830e-17
4.503660234211803e-17
4.501418367762767e-17
4.499180481217805e-17
4.496946563075998e-17
4.494716601836422e-17
4.492490585998162e-17
4.490268504060297e-17
4.488050344521908e-17
4.485836095882076e-17
4.483625746639880e-17
4.481419285294403e-17
4.479216700344725e-17
4.477017980289924e-17
4.474823113629084e-17
4.472632088861285e-17
4.470444894485606e-17
4.468261519001128e-17
4.466081950906933e-17
4.463906178702101e-17
4.461734190885712e-17
4.459565975956847e-17
4.457401522414588e-17
4.455240818758013e-17
4.453083853486204e-17
4.450930615648977e-17
4.448781101101772e-17
4.446635310290160e-17
4.444493243745700e-17
4.442354901999953e-17
4.440220285584471e-17
4.438089395030814e-17
4.435962230870540e-17
4.433838793635208e-17
4.431719083856372e-17
4.429603102065592e-17
4.427490848794427e-17
4.425382324574431e-17
4.423277529937163e-17
4.421176465414182e-17
4.419079131537043e-17
4.416985528837308e-17
4.414895657846529e-17
4.412809519096268e-17
4.410727113118080e-17
4.408648440443523e-17
4.406573501604156e-17
4.404502297131536e-17
4.402434827557218e-17
4.400371093412764e-17
4.398311095229729e-17
4.396254833539671e-17
4.394202308874147e-17
4.392153521764716e-17
4.390108472742936e-17
4.388067162340361e-17
4.386029591088553e-17
4.383995759519066e-17
4.381965668163460e-17
4.379939317553291e-17
4.377916708220118e-17
4.375897840695498e-17
4.373882715510988e-17
4.371871333198147e-17
4.369863694288531e-17
4.367859799313698e-17
4.365859648805208e-17
4.363863243294615e-17
4.361870583313478e-17
4.359881669393354e-17
4.357896502065804e-17
4.355915081862380e-17
4.353937409314643e-17
4.351963484954152e-17
4.349993309312460e-17
4.348026882921128e-17
4.346064206311713e-17
4.344105280015773e-17
4.342150104564866e-17
4.340198680490547e-17
4.338251008324376e-17
4.336307088597909e-17
4.334366921842705e-17
4.332430508590320e-17
4.330497849372314e-17
4.328568944720242e-17
4.326643795165663e-17
4.324722401240135e-17
4.322804763475214e-17
4.320890882402458e-17
4.318980758553427e-17
4.317074392459677e-17
4.315171784652764e-17
4.313272935664247e-17
4.311377846025683e-17
4.309486516268631e-17
4.307598946924647e-17
4.305715138525290e-17
4.303835091602116e-17
4.301958806686684e-17
4.300086284310551e-17
4.298217525005275e-17
4.296352529302412e-17
4.294491297733523e-17
4.292633830830162e-17
4.290780129123888e-17
4.288930193146259e-17
4.287084023428831e-17
4.285241620503164e-17
4.283402984900814e-17
4.281568117153339e-17
4.279737017792297e-17
4.277909687349244e-17
4.276086126355739e-17
4.274266335343340e-17
4.272450314843604e-17
4.270638065388089e-17
4.268829587508350e-17
4.267024881735949e-17
4.265223948602440e-17
4.263426788639382e-17
4.261633402378333e-17
4.259843790350850e-17
4.258057953088490e-17
4.256275891122811e-17
4.254497604985372e-17
4.252723095207729e-17
4.250952362321440e-17
4.249185406858064e-17
4.247422229349155e-17
4.245662830326273e-17
4.243907210320977e-17
4.242155369864822e-17
4.240407309448583e-17
4.238663026407616e-17
4.236922512728627e-17
4.235185759880217e-17
4.233452759330993e-17
4.231723502549560e-17
4.229997981004521e-17
4.228276186164481e-17
4.226558109498048e-17
4.224843742473823e-17
4.223133076560411e-17
4.221426103226419e-17
4.219722813940450e-17
4.218023200171108e-17
4.216327253387000e-17
4.214634965056730e-17
4.212946326648901e-17
4.211261329632119e-17
4.209579965474990e-17
4.207902225646117e-17
4.206228101614106e-17
4.204557584847560e-17
4.202890666815085e-17
4.201227338985286e-17
4.199567592826767e-17
4.197911419808132e-17
4.196258811397988e-17
4.194609759064937e-17
4.192964254277585e-17
4.191322288504539e-17
4.189683853214400e-17
4.188048939875774e-17
4.186417539957268e-17
4.184789644927484e-17
4.183165246255026e-17
4.181544335408502e-17
4.179926903856515e-17
4.178312943067668e-17
4.176702444510568e-17
4.175095399653821e-17
4.173491799966029e-17
4.171891636915797e-17
4.170294901971730e-17
4.168701586602435e-17
4.167111682276513e-17
4.165525180462572e-17
4.163942072629216e-17
4.162362350245048e-17
4.160786004778673e-17
4.159213027698697e-17
4.157643410473726e-17
4.156077144572361e-17
4.154514221463209e-17
4.152954632614876e-17
4.151398369495963e-17
4.149845423575078e-17
4.148295786320826e-17
4.146749449201809e-17
4.145206403686633e-17
4.143666641243904e-17
4.142130153342225e-17
4.140596931450201e-17
4.139066967036437e-17
4.137540251569539e-17
4.136016776518109e-17
4.134496533350754e-17
4.132979513536078e-17
4.131465708542686e-17
4.129955109839183e-17
4.128447708894172e-17
4.126943497176261e-17
4.125442466154051e-17
4.123944607296149e-17
4.122449912071159e-17
4.120958371947685e-17
4.119469978394334e-17
4.117984722879709e-17
4.116502596872415e-17
4.115023591841057e-17
4.113547699254238e-17
4.112074910580567e-17
4.110605217288644e-17
4.109138610847077e-17
4.107675082724470e-17
4.106214624389426e-17
4.104757227310551e-17
4.103302882956450e-17
4.101851582795728e-17
4.100403318296988e-17
4.098958080928837e-17
4.097515862159879e-17
4.096076653458717e-17
4.094640446293957e-17
4.093207232134205e-17
4.091777002448065e-17
4.090349748704141e-17
4.088925462371037e-17
4.087504134917360e-17
4.086085757811713e-17
4.084670322522701e-17
4.083257820518928e-17
4.081848243269002e-17
4.080441582241524e-17
4.079037828905101e-17
4.077636974728337e-17
4.076239011179836e-17
4.074843929728203e-17
4.073451721842044e-17
4.072062378989963e-17
4.070675892640564e-17
4.069292254262453e-17
4.067911455324233e-17
4.066533487294511e-17
4.065158341641890e-17
4.063786009834975e-17
4.062416483342372e-17
4.061049753632683e-17
4.059685812174516e-17
4.058324650436473e-17
4.056966259887161e-17
4.055610631995184e-17
4.054257758229146e-17
4.052907630057652e-17
4.051560238949306e-17
4.050215576372714e-17
4.048873633796482e-17
4.047534402689211e-17
4.046197874519509e-17
4.044864040755979e-17
4.043532892867227e-17
4.042204422321856e-17
4.040878620588473e-17
4.039555479135680e-17
4.038234989432085e-17
4.036917142946290e-17
4.035601931146901e-17
4.034289345502521e-17
4.032979377481758e-17
4.031672018553214e-17
4.030367260185495e-17
4.029065093847205e-17
4.027765511006949e-17
4.026468503133332e-17
4.025174061694958e-17
4.023882178160433e-17
4.022592843998363e-17
4.021306050677348e-17
4.020021789665996e-17
4.018740052432911e-17
4.017460830446699e-17
4.016184115175963e-17
4.014909898089308e-17
4.013638170655340e-17
4.012368924342663e-17
4.011102150619881e-17
4.009837840955600e-17
4.008575986818424e-17
4.007316579676958e-17
4.006059610999806e-17
4.004805072255574e-17
4.003552954912865e-17
4.002303250440286e-17
4.001055950306440e-17
3.999811045979932e-17
3.998568528929367e-17
3.997328390623350e-17
3.996090622530485e-17
3.994855216119378e-17
3.993622162858632e-17
3.992391454216853e-17
3.991163081662646e-17
3.989937036664614e-17
3.988713310691364e-17
3.987491895211499e-17
3.986272781693624e-17
3.985055961606344e-17
3.983841426418265e-17
3.982629167597990e-17
3.981419176614124e-17
3.980211444935272e-17
3.979005964030038e-17
3.977802725367029e-17
3.976601720414847e-17
3.975402940642099e-17
3.974206377517388e-17
3.973012022509319e-17
3.971819867086498e-17
3.970629902717528e-17
3.969442120871015e-17
3.968256513015564e-17
3.967073070619778e-17
3.965891785152263e-17
3.964712648081623e-17
3.963535650876465e-17
3.962360785005391e-17
3.961188041937007e-17
3.960017413139918e-17
3.958848890082727e-17
3.957682464234041e-17
3.956518127062462e-17
3.955355870036598e-17
3.954195684625052e-17
3.953037562296428e-17
3.951881494519332e-17
3.950727472762369e-17
3.949575488494142e-17
3.948425533183258e-17
3.947277598298320e-17
3.946131675307934e-17
3.944987755680703e-17
3.943845830885233e-17
3.942705892390129e-17
3.941567931663994e-17
3.940431940175435e-17
3.939297909393055e-17
3.938165830785460e-17
3.937035695821254e-17
3.935907496158561e-17
3.934781226291275e-17
3.933656882896274e-17
3.932534462706586e-17
3.931413962455239e-17
3.930295378875265e-17
3.929178708699693e-17
3.928063948661553e-17
3.926951095493873e-17
3.925840145929685e-17
3.924731096702019e-17
3.923623944543902e-17
3.922518686188365e-17
3.921415318368439e-17
3.920313837817152e-17
3.919214241267534e-17
3.918116525452615e-17
3.917020687105425e-17
3.915926722958993e-17
3.914834629746349e-17
3.913744404200522e-17
3.912656043054543e-17
3.911569543041441e-17
3.910484900894245e-17
3.909402113345987e-17
3.908321177129694e-17
3.907242088978396e-17
3.906164845625125e-17
3.905089443802909e-17
3.904015880244777e-17
3.902944151683760e-17
3.901874254852887e-17
3.900806186485187e-17
3.899739943313692e-17
3.898675522071429e-17
3.897612919491430e-17
3.896552132306723e-17
3.895493157250339e-17
3.894435991055307e-17
3.893380630454656e-17
3.892327072181416e-17
3.891275312968619e-17
3.890225349549291e-17
3.889177178656464e-17
3.888130797023167e-17
3.887086201382430e-17
3.886043388467282e-17
3.885002355010754e-17
3.883963097745874e-17
3.882925613405674e-17
3.881889898723181e-17
3.880855950431426e-17
3.879823765263439e-17
3.878793339952249e-17
3.877764671230887e-17
3.876737755832381e-17
3.875712590489761e-17
3.874689171936057e-17
3.873667496904299e-17
3.872647562127516e-17
3.871629364338738e-17
3.870612900270996e-17
3.869598166657318e-17
3.868585160230733e-17
3.867573877724274e-17
3.866564315870966e-17
3.865556471403843e-17
3.864550341055933e-17
3.863545921560266e-17
3.862543209649870e-17
3.861542202057776e-17
3.860542895517014e-17
3.859545286760614e-17
3.858549372521604e-17
3.857555149533015e-17
3.856562614527877e-17
3.855571764239218e-17
3.854582595400069e-17
3.853595104743462e-17
3.852609289002422e-17
3.851625144909980e-17
3.850642669199168e-17
3.849661858603014e-17
3.848682709854547e-17
3.847705219686798e-17
3.846729384832797e-17
3.845755202025572e-17
3.844782667998155e-17
3.843811779483574e-17
3.842842533214857e-17
3.841874925925038e-17
3.840908954347144e-17
3.839944615214205e-17
3.838981905259250e-17
3.838020821215310e-17
3.837061359815414e-17
3.836103517792592e-17
3.835147291879873e-17
3.834192678810288e-17
3.833239675316866e-17
3.832288278132636e-17
3.831338483990628e-17
3.830390289623873e-17
3.829443691765399e-17
3.828498687148236e-17
3.827555272505415e-17
3.826613444569964e-17
3.825673200074913e-17
3.824734535753292e-17
3.823797448338132e-17
3.822861934562460e-17
3.821927991159308e-17
3.820995614861706e-17
3.820064802402681e-17
3.819135550515263e-17
3.818207855932485e-17
3.817281715387374e-17
3.816357125612960e-17
3.815434083342273e-17
3.814512585308343e-17
3.813592628244199e-17
3.812674208882871e-17
3.811757323957389e-17
3.810841970200782e-17
3.809928144346080e-17
3.809015843126312e-17
3.808105063274510e-17
3.807195801523701e-17
3.806288054606917e-17
3.805381819257186e-17
3.804477092207537e-17
3.803573870191002e-17
3.802672149940609e-17
3.801771928189389e-17
3.800873201670370e-17
3.799975967116584e-17
3.799080221261058e-17
3.798185960836823e-17
3.797293182576909e-17
3.796401883214346e-17
3.795512059482162e-17
3.794623708113389e-17
3.793736825841054e-17
3.792851409398190e-17
3.791967455517823e-17
3.791084960932985e-17
3.790203922376705e-17
3.789324336582013e-17
3.788446200281938e-17
3.787569510209511e-17
3.786694263097761e-17
3.785820455679717e-17
3.784948084688410e-17
3.784077146856869e-17
3.783207638918123e-17
3.782339557605203e-17
3.781472899651137e-17
3.780607661788957e-17
3.779743840751691e-17
3.778881433272368e-17
3.778020436084020e-17
3.777160845919675e-17
3.776302659512363e-17
3.775445873595115e-17
3.774590484900958e-17
3.773736490162923e-17
3.772883886114042e-17
3.772032669487341e-17
3.771182837015852e-17
3.770334385432603e-17
3.769487311470626e-17
3.768641611862948e-17
3.767797283342601e-17
3.766954322642613e-17
3.766112726496015e-17
3.765272491635836e-17
3.764433614795104e-17
3.763596092706853e-17
3.762759922104109e-17
3.761925099719903e-17
3.761091622287265e-17
3.760259486539224e-17
3.759428689208809e-17
3.758599227029051e-17
3.757771096732980e-17
3.756944295053624e-17
3.756118818724014e-17
3.755294664477180e-17
3.754471829046149e-17
3.753650309163954e-17
3.752830101563624e-17
3.752011202978188e-17
3.751193610140675e-17
3.750377319784115e-17
3.749562328641540e-17
3.748748633445976e-17
3.747936230930455e-17
3.747125117828007e-17
3.746315290871660e-17
3.745506746794444e-17
3.744699482329390e-17
3.743893494209527e-17
3.743088779167885e-17
3.742285333937493e-17
3.741483155251381e-17
3.740682239842578e-17
3.739882584444115e-17
3.739084185789021e-17
3.738287040610326e-17
3.737491145641059e-17
3.736696497614250e-17
3.735903093262930e-17
3.735110929320126e-17
3.734320002518870e-17
3.733530309592190e-17
3.732741847273117e-17
3.731954612294681e-17
3.731168601389910e-17
3.730383811291835e-17
3.729600238733485e-17
3.728817880447890e-17
3.728036733168080e-17
3.727256793627084e-17
3.726478058557932e-17
3.725700524693654e-17
3.724924188767280e-17
3.724149047511838e-17
3.723375097660359e-17
3.722602335945874e-17
3.721830759101409e-17
3.721060363859997e-17
3.720291146954666e-17
3.719523105118447e-17
3.718756235084369e-17
3.717990533585460e-17
3.717225997354753e-17
3.716462623125275e-17
3.715700407630057e-17
3.714939347602128e-17
3.714179439774518e-17
3.713420680880258e-17
3.712663067652375e-17
3.711906596823901e-17
3.711151265127864e-17
3.710397069297295e-17
3.709644006065223e-17
3.708892072164678e-17
3.708141264328688e-17
3.707391579290286e-17
3.706643013782499e-17
3.705895564538358e-17
3.705149228290893e-17
3.704404001773132e-17
3.703659881718106e-17
3.702916864858844e-17
3.702174947928376e-17
3.701434127659732e-17
3.700694400785941e-17
3.699955764040033e-17
3.699218214155039e-17
3.698481747863986e-17
3.697746361899906e-17
3.697012052995827e-17
3.696278817884780e-17
3.695546653299794e-17
3.694815555973900e-17
3.694085522640126e-17
3.693356550031501e-17
3.692628634881057e-17
3.691901773921823e-17
3.691175963886827e-17
3.690451201509101e-17
3.689727483521674e-17
3.689004806657574e-17
3.688283167649834e-17
3.687562563231480e-17
3.686842990135544e-17
3.686124445095055e-17
3.685406924843044e-17
3.684690426112538e-17
3.683974945636569e-17
3.683260480148165e-17
3.682547026380357e-17
3.681834581066175e-17
3.681123140938647e-17
3.680412702730804e-17
3.679703263175676e-17
3.678994819006291e-17
3.678287366955679e-17
3.677580903756872e-17
3.676875426142898e-17
3.676170930846786e-17
3.675467414601566e-17
3.674764874140269e-17
3.674063306195923e-17
3.673362707501559e-17
3.672663074790206e-17
3.671964404794894e-17
3.671266694248652e-17
3.670569939884511e-17
3.669874138435500e-17
3.669179286634648e-17
3.668485381214985e-17
3.667792418909542e-17
3.667100396451347e-17
3.666409310573431e-17
3.665719158008822e-17
3.665029935490552e-17
3.664341639751648e-17
3.663654267525141e-17
3.662967815544062e-17
3.662282280541439e-17
3.661597659250302e-17
3.660913948403681e-17
3.660231144734606e-17
3.659549244976106e-17
3.658868245861210e-17
3.658188144122950e-17
3.657508936494353e-17
3.656830619708450e-17
3.656153190498272e-17
3.655476645596846e-17
3.654800981737204e-17
3.654126195652373e-17
3.653452284075387e-17
3.652779243739271e-17
3.652107071377057e-17
3.651435763721775e-17
3.650765317506454e-17
3.650095729464124e-17
3.649426996327815e-17
3.648759114830555e-17
3.648092081705376e-17
3.647425893685306e-17
3.646760547503375e-17
3.646096039892613e-17
3.645432367586050e-17
3.644769527316716e-17
3.644107515817638e-17
3.643446329821850e-17
3.642785966062378e-17
3.642126421272254e-17
3.641467692184506e-17
3.640809775532164e-17
3.640152668048259e-17
3.639496366465820e-17
3.638840867517876e-17
3.638186167937457e-17
3.637532264457593e-17
3.636879153811313e-17
3.636226832731648e-17
3.635575297951627e-17
3.634924546204280e-17
3.634274574222636e-17
3.633625378739724e-17
3.632976956488576e-17
3.632329304202220e-17
3.631682418613685e-17
3.631036296456003e-17
3.630390934462202e-17
3.629746329365312e-17
3.629102477898363e-17
3.628459376794385e-17
3.627817022786407e-17
3.627175412607458e-17
3.626534542990570e-17
3.625894410668769e-17
3.625255012375088e-17
3.624616344842557e-17
3.623978404804203e-17
3.623341188993057e-17
3.622704694142149e-17
3.622068916984508e-17
3.621433854253164e-17
3.620799502681147e-17
3.620165859001487e-17
3.619532919947212e-17
3.618900682251353e-17
3.618269142646940e-17
3.617638297867002e-17
3.617008144644568e-17
3.616378679712670e-17
3.615749899804335e-17
3.615121801652595e-17
3.614494381990478e-17
3.613867637551014e-17
3.613241565067233e-17
3.612616161272165e-17
3.611991422898839e-17
3.611367346680286e-17
3.610743929349534e-17
3.610121167639613e-17
3.609499058283554e-17
3.608877598014385e-17
3.608256783565137e-17
3.607636611668839e-17
3.607017079058520e-17
3.606398182467212e-17
3.605779918627942e-17
3.605162284273741e-17
3.604545276137639e-17
3.603928890952665e-17
3.603313125451850e-17
3.602697976368221e-17
3.602083440434810e-17
3.601469514384647e-17
3.600856194950760e-17
3.600243478866179e-17
3.599631362863934e-17
3.599019843677055e-17
3.598408918038572e-17
3.597798582681514e-17
3.597188834338910e-17
3.596579669743791e-17
3.595971085629186e-17
3.595363078728125e-17
3.594755645773638e-17
3.594148783498754e-17
3.593542488636503e-17
3.592936757919915e-17
3.592331588082018e-17
3.591726975855844e-17
3.591122917974421e-17
3.590519411170780e-17
3.589916452177950e-17
3.589314037728961e-17
3.588712164556842e-17
3.588110829394624e-17
3.587510028975335e-17
3.586909760032005e-17
3.586310019297665e-17
3.585710803505343e-17
3.585112109388071e-17
3.584513933683727e-17
3.583916274158483e-17
3.583319130872770e-17
3.582722504197443e-17
3.582126394503357e-17
3.581530802161370e-17
3.580935727542339e-17
3.580341171017119e-17
3.579747132956565e-17
3.579153613731537e-17
3.578560613712888e-17
3.577968133271475e-17
3.577376172778156e-17
3.576784732603785e-17
3.576193813119221e-17
3.575603414695318e-17
3.575013537702933e-17
3.574424182512923e-17
3.573835349496144e-17
3.573247039023452e-17
3.572659251465703e-17
3.572071987193754e-17
3.571485246578462e-17
3.570899029990681e-17
3.570313337801270e-17
3.569728170381084e-17
3.569143528100979e-17
3.568559411331812e-17
3.567975820444440e-17
3.567392755809717e-17
3.566810217798502e-17
3.566228206781649e-17
3.565646723130017e-17
3.565065767214459e-17
3.564485339405834e-17
3.563905440074998e-17
3.563326069592806e-17
3.562747228330115e-17
3.562168916657782e-17
3.561591134946662e-17
3.561013883567612e-17
3.560437162891489e-17
3.559860973289149e-17
3.559285315131448e-17
3.558710188789242e-17
3.558135594633388e-17
3.557561533034741e-17
3.556988004364160e-17
3.556415008992499e-17
3.555842547290614e-17
3.555270619629364e-17
3.554699226379603e-17
3.554128367912188e-17
3.553558044597975e-17
3.552988256807821e-17
3.552419004912583e-17
3.551850289283115e-17
3.551282110290275e-17
3.550714468304919e-17
3.550147363697903e-17
3.549580796840084e-17
3.549014768102319e-17
3.548449277855462e-17
3.547884326470371e-17
3.547319914317901e-17
3.546756041768911e-17
3.546192709194255e-17
3.545629916964789e-17
3.545067665451371e-17
3.544505955024857e-17
3.543944786056103e-17
3.543384158915965e-17
3.542824073975299e-17
3.542264531604962e-17
3.541705532175811e-17
3.541147076058701e-17
3.540589163624490e-17
3.540031795244032e-17
3.539474971288185e-17
3.538918692127805e-17
3.538362958133748e-17
3.537807769676870e-17
3.537253127128029e-17
3.536699030858080e-17
3.536145481237879e-17
3.535592478638283e-17
3.535040023430149e-17
3.534488115984331e-17
3.533936756671688e-17
3.533385945863075e-17
3.532835683929348e-17
3.532285971241364e-17
3.531736808169980e-17
3.531188195086051e-17
3.530640132360433e-17
3.530092620363985e-17
3.529545659467560e-17
3.528999250042016e-17
3.528453392458209e-17
3.527908087086996e-17
3.527363334299232e-17
3.526819134465775e-17
3.526275487957480e-17
3.525732395145204e-17
3.525189856399803e-17
3.524647872092134e-17
3.524106442593052e-17
3.523565568273415e-17
3.523025249504077e-17
3.522485486655897e-17
3.521946280099729e-17
3.521407630206431e-17
3.520869537346859e-17
3.520332001891869e-17
3.519795024212317e-17
3.519258604679060e-17
3.518722743662954e-17
3.518187441534855e-17
3.517652698665621e-17
3.517118515426106e-17
3.516584892187167e-17
3.516051829319661e-17
3.515519327194445e-17
3.514987386182374e-17
3.514456006654304e-17
3.513925188981092e-17
3.513394933533595e-17
3.512865240682668e-17
3.512336110799168e-17
3.511807544253952e-17
3.511279541417875e-17
3.510752102661794e-17
3.510225228356566e-17
3.509698918873047e-17
3.509173174582092e-17
3.508647995854558e-17
3.508123383061303e-17
3.507599336573181e-17
3.507075856761049e-17
3.506552943995764e-17
3.506030598648182e-17
3.505508821089159e-17
3.504987611689552e-17
3.504466970820217e-17
3.503946898852010e-17
3.503427396155788e-17
3.502908463102406e-17
3.502390100062722e-17
3.501872307407591e-17
3.501355085507871e-17
3.500838434734416e-17
3.500322355458084e-17
3.499806848049731e-17
3.499291912880213e-17
3.498777550320387e-17
3.498263760741108e-17
3.497750544513234e-17
3.497237902007621e-17
3.496725833595123e-17
3.496214339646600e-17
3.495703420532906e-17
3.495193076624898e-17
3.494683308293432e-17
3.494174115909364e-17
3.493665499843551e-17
3.493157460466849e-17
3.492649998150115e-17
3.492143113264205e-17
3.491636806179975e-17
3.491131077268281e-17
3.490625926899980e-17
3.490121355445929e-17
3.489617363276982e-17
3.489113950763998e-17
3.488611118277831e-17
3.488108866189339e-17
3.487607194869378e-17
3.487106104688804e-17
3.486605596018473e-17
3.486105669229243e-17
3.485606324691968e-17
3.485107562777505e-17
3.484609383856712e-17
3.484111788300443e-17
3.483614776479557e-17
3.483118348764907e-17
3.482622505527352e-17
3.482127247137747e-17
3.481632573966948e-17
3.481138486385813e-17
3.480644984765197e-17
3.480152069475957e-17
3.479659740888949e-17
3.479167999375029e-17
3.478676845305055e-17
3.478186279049880e-17
3.477696300980364e-17
3.477206911467361e-17
3.476718110881728e-17
3.476229899594322e-17
3.475742277975997e-17
3.475255246397612e-17
3.474768805230023e-17
3.474282954844085e-17
3.473797695610655e-17
3.473313027900589e-17
3.472828952084744e-17
3.472345468533976e-17
3.471862577619141e-17
3.471380279711096e-17
3.470898575180697e-17
3.470417464398800e-17
3.469936947736261e-17
3.469457025563938e-17
3.468977698252686e-17
3.468498966173361e-17
3.468020829696821e-17
3.467543289193921e-17
3.467066345035517e-17
3.466589997592466e-17
3.466114247235624e-17
3.465639094335848e-17
3.465164539263994e-17
3.464690582390918e-17
3.464217224087476e-17
3.463744464724526e-17
3.463272304672923e-17
3.462800744303523e-17
3.462329783987183e-17
3.461859424094759e-17
3.461389664997108e-17
3.460920507065086e-17
3.460451950669549e-17
3.459983996181353e-17
3.459516643971355e-17
3.459049894410411e-17
3.458583747869378e-17
3.458118204719112e-17
3.457653265330469e-17
3.457188930074305e-17
3.456725199321477e-17
3.456262073442842e-17
3.455799552809254e-17
3.455337637791572e-17
3.454876328760650e-17
3.454415626087347e-17
3.453955530142517e-17
3.453496041297017e-17
3.453037159921703e-17
3.452578886387432e-17
3.452121221065060e-17
3.451664164325444e-17
3.451207716539440e-17
3.450751878077903e-17
3.450296649311691e-17
3.449842030611660e-17
3.449388022348665e-17
3.448934624893565e-17
3.448481838617214e-17
3.448029663890469e-17
3.447578101084186e-17
3.447127150569222e-17
3.446676812716433e-17
3.446227087896676e-17
3.445777976480806e-17
3.445329478839680e-17
3.444881595344155e-17
3.444434326365086e-17
3.443987672273330e-17
3.443541633439744e-17
3.443096210235183e-17
3.442651403030504e-17
3.442207212196564e-17
3.441763638104218e-17
3.441320681124324e-17
3.440878341627736e-17
3.440436619985312e-17
3.439995516567909e-17
3.439555031746380e-17
3.439115165891586e-17
3.438675919374380e-17
3.438237292565619e-17
3.437799285836160e-17
3.437361899556859e-17
3.436925134098572e-17
3.436488989832156e-17
3.436053467128467e-17
3.435618566358361e-17
3.435184287892694e-17
3.434750632102324e-17
3.434317599358105e-17
3.433885190030895e-17
3.433453404491551e-17
3.433022243110927e-17
3.432591706259881e-17
3.432161794309269e-17
3.431732507629947e-17
3.431303846592772e-17
3.430875811568599e-17
3.430448402928286e-17
3.430021621042688e-17
3.429595466282662e-17
3.429169939019065e-17
3.428745039622751e-17
3.428320768464579e-17
3.427897125915403e-17
3.427474112346082e-17
3.427051728127470e-17
3.426629973630424e-17
3.426208849225801e-17
3.425788355284457e-17
3.425368492177248e-17
3.424949260275030e-17
3.424530659948660e-17
3.424112691568994e-17
3.423695355506889e-17
3.423278652133200e-17
3.422862581818784e-17
3.422447144934498e-17
3.422032341851198e-17
3.421618172939741e-17
3.421204638570981e-17
3.420791739115775e-17
3.420379474944981e-17
3.419967846429455e-17
3.419556853940052e-17
3.419146497847630e-17
3.418736778523043e-17
3.418327696337150e-17
3.417919251660805e-17
3.417511444864866e-17
3.417104276320189e-17
3.416697746397630e-17
3.416291855468045e-17
3.415886603902291e-17
3.415481992071224e-17
3.415078020345700e-17
3.414674689096576e-17
3.414271998694708e-17
3.413869949510952e-17
3.413468541916165e-17
3.413067776281203e-17
3.412667652976922e-17
3.412268172374179e-17
3.411869334843830e-17
3.411471140756731e-17
3.411073590483739e-17
3.410676684395710e-17
3.410280422863500e-17
3.409884806257966e-17
3.409489834949964e-17
3.409095509310350e-17
3.408701829709981e-17
3.408308796519712e-17
3.407916410110401e-17
3.407524670852904e-17
3.407133579118076e-17
3.406743135276775e-17
3.406353339699857e-17
3.405964192758177e-17
3.405575694822592e-17
3.405187846263959e-17
3.404800647453134e-17
3.404414098760973e-17
3.404028200558333e-17
3.403642953216070e-17
3.403258357105040e-17
3.402874412596099e-17
3.402491120060105e-17
3.402108479867913e-17
3.401726492390379e-17
3.401345157998359e-17
3.400964477062712e-17
3.400584449954291e-17
3.400205077043955e-17
3.399826358702559e-17
3.399448295300959e-17
3.399070887210012e-17
3.398694134800574e-17
3.398318038443502e-17
3.397942598509651e-17
3.397567815369879e-17
3.397193689395041e-17
3.396820220955994e-17
3.396447410423594e-17
3.396075258168698e-17
3.395703764562161e-17
3.395332929974841e-17
3.394962754777593e-17
3.394593239341273e-17
3.394224384036739e-17
3.393856189234847e-17
3.393488655306451e-17
3.393121782622411e-17
3.392755571553580e-17
3.392390022470817e-17
3.392025135744976e-17
3.391660911746915e-17
3.391297350847489e-17
3.390934453417556e-17
3.390572219827971e-17
3.390210650449591e-17
3.389849745653272e-17
3.389489505809870e-17
3.389129931290242e-17
3.388771022465244e-17
3.388412779705732e-17
3.388055203382563e-17
3.387698293866594e-17
3.387342051528679e-17
3.386986476739676e-17
3.386631569870441e-17
3.386277331291831e-17
3.385923761374701e-17
3.385570860489908e-17
3.385218629008308e-17
3.384867067300758e-17
3.384516175738114e-17
3.384165954691232e-17
3.383816404530969e-17
3.383467525628182e-17
3.383119318353725e-17
3.382771783078455e-17
3.382424920173231e-17
3.382078730008906e-17
3.381733212956337e-17
3.381388369386382e-17
3.381044199669897e-17
3.380700704177736e-17
3.380357883280758e-17
3.380015737349817e-17
3.379674266755771e-17
3.379333471869477e-17
3.378993353061790e-17
3.378653910703566e-17
3.378315145165662e-17
3.377977056818934e-17
3.377639646034239e-17
3.377302913182432e-17
3.376966858634371e-17
3.376631482760912e-17
3.376296785932910e-17
3.375962768521223e-17
3.375629430896706e-17
3.375296773430216e-17
3.374964796492608e-17
3.374633500454741e-17
3.374302885687469e-17
3.373972952561650e-17
3.373643701448139e-17
3.373315132717793e-17
3.372987246741468e-17
3.372660043890021e-17
3.372333524534308e-17
3.372007689045184e-17
3.371682537793507e-17
3.371358071150133e-17
3.371034289485918e-17
3.370711193171718e-17
3.370388782578391e-17
3.370067058076791e-17
3.369746020037776e-17
3.369425668832201e-17
3.369106004830924e-17
3.368787028404800e-17
3.368468739924686e-17
3.368151139761438e-17
3.367834228285912e-17
3.367518005868965e-17
3.367202472881453e-17
3.366887629694233e-17
3.366573476678160e-17
3.366260014204092e-17
3.365947242642883e-17
3.365635162365392e-17
3.365323773742473e-17
3.365013077144984e-17
3.364703072943781e-17
3.364393761509719e-17
3.364085143213657e-17
3.363777218426448e-17
3.363469987518951e-17
3.363163450862021e-17
3.362857608826515e-17
3.362552461783289e-17
3.362248010103199e-17
3.361944254157101e-17
3.361641194315853e-17
3.361338830950310e-17
3.361037164431329e-17
3.360736195129765e-17
3.360435923416477e-17
3.360136349662318e-17
3.359837474238146e-17
3.359539297514819e-17
3.359241819863190e-17
3.358945041654118e-17
3.358648963258457e-17
3.358353585047066e-17
3.358058907390799e-17
3.357764930660513e-17
3.357471655227065e-17
3.357179081461312e-17
3.356887209734108e-17
3.356596040416311e-17
3.356305573878776e-17
3.356015810492361e-17
3.355726750627922e-17
3.355438394656314e-17
3.355150742948396e-17
3.354863795875020e-17
3.354577553807047e-17
3.354292017115330e-17
3.354007186170727e-17
3.353723061344094e-17
3.353439643006287e-17
3.353156931528162e-17
3.352874927280576e-17
3.352593630634386e-17
3.352313041960447e-17
3.352033161629616e-17
3.351753990012748e-17
3.351475527480702e-17
3.351197774404332e-17
3.350920731154496e-17
3.350644398102049e-17
3.350368775617847e-17
3.350093864072749e-17
3.349819663837607e-17
3.349546175283282e-17
3.349273398780627e-17
3.349001334700500e-17
3.348729983413757e-17
3.348459345291253e-17
3.348189420703846e-17
3.347920210022392e-17
3.347651713617747e-17
3.347383931860767e-17
3.347116865122309e-17
3.346850513773229e-17
3.346584878184384e-17
3.346319958726629e-17
3.346055755770822e-17
3.345792269687818e-17
3.345529500848473e-17
3.345267449623645e-17
3.345006116384189e-17
3.344745501500962e-17
3.344485605344819e-17
3.344226428286618e-17
3.343967970697215e-17
3.343710232947465e-17
3.343453215408227e-17
3.343196918450355e-17
3.342941342444705e-17
3.342686487762136e-17
3.342432354773502e-17
3.342178943849659e-17
3.341926255361465e-17
3.341674289679777e-17
3.341423047175448e-17
3.341172528219338e-17
3.340922733182300e-17
3.340673662435193e-17
3.340425316348872e-17
3.340177695294193e-17
3.339930799642015e-17
3.339684629763190e-17
3.339439186028578e-17
3.339194468809033e-17
3.338950478475413e-17
3.338707215398573e-17
3.338464679949371e-17
3.338222872498661e-17
3.337981793417301e-17
3.337741443076147e-17
3.337501821846056e-17
3.337262930097882e-17
3.337024768202484e-17
3.336787336530717e-17
3.336550635453438e-17
3.336314665341502e-17
3.336079426565767e-17
3.335844919497088e-17
3.335611144506322e-17
3.335378101964325e-17
3.335145792241954e-17
3.334914215710064e-17
3.334683372739513e-17
3.334453263701156e-17
3.334223888965851e-17
3.333995248904452e-17
3.333767343887817e-17
3.333540174286802e-17
3.333313740472262e-17
3.333088042815056e-17
3.332863081686038e-17
3.332638857456065e-17
3.332415370495994e-17
3.332192621176681e-17
3.331970609868981e-17
3.331749336943752e-17
3.331528802771850e-17
3.331309007724131e-17
3.331089952171452e-17
3.330871636484668e-17
3.330654061034637e-17
3.330437226192213e-17
3.330221132328255e-17
3.330005779813618e-17
3.329791169019158e-17
3.329577300315731e-17
3.329364174074196e-17
3.329151790665405e-17
3.328940150460219e-17
3.328729253829491e-17
3.328519101144078e-17
3.328309692774837e-17
3.328101029092624e-17
3.327893110468296e-17
3.327685937272709e-17
3.327479509876718e-17
3.327273828651180e-17
3.327068893966953e-17
3.326864706194892e-17
3.326661265705852e-17
3.326458572870692e-17
3.326256628060266e-17
3.326055431645432e-17
3.325854983997045e-17
3.325655285485963e-17
3.325456336483041e-17
3.325258137359135e-17
3.325060688485102e-17
3.324863990231799e-17
3.324668042970082e-17
3.324472847070805e-17
3.324278402904828e-17
3.324084710843006e-17
3.323891771256193e-17
3.323699584515249e-17
3.323508150991028e-17
3.323317471054387e-17
3.323127545076182e-17
3.322938373427270e-17
3.322749956478507e-17
3.322562294600748e-17
3.322375388164852e-17
3.322189237541674e-17
3.322003843102070e-17
3.321819205216896e-17
3.321635324257009e-17
3.321452200593265e-17
3.321269834596521e-17
3.321088226637633e-17
3.320907377087457e-17
3.320727286316849e-17
3.320547954696667e-17
3.320369382597766e-17
3.320191570391002e-17
3.320014518447231e-17
3.319838227137312e-17
3.319662696832099e-17
3.319487927902448e-17
3.319313920719216e-17
3.319140675653261e-17
3.318968193075437e-17
3.318796473356601e-17
3.318625516867609e-17
3.318455323979319e-17
3.318285895062585e-17
3.318117230488265e-17
3.317949330627215e-17
3.317782195850291e-17
3.317615826528350e-17
3.317450223032247e-17
3.317285385732839e-17
3.317121315000983e-17
3.316958011207534e-17
3.316795474723350e-17
3.316633705919286e-17
3.316472705166199e-17
3.316312472834945e-17
3.316153009296380e-17
3.315994314921361e-17
3.315836390080744e-17
3.315679235145385e-17
3.315522850486141e-17
3.315367236473869e-17
3.315212393479424e-17
3.315058321873662e-17
3.314905022027440e-17
3.314752494311615e-17
3.314600739097042e-17
3.314449756754579e-17
3.314299547655081e-17
3.314150112169404e-17
3.314001450668406e-17
3.313853563522941e-17
3.313706451103868e-17
3.313560113782041e-17
3.313414551928319e-17
3.313269765913555e-17
3.313125756108607e-17
3.312982522884332e-17
3.312840066611586e-17
3.312698387661224e-17
3.312557486404103e-17
3.312417363211081e-17
3.312278018453012e-17
3.312139452500754e-17
3.312001665725162e-17
3.311864658497093e-17
3.311728431187404e-17
3.311592984166949e-17
3.311458317806588e-17
3.311324432477173e-17
3.311191328549564e-17
3.311059006394616e-17
3.310927466383185e-17
3.310796708886128e-17
3.310666734274300e-17
3.310537542918559e-17
3.310409135189760e-17
3.310281511458760e-17
3.310154672096414e-17
3.310028617473582e-17
3.309903347961116e-17
3.309778863929875e-17
3.309655165750714e-17
3.309532253794491e-17
3.309410128432060e-17
3.309288790034279e-17
3.309168238972004e-17
3.309048475616091e-17
3.308929500337397e-17
3.308811313506777e-17
3.308693915495088e-17
3.308577306673187e-17
3.308461487411930e-17
3.308346458082173e-17
3.308232219054772e-17
3.308118770700584e-17
3.308006113390465e-17
3.307894247495272e-17
3.307783173385861e-17
3.307672891433088e-17
3.307563402007809e-17
3.307454705480881e-17
3.307346802223159e-17
3.307239692605502e-17
3.307133376998764e-17
3.307027855773802e-17
3.306923129301473e-17
3.306819197952632e-17
3.306716062098137e-17
3.306613722108843e-17
3.306512178355607e-17
3.306411431209284e-17
3.306311481040733e-17
3.306212328220807e-17
3.306113973120365e-17
3.306016416110262e-17
3.305919657561355e-17
3.305823697844501e-17
3.305728537330554e-17
3.305634176390371e-17
3.305540615394811e-17
3.305447854714727e-17
3.305355894720977e-17
3.305264735784417e-17
3.305174378275904e-17
3.305084822566293e-17
3.304996069026441e-17
3.304908118027204e-17
3.304820969939439e-17
3.304734625134002e-17
3.304649083981749e-17
3.304564346853537e-17
3.304480414120222e-17
3.304397286152660e-17
3.304314963321708e-17
3.304233445998222e-17
3.304152734553058e-17
3.304072829357073e-17
3.303993730781122e-17
3.303915439196063e-17
3.303837954972751e-17
3.303761278482044e-17
3.303685410094796e-17
3.303610350181865e-17
3.303536099114107e-17
3.303462657262379e-17
3.303390024997536e-17
3.303318202690434e-17
3.303247190711931e-17
3.303176989432883e-17
3.303107599224145e-17
3.303039020456575e-17
3.302971253501028e-17
3.302904298728361e-17
3.302838156509430e-17
3.302772827215092e-17
3.302708311216202e-17
3.302644608883618e-17
3.302581720588196e-17
3.302519646700791e-17
3.302458387592260e-17
3.302397943633459e-17
3.302338315195246e-17
3.302279502648475e-17
3.302221506364005e-17
3.302164326712690e-17
3.302107964065387e-17
3.302052418792953e-17
3.301997691266243e-17
3.301943781856115e-17
3.301890690933424e-17
3.301838418869026e-17
3.301786966033779e-17
3.301736332798538e-17
3.301686519534160e-17
3.301637526611502e-17
3.301589354401419e-17
3.301542003274767e-17
3.301495473602403e-17
3.301449765755184e-17
3.301404880103966e-17
3.301360817019604e-17
3.301317576872956e-17
3.301275160034878e-17
3.301233566876226e-17
3.301192797767856e-17
3.301152853080625e-17
3.301113733185389e-17
3.301075438453004e-17
3.301037969254327e-17
3.301001325960214e-17
3.300965508941521e-17
3.300930518569105e-17
3.300896355213822e-17
3.300863019246529e-17
3.300830511038081e-17
3.300798830959335e-17
3.300767979381147e-17
3.300737956674375e-17
3.300708763209873e-17
3.300680399358498e-17
3.300652865491107e-17
3.300626161978556e-17
3.300600289191701e-17
3.300575247501399e-17
3.300551037278506e-17
3.300527658893878e-17
3.300505112718372e-17
3.300483399122843e-17
3.300462518478149e-17
3.300442471155146e-17
3.300423257524689e-17
3.300404877957636e-17
3.300387332824842e-17
3.300370622497164e-17
3.300354747345459e-17
3.300339707740582e-17
3.300325504053390e-17
3.300312136654739e-17
3.300299605915486e-17
3.300287912206486e-17
3.300277055898597e-17
3.300267037362674e-17
3.300257856969574e-17
3.300249515090154e-17
3.300242012095269e-17
3.300235348355776e-17
3.300229524242531e-17
3.300224540126390e-17
3.300220396378210e-17
3.300217093368848e-17
3.300214631469159e-17
3.300213011050000e-17
3.300212232482227e-17
3.300212296136696e-17
3.300213202384265e-17
3.300214951595788e-17
3.300217544142123e-17
3.300220980394126e-17
3.300225260722652e-17
3.300230385498560e-17
3.300236355092704e-17
3.300243169875941e-17
3.300250830219128e-17
3.300259336493120e-17
3.300268689068775e-17
3.300278888316948e-17
3.300289934608495e-17
3.300301828314274e-17
3.300314569805140e-17
3.300328159451950e-17
3.300342597625560e-17
3.300357884696827e-17
3.300374021036606e-17
3.300391007015754e-17
3.300408843005128e-17
3.300427529375583e-17
3.300447066497976e-17
3.300467454743164e-17
3.300488694482003e-17
3.300510786085348e-17
3.300533729924057e-17
3.300557526368985e-17
3.300582175790990e-17
3.300607678560927e-17
3.300634035049653e-17
3.300661245628023e-17
3.300689310666895e-17
3.300718230537125e-17
3.300748005609568e-17
3.300778636255082e-17
3.300810122844522e-17
3.300842465748746e-17
3.300875665338609e-17
3.300909721984967e-17
3.300944636058677e-17
3.300980407930596e-17
3.301017037971579e-17
3.301054526552484e-17
3.301092874044165e-17
3.301132080817480e-17
3.301172147243286e-17
3.301213073692437e-17
3.301254860535791e-17
3.301297508144204e-17
3.301341016888532e-17
3.301385387139632e-17
3.301430619268359e-17
3.301476713645571e-17
3.301523670642123e-17
3.301571490628872e-17
3.301620173976674e-17
3.301669721056387e-17
3.301720132238865e-17
3.301771407894965e-17
3.301823548395543e-17
3.301876554111457e-17
3.301930425413561e-17
3.301985162672714e-17
3.302040766259770e-17
3.302097236545586e-17
3.302154573901019e-17
3.302212778696924e-17
3.302271851304159e-17
3.302331792093580e-17
3.302392601436041e-17
3.302454279702402e-17
3.302516827263516e-17
3.302580244490242e-17
3.302644531753434e-17
3.302709689423951e-17
3.302775717872646e-17
3.302842617470378e-17
3.302910388588003e-17
3.302979031596376e-17
3.303048546866354e-17
3.303118934768794e-17
3.303190195674551e-17
3.303262329954483e-17
3.303335337979445e-17
3.303409220120294e-17
3.303483976747886e-17
3.303559608233078e-17
3.303636114946724e-17
3.303713497259683e-17
3.303791755542811e-17
3.303870890166963e-17
3.303950901502997e-17
3.304031789921767e-17
3.304113555794132e-17
3.304196199490946e-17
3.304279721383067e-17
3.304364121841350e-17
3.304449401236653e-17
3.304535559939831e-17
3.304622598321740e-17
3.304710516753237e-17
3.304799315605180e-17
3.304888995248422e-17
3.304979556053821e-17
3.305070998392235e-17
3.305163322634517e-17
3.305256529151525e-17
3.305350618314116e-17
3.305445590493146e-17
3.305541446059470e-17
3.305638185383946e-17
3.305735808837429e-17
3.305834316790776e-17
3.305933709614844e-17
3.306033987680488e-17
3.306135151358565e-17
3.306237201019931e-17
3.306340137035444e-17
3.306443959775957e-17
3.306548669612330e-17
3.306654266915416e-17
3.306760752056074e-17
3.306868125405159e-17
3.306976387333527e-17
3.307085538212036e-17
3.307195578411540e-17
3.307306508302898e-17
3.307418328256963e-17
3.307531038644595e-17
3.307644639836647e-17
3.307759132203978e-17
3.307874516117443e-17
3.307990791947898e-17
3.308107960066201e-17
3.308226020843206e-17
3.308344974649771e-17
3.308464821856752e-17
3.308585562835005e-17
3.308707197955386e-17
3.308829727588753e-17
3.308953152105960e-17
3.309077471877865e-17
3.309202687275324e-17
3.309328798669192e-17
3.309455806430328e-17
3.309583710929586e-17
3.309712512537823e-17
3.309842211625896e-17
3.309972808564661e-17
3.310104303724973e-17
3.310236697477691e-17
3.310369990193668e-17
3.310504182243763e-17
3.310639273998831e-17
3.310775265829730e-17
3.310912158107314e-17
3.311049951202441e-17
3.311188645485966e-17
3.311328241328746e-17
3.311468739101638e-17
3.311610139175498e-17
3.311752441921181e-17
3.311895647709545e-17
3.312039756911446e-17
3.312184769897740e-17
3.312330687039283e-17
3.312477508706932e-17
3.312625235271543e-17
3.312773867103972e-17
3.312923404575076e-17
3.313073848055711e-17
3.313225197916734e-17
3.313377454528999e-17
3.313530618263365e-17
3.313684689490688e-17
3.313839668581822e-17
3.313995555907627e-17
3.314152351838956e-17
3.314310056746667e-17
3.314468671001616e-17
3.314628194974659e-17
3.314788629036653e-17
3.314949973558453e-17
3.315112228910917e-17
3.315275395464901e-17
3.315439473591261e-17
3.315604463660853e-17
3.315770366044534e-17
3.315937181113159e-17
3.316104909237586e-17
3.316273550788670e-17
3.316443106137268e-17
3.316613575654237e-17
3.316784959710432e-17
3.316957258676710e-17
3.317130472923927e-17
3.317304602822939e-17
3.317479648744605e-17
3.317655611059777e-17
3.317832490139314e-17
3.318010286354073e-17
3.318189000074908e-17
3.318368631672677e-17
3.318549181518236e-17
3.318730649982441e-17
3.318913037436149e-17
3.319096344250216e-17
3.319280570795497e-17
3.319465717442850e-17
3.319651784563131e-17
3.319838772527196e-17
3.320026681705902e-17
3.320215512470104e-17
3.320405265190660e-17
3.320595940238425e-17
3.320787537984255e-17
3.320980058799009e-17
3.321173503053540e-17
3.321367871118707e-17
3.321563163365364e-17
3.321759380164369e-17
3.321956521886578e-17
3.322154588902846e-17
3.322353581584031e-17
3.322553500300989e-17
3.322754345424576e-17
3.322956117325648e-17
3.323158816375063e-17
3.323362442943675e-17
3.323566997402342e-17
3.323772480121919e-17
3.323978891473264e-17
3.324186231827232e-17
3.324394501554679e-17
3.324603701026463e-17
3.324813830613439e-17
3.325024890686464e-17
3.325236881616394e-17
3.325449803774084e-17
3.325663657530393e-17
3.325878443256176e-17
3.326094161322289e-17
3.326310812099589e-17
3.326528395958932e-17
3.326746913271175e-17
3.326966364407172e-17
3.327186749737783e-17
3.327408069633860e-17
3.327630324466263e-17
3.327853514605847e-17
3.328077640423469e-17
3.328302702289983e-17
3.328528700576248e-17
3.328755635653119e-17
3.328983507891453e-17
3.329212317662106e-17
3.329442065335933e-17
3.329672751283793e-17
3.329904375876540e-17
3.330136939485032e-17
3.330370442480124e-17
3.330604885232674e-17
3.330840268113536e-17
3.331076591493568e-17
3.331313855743626e-17
3.331552061234566e-17
3.331791208337245e-17
3.332031297422519e-17
3.332272328861244e-17
3.332514303024276e-17
3.332757220282473e-17
3.333001081006690e-17
3.333245885567783e-17
3.333491634336609e-17
3.333738327684024e-17
3.333985965980885e-17
3.334234549598047e-17
3.334484078906368e-17
3.334734554276703e-17
3.334985976079910e-17
3.335238344686843e-17
3.335491660468360e-17
3.335745923795316e-17
3.336001135038569e-17
3.336257294568974e-17
3.336514402757389e-17
3.336772459974667e-17
3.337031466591668e-17
3.337291422979247e-17
3.337552329508259e-17
3.337814186549562e-17
3.338076994474012e-17
3.338340753652465e-17
3.338605464455778e-17
3.338871127254806e-17
3.339137742420406e-17
3.339405310323435e-17
3.339673831334748e-17
3.339943305825203e-17
3.340213734165655e-17
3.340485116726961e-17
3.340757453879976e-17
3.341030745995559e-17
3.341304993444563e-17
3.341580196597847e-17
3.341856355826267e-17
3.342133471500678e-17
3.342411543991937e-17
3.342690573670901e-17
3.342970560908425e-17
3.343251506075366e-17
3.343533409542581e-17
3.343816271680925e-17
3.344100092861255e-17
3.344384873454428e-17
3.344670613831299e-17
3.344957314362725e-17
3.345244975419563e-17
3.345533597372668e-17
3.345823180592898e-17
3.346113725451107e-17
3.346405232318153e-17
3.346697701564893e-17
3.346991133562181e-17
3.347285528680875e-17
3.347580887291831e-17
3.347877209765906e-17
3.348174496473955e-17
3.348472747786834e-17
3.348771964075402e-17
3.349072145710513e-17
3.349373293063023e-17
3.349675406503791e-17
3.349978486403670e-17
3.350282533133519e-17
3.350587547064193e-17
3.350893528566548e-17
3.351200478011441e-17
3.351508395769729e-17
3.351817282212266e-17
3.352127137709912e-17
3.352437962633520e-17
3.352749757353948e-17
3.353062522242051e-17
3.353376257668687e-17
3.353690964004711e-17
3.354006641620981e-17
3.354323290888351e-17
3.354640912177679e-17
3.354959505859821e-17
3.355279072305632e-17
3.355599611885970e-17
3.355921124971692e-17
3.356243611933653e-17
3.356567073142709e-17
3.356891508969716e-17
3.357216919785532e-17
3.357543305961013e-17
3.357870667867013e-17
3.358199005874392e-17
3.358528320354004e-17
3.358858611676705e-17
3.359189880213353e-17
3.359522126334803e-17
3.359855350411912e-17
3.360189552815536e-17
3.360524733916532e-17
3.360860894085755e-17
3.361198033694062e-17
3.361536153112310e-17
3.361875252711354e-17
3.362215332862052e-17
3.362556393935258e-17
3.362898436301831e-17
3.363241460332626e-17
3.363585466398499e-17
3.363930454870307e-17
3.364276426118906e-17
3.364623380515152e-17
3.364971318429902e-17
3.365320240234012e-17
3.365670146298339e-17
3.366021036993738e-17
3.366372912691066e-17
3.366725773761180e-17
3.367079620574935e-17
3.367434453503188e-17
3.367790272916796e-17
3.368147079186614e-17
3.368504872683499e-17
3.368863653778307e-17
3.369223422841895e-17
3.369584180245119e-17
3.369945926358836e-17
3.370308661553901e-17
3.370672386201171e-17
3.371037100671502e-17
3.371402805335751e-17
3.371769500564774e-17
3.372137186729427e-17
3.372505864200567e-17
3.372875533349050e-17
3.373246194545732e-17
3.373617848161470e-17
3.373990494567119e-17
3.374364134133537e-17
3.374738767231580e-17
3.375114394232103e-17
3.375491015505963e-17
3.375868631424017e-17
3.376247242357122e-17
3.376626848676132e-17
3.377007450751904e-17
3.377389048955296e-17
3.377771643657163e-17
3.378155235228362e-17
3.378539824039748e-17
3.378925410462178e-17
)
;

boundaryField
{
    inlet
    {
        type            fixedValue;
        value           uniform 0;
    }
    outlet
    {
        type            zeroGradient;
    }
    wall
    {
        type            empty;
    }
}


// ************************************************************************* //
