/*--------------------------------*- C++ -*----------------------------------*\
  =========                 |
  \\      /  F ield         | OpenFOAM: The Open Source CFD Toolbox
   \\    /   O peration     | Website:  https://openfoam.org
    \\  /    A nd           | Version:  7
     \\/     M anipulation  |
\*---------------------------------------------------------------------------*/
FoamFile
{
    version     2.0;
    format      ascii;
    class       volScalarField;
    location    "1";
    object       H;
}
// * * * * * * * * * * * * * * * * * * * * * * * * * * * * * * * * * * * * * //

dimensions      [0 0 0 0 0 0 0];

internalField   nonuniform List<scalar>
4335
(
-4.805970564356380e-15
-4.784362604080243e-15
-4.762814792661105e-15
-4.741327050165266e-15
-4.719899296659026e-15
-4.698531452208684e-15
-4.677223436880542e-15
-4.655975170740899e-15
-4.634786573856055e-15
-4.613657566292310e-15
-4.592588068115965e-15
-4.571577999393319e-15
-4.550627280190673e-15
-4.529735830574327e-15
-4.508903570610580e-15
-4.488130420365734e-15
-4.467416299906087e-15
-4.446761129297941e-15
-4.426164828607594e-15
-4.405627317901348e-15
-4.385148517245502e-15
-4.364728346706356e-15
-4.344366726350212e-15
-4.324063576243368e-15
-4.303818816452124e-15
-4.283632367042781e-15
-4.263504148081639e-15
-4.243434079634998e-15
-4.223422081769159e-15
-4.203468074550420e-15
-4.183571978045083e-15
-4.163733712319446e-15
-4.143953197439812e-15
-4.124230353472478e-15
-4.104565100483747e-15
-4.084957358539917e-15
-4.065407047707289e-15
-4.045914088052162e-15
-4.026478399640838e-15
-4.007099902539616e-15
-3.987778516814796e-15
-3.968514162532678e-15
-3.949306759759562e-15
-3.930156228561749e-15
-3.911062489005539e-15
-3.892025461157232e-15
-3.873045065083126e-15
-3.854121220849524e-15
-3.835253848522724e-15
-3.816442868169027e-15
-3.797688199854734e-15
-3.778989763646143e-15
-3.760347479609556e-15
-3.741761267811272e-15
-3.723231048317591e-15
-3.704756741194815e-15
-3.686338266509241e-15
-3.667975544327171e-15
-3.649668494714905e-15
-3.631417037738743e-15
-3.613221093464985e-15
-3.595080581959931e-15
-3.576995423289881e-15
-3.558965537521135e-15
-3.540990844719994e-15
-3.523071264952757e-15
-3.505206718285724e-15
-3.487397124785196e-15
-3.469642404517473e-15
-3.451942477548855e-15
-3.434297263945641e-15
-3.416706683774132e-15
-3.399170657100628e-15
-3.381689103991430e-15
-3.364261944512837e-15
-3.346889098731148e-15
-3.329570486712666e-15
-3.312306028523689e-15
-3.295095644230518e-15
-3.277939253899451e-15
-3.260836777596791e-15
-3.243788135388838e-15
-3.226793247341889e-15
-3.209852033522247e-15
-3.192964413996211e-15
-3.176130308830081e-15
-3.159349638090157e-15
-3.142622321842740e-15
-3.125948280154129e-15
-3.109327433090625e-15
-3.092759700718527e-15
-3.076245003104136e-15
-3.059783260313752e-15
-3.043374392413676e-15
-3.027018319470205e-15
-3.010714961549643e-15
-2.994464238718287e-15
-2.978266071042439e-15
-2.962120378588398e-15
-2.946027081422464e-15
-2.929986099610938e-15
-2.913997353220120e-15
-2.898060762316309e-15
-2.882176246965807e-15
-2.866343727234912e-15
-2.850563123189925e-15
-2.834834354897147e-15
-2.819157342422876e-15
-2.803532005833414e-15
-2.787958265195060e-15
-2.772436040574115e-15
-2.756965252036878e-15
-2.741545819649650e-15
-2.726177663478731e-15
-2.710860703590420e-15
-2.695594860051019e-15
-2.680380052926827e-15
-2.665216202284143e-15
-2.650103228189268e-15
-2.635041050708504e-15
-2.620029589908148e-15
-2.605068765854502e-15
-2.590158498613865e-15
-2.575298708252538e-15
-2.560489314836821e-15
-2.545730238433013e-15
-2.531021399107416e-15
-2.516362716926329e-15
-2.501754111956051e-15
-2.487195504262884e-15
-2.472686813913127e-15
-2.458227960973081e-15
-2.443818865509045e-15
-2.429459447587319e-15
-2.415149627274204e-15
-2.400889324636000e-15
-2.386678459739006e-15
-2.372516952649524e-15
-2.358404723433853e-15
-2.344341692158292e-15
-2.330327778889143e-15
-2.316362903692706e-15
-2.302446986635279e-15
-2.288579947783163e-15
-2.274761707202660e-15
-2.260992184960068e-15
-2.247271301121688e-15
-2.233598975753819e-15
-2.219975128922763e-15
-2.206399680694819e-15
-2.192872551136286e-15
-2.179393660313466e-15
-2.165962928292658e-15
-2.152580275140162e-15
-2.139245620922279e-15
-2.125958885705309e-15
-2.112719989555551e-15
-2.099528852539306e-15
-2.086385394722872e-15
-2.073289536172554e-15
-2.060241196954647e-15
-2.047240297135453e-15
-2.034286756781273e-15
-2.021380495958406e-15
-2.008521434733152e-15
-1.995709493171812e-15
-1.982944591340685e-15
-1.970226649306072e-15
-1.957555587134272e-15
-1.944931324891587e-15
-1.932353782644315e-15
-1.919822880458757e-15
-1.907338538401213e-15
-1.894900676537984e-15
-1.882509214935369e-15
-1.870164073659667e-15
-1.857865172777181e-15
-1.845612432354209e-15
-1.833405772457052e-15
-1.821245113152009e-15
-1.809130374505381e-15
-1.797061476583468e-15
-1.785038339452570e-15
-1.773060883178987e-15
-1.761129027829019e-15
-1.749242693468967e-15
-1.737401800165130e-15
-1.725606267983808e-15
-1.713856016991302e-15
-1.702150967253911e-15
-1.690491038837936e-15
-1.678876151809677e-15
-1.667306226235434e-15
-1.655781182181506e-15
-1.644300939714195e-15
-1.632865418899800e-15
-1.621474539804621e-15
-1.610128222494958e-15
-1.598826387037112e-15
-1.587568953497382e-15
-1.576355841942069e-15
-1.565186972437473e-15
-1.554062265049893e-15
-1.542981639845630e-15
-1.531945016890984e-15
-1.520952316252256e-15
-1.510003457995745e-15
-1.499098362187750e-15
-1.488236948894573e-15
-1.477419138182514e-15
-1.466644850117872e-15
-1.455914004766947e-15
-1.445226522196040e-15
-1.434582322471451e-15
-1.423981325659480e-15
-1.413423451826427e-15
-1.402908621038592e-15
-1.392436753362275e-15
-1.382007768863776e-15
-1.371621587609396e-15
-1.361278129665433e-15
-1.350977315098190e-15
-1.340719063973965e-15
-1.330503296359058e-15
-1.320329932319771e-15
-1.310198891922402e-15
-1.300110095233252e-15
-1.290063462318622e-15
-1.280058913244810e-15
-1.270096368078118e-15
-1.260175746884845e-15
-1.250296969731291e-15
-1.240459956683757e-15
-1.230664627808543e-15
-1.220910903171948e-15
-1.211198702840272e-15
-1.201527946879818e-15
-1.191898555356882e-15
-1.182310448337767e-15
-1.172763545888771e-15
-1.163257768076197e-15
-1.153793034966342e-15
-1.144369266625507e-15
-1.134986383119994e-15
-1.125644304516101e-15
-1.116342950880128e-15
-1.107082242278376e-15
-1.097862098777145e-15
-1.088682440442736e-15
-1.079543187341447e-15
-1.070444259539578e-15
-1.061385577103432e-15
-1.052367060099307e-15
-1.043388628593503e-15
-1.034450202652320e-15
-1.025551702342060e-15
-1.016693047729020e-15
-1.007874158879502e-15
-9.990949558598072e-16
-9.903553587362336e-16
-9.816552875750813e-16
-9.729946624426510e-16
-9.643734034052448e-16
-9.557914305291594e-16
-9.472486638806971e-16
-9.387450235261568e-16
-9.302804295318384e-16
-9.218548019640441e-16
-9.134680608890713e-16
-9.051201263732214e-16
-8.968109184827952e-16
-8.885403572840915e-16
-8.803083628434111e-16
-8.721148552270545e-16
-8.639597545013208e-16
-8.558429807325098e-16
-8.477644539869221e-16
-8.397240943308584e-16
-8.317218218306185e-16
-8.237575565525030e-16
-8.158312185628101e-16
-8.079427279278420e-16
-8.000920047138971e-16
-7.922789689872767e-16
-7.845035408142805e-16
-7.767656402612094e-16
-7.690651873943606e-16
-7.614021022800389e-16
-7.537763049845400e-16
-7.461877155741661e-16
-7.386362541152179e-16
-7.311218406739937e-16
-7.236443953167940e-16
-7.162038381099186e-16
-7.088000891196707e-16
-7.014330684123459e-16
-6.941026960542474e-16
-6.868088921116742e-16
-6.795515766509260e-16
-6.723306697383028e-16
-6.651460914401067e-16
-6.579977618226352e-16
-6.508856009521896e-16
-6.438095288950707e-16
-6.367694657175775e-16
-6.297653314860104e-16
-6.227970462666688e-16
-6.158645301258530e-16
-6.089677031298653e-16
-6.021064853450041e-16
-5.952807968375674e-16
-5.884905576738591e-16
-5.817356879201768e-16
-5.750161076428208e-16
-5.683317369080936e-16
-5.616824957822917e-16
-5.550683043317158e-16
-5.484890826226696e-16
-5.419447507214490e-16
-5.354352286943571e-16
-5.289604366076920e-16
-5.225202945277551e-16
-5.161147225208432e-16
-5.097436406532616e-16
-5.034069689913070e-16
-4.971046276012808e-16
-4.908365365494819e-16
-4.846026159022111e-16
-4.784027857257681e-16
-4.722369660864552e-16
-4.661050770505683e-16
-4.600070386844118e-16
-4.539427710542833e-16
-4.479121942264819e-16
-4.419152282673112e-16
-4.359517932430679e-16
-4.300218092200543e-16
-4.241251962645694e-16
-4.182618744429130e-16
-4.124317638213865e-16
-4.066347844662890e-16
-4.008708564439211e-16
-3.951398998205826e-16
-3.894418346625742e-16
-3.837765810361940e-16
-3.781440590077443e-16
-3.725441886435249e-16
-3.669768900098348e-16
-3.614420831729731e-16
-3.559396881992444e-16
-3.504696251549430e-16
-3.450318141063741e-16
-3.396261751198353e-16
-3.342526282616249e-16
-3.289110935980473e-16
-3.236014911953993e-16
-3.183237411199822e-16
-3.130777634380960e-16
-3.078634782160396e-16
-3.026808055201152e-16
-2.975296654166219e-16
-2.924099779718603e-16
-2.873216632521286e-16
-2.822646413237290e-16
-2.772388322529599e-16
-2.722441561061233e-16
-2.672805329495184e-16
-2.623478828494449e-16
-2.574461258722019e-16
-2.525751820840931e-16
-2.477349715514153e-16
-2.429254143404691e-16
-2.381464305175551e-16
-2.333979401489738e-16
-2.286798633010244e-16
-2.239921200400074e-16
-2.193346304322227e-16
-2.147073145439709e-16
-2.101100924415527e-16
-2.055428841912662e-16
-2.010056098594121e-16
-1.964981895122917e-16
-1.920205432162043e-16
-1.875725910374502e-16
-1.831542530423287e-16
-1.787654492971411e-16
-1.744060998681864e-16
-1.700761248217661e-16
-1.657754442241783e-16
-1.615039781417254e-16
-1.572616466407047e-16
-1.530483697874184e-16
-1.488640676481673e-16
-1.447086602892487e-16
-1.405820677769640e-16
-1.364842101776146e-16
-1.324150075574997e-16
-1.283743799829182e-16
-1.243622475201723e-16
-1.203785302355602e-16
-1.164231481953827e-16
-1.124960214659403e-16
-1.085970701135328e-16
-1.047262142044593e-16
-1.008833738050220e-16
-9.706846898151914e-17
-9.328141980025130e-17
-8.952214632751991e-17
-8.579056862962323e-17
-8.208660677286267e-17
-7.841018082353567e-17
-7.476121084794603e-17
-7.113961691239199e-17
-6.754531908317337e-17
-6.397823742659159e-17
-6.043829200894490e-17
-5.692540289653391e-17
-5.343949015566004e-17
-4.998047385262231e-17
-4.654827405372136e-17
-4.314281082525543e-17
-3.976400423352830e-17
-3.641177434483584e-17
-3.308604122548105e-17
-2.978672494176297e-17
-2.651374555998142e-17
-2.326702314643702e-17
-2.004647776742961e-17
-1.685202948926058e-17
-1.368359837822741e-17
-1.054110450063149e-17
-7.424467922774239e-18
-4.333608710953904e-18
-1.268446931471892e-18
1.771097349373540e-18
4.785104065280580e-18
7.773653149949699e-18
1.073682453708081e-17
1.367469816037364e-17
1.658735395352865e-17
1.947487185024519e-17
2.233733178422318e-17
2.517481368916307e-17
2.798739749876422e-17
3.077516314672675e-17
3.353819056675053e-17
3.627655969253549e-17
3.899035045778155e-17
4.167964279618860e-17
4.434451664145655e-17
4.698505192728532e-17
4.960132858737482e-17
5.219342655542496e-17
5.476142576513563e-17
5.730540615020677e-17
5.982544764433843e-17
6.232163018123004e-17
6.479403369458201e-17
6.724273811809421e-17
6.966782338546611e-17
7.206936943039807e-17
7.444745618658987e-17
7.680216358774139e-17
7.913357156755256e-17
8.144176005972328e-17
8.372680899795346e-17
8.598879831594301e-17
8.822780794739183e-17
9.044391782599986e-17
9.263720788546712e-17
9.480775805949312e-17
9.695564828177816e-17
9.908095848602217e-17
1.011837686059247e-16
1.032641585751859e-16
1.053222083275059e-16
1.073579977965841e-16
1.093716069161207e-16
1.113631156198158e-16
1.133326038413688e-16
1.152801515144801e-16
1.172058385728495e-16
1.191097449501766e-16
1.209919505801618e-16
1.228525353965045e-16
1.246915793329049e-16
1.265091623230630e-16
1.283053643006785e-16
1.300802651994512e-16
1.318339449530815e-16
1.335664834952687e-16
1.352779607597132e-16
1.369684566801148e-16
1.386380511901731e-16
1.402868242235885e-16
1.419148557140605e-16
1.435222255952891e-16
1.451090138009744e-16
1.466753002648162e-16
1.482211649205142e-16
1.497466877017687e-16
1.512519485422793e-16
1.527370273757460e-16
1.542020041358688e-16
1.556469587563475e-16
1.570719711708821e-16
1.584771213131724e-16
1.598624891169185e-16
1.612281545158200e-16
1.625741974435770e-16
1.639006978338895e-16
1.652077356204573e-16
1.664953907369802e-16
1.677637431171583e-16
1.690128726946915e-16
1.702428594032796e-16
1.714537831766224e-16
1.726457239484202e-16
1.738187616523726e-16
1.749729762221795e-16
1.761084475915410e-16
1.772252556941568e-16
1.783234804637270e-16
1.794032018339514e-16
1.804644997385299e-16
1.815074541111624e-16
1.825321448855489e-16
1.835386519953893e-16
1.845270553743835e-16
1.854974349562313e-16
1.864498706746327e-16
1.873844424632876e-16
1.883012302558959e-16
1.892003139861576e-16
1.900817735877724e-16
1.909456889944405e-16
1.917921401398615e-16
1.926212069577355e-16
1.934329693817624e-16
1.942275073456420e-16
1.950049007830743e-16
1.957652296277593e-16
1.965085738133968e-16
1.972350132736866e-16
1.979446279423288e-16
1.986374977530231e-16
1.993137026394698e-16
1.999733225353684e-16
2.006164373744189e-16
2.012431270903214e-16
2.018534716167757e-16
2.024475508874816e-16
2.030254448361391e-16
2.035872333964482e-16
2.041329965021087e-16
2.046628140868204e-16
2.051767660842835e-16
2.056749324281977e-16
2.061573930522629e-16
2.066242278901792e-16
2.070755168756462e-16
2.075113399423641e-16
2.079317770240327e-16
2.083369080543519e-16
2.087268129670216e-16
2.091015716957418e-16
2.094612641742122e-16
2.098059703361330e-16
2.101357701152039e-16
2.104507434451249e-16
2.107509702595957e-16
2.110365304923166e-16
2.113075040769872e-16
2.115639709473075e-16
2.118060110369774e-16
2.120337042796969e-16
2.122471306091658e-16
2.124463699590840e-16
2.126315022631515e-16
2.128026074550682e-16
2.129597654685339e-16
2.131030562372486e-16
2.132325596949122e-16
2.133483557752246e-16
2.134505244118858e-16
2.135391455385955e-16
2.136142990890537e-16
2.136760649969604e-16
2.137245231960155e-16
2.137597536199188e-16
2.137818362023703e-16
2.137908508770699e-16
2.137868775777175e-16
2.137699962380129e-16
2.137402867916562e-16
2.136978291723472e-16
2.136427033137858e-16
2.135749891496719e-16
2.134947666137055e-16
2.134021156395865e-16
2.132971161610147e-16
2.131798481116901e-16
2.130503914253126e-16
2.129088260355820e-16
2.127552318761984e-16
2.125896888808616e-16
2.124122769832716e-16
2.122230761171281e-16
2.120221662161312e-16
2.118096272139807e-16
2.115855390443767e-16
2.113499816410189e-16
2.111030349376072e-16
2.108447788678417e-16
2.105752933654222e-16
2.102946583640485e-16
2.100029537974207e-16
2.097002595992387e-16
2.093866557032023e-16
2.090622220430114e-16
2.087270385523659e-16
2.083811851649659e-16
2.080247418145111e-16
2.076577884347016e-16
2.072804049592371e-16
2.068926713218176e-16
2.064946674561430e-16
2.060864732959133e-16
2.056681687748283e-16
2.052398338265879e-16
2.048015483848922e-16
2.043533923834408e-16
2.038954457559338e-16
2.034277884360712e-16
2.029505003575528e-16
2.024636614540784e-16
2.019673516593480e-16
2.014616509070616e-16
2.009466391309190e-16
2.004223962646202e-16
1.998890022418650e-16
1.993465369963534e-16
1.987950804617852e-16
1.982347125718604e-16
1.976655132602790e-16
1.970875624607407e-16
1.965009401069455e-16
1.959057261325934e-16
1.953020004713842e-16
1.946898430570177e-16
1.940693338231941e-16
1.934405527036132e-16
1.928035796319748e-16
1.921584945419788e-16
1.915053773673253e-16
1.908443080417141e-16
1.901753664988450e-16
1.894986326724181e-16
1.888141864961333e-16
1.881221079036903e-16
1.874224768287892e-16
1.867153732051298e-16
1.860008769664122e-16
1.852790680463361e-16
1.845500263786015e-16
1.838138318969083e-16
1.830705645349562e-16
1.823203042264457e-16
1.815631309050761e-16
1.807991245045475e-16
1.800283649585600e-16
1.792509322008132e-16
1.784669061650072e-16
1.776763667848419e-16
1.768793939940172e-16
1.760760677262329e-16
1.752664679151891e-16
1.744506744945854e-16
1.736287673981222e-16
1.728008265594989e-16
1.719669319124159e-16
1.711271633905727e-16
1.702816009276693e-16
1.694303244574058e-16
1.685734139134819e-16
1.677109492295976e-16
1.668430103394529e-16
1.659696771767474e-16
1.650910296751813e-16
1.642071477684545e-16
1.633181113902668e-16
1.624240004743182e-16
1.615248949543086e-16
1.606208747639376e-16
1.597120198369054e-16
1.587984101069121e-16
1.578801255076573e-16
1.569572459728411e-16
1.560298514361632e-16
1.550980218313237e-16
1.541618370920223e-16
1.532213771519592e-16
1.522767219448340e-16
1.513279514043470e-16
1.503751454641977e-16
1.494183840580861e-16
1.484577471197123e-16
1.474933145827760e-16
1.465251663809774e-16
1.455533824480162e-16
1.445780427175921e-16
1.435992271234055e-16
1.426170155991558e-16
1.416314880785434e-16
1.406427244952679e-16
1.396508047830292e-16
1.386558088755274e-16
1.376578167064622e-16
1.366569082095336e-16
1.356531633184415e-16
1.346466619668861e-16
1.336374840885667e-16
1.326257096171837e-16
1.316114184864368e-16
1.305946906300260e-16
1.295756059816510e-16
1.285542444750123e-16
1.275306860438091e-16
1.265050106217416e-16
1.254772981425098e-16
1.244476285398134e-16
1.234160817473525e-16
1.223827376988269e-16
1.213476763279367e-16
1.203109775683816e-16
1.192727213538614e-16
1.182329876180764e-16
1.171918562947263e-16
1.161494073175107e-16
1.151057206201302e-16
1.140608761362840e-16
1.130149537996726e-16
1.119680335439955e-16
1.109201953029528e-16
1.098715190102443e-16
1.088220845995700e-16
1.077719720046297e-16
1.067212611591234e-16
1.056700319967511e-16
1.046183644512125e-16
1.035663384562077e-16
1.025140339454366e-16
1.014615308525989e-16
1.004089091113946e-16
9.935624865552376e-17
9.830362941868626e-17
9.725113133458167e-17
9.619883433691033e-17
9.514681835937201e-17
9.409516333566668e-17
9.304394919949406e-17
9.199325588455423e-17
9.094316332454677e-17
8.989375145317190e-17
8.884510020412985e-17
8.779728951111979e-17
8.675039930784224e-17
8.570450952799683e-17
8.465970010528347e-17
8.361605097340205e-17
8.257364206605268e-17
8.153255331693486e-17
8.049286465974902e-17
7.945465602819477e-17
7.841800735597192e-17
7.738299857678069e-17
7.634970962432086e-17
7.531822043229227e-17
7.428861093439478e-17
7.326096106432856e-17
7.223535075579307e-17
7.121185994248855e-17
7.019056855811491e-17
6.917155653637216e-17
6.815490381095999e-17
6.714069031557834e-17
6.612899598392717e-17
6.511990074970635e-17
6.411348454661574e-17
6.310982730835549e-17
6.210900896862526e-17
6.111110946112489e-17
6.011620871955460e-17
5.912438667761422e-17
5.813572326900351e-17
5.715029842742248e-17
5.616819208657098e-17
5.518948418014875e-17
5.421425464185620e-17
5.324258340539264e-17
5.227455040445859e-17
5.131023557275367e-17
5.034971884397748e-17
4.939308015183041e-17
4.844039943001223e-17
4.749175661222274e-17
4.654723163216157e-17
4.560690442352941e-17
4.467085492002565e-17
4.373916305535010e-17
4.281190876320304e-17
4.188917197728410e-17
4.097103263129334e-17
4.005757065893053e-17
3.914886599389572e-17
3.824499856988856e-17
3.734604832060922e-17
3.645209517975759e-17
3.556321908103360e-17
3.467949995813716e-17
3.380101774476804e-17
3.292785237462629e-17
3.206008378141141e-17
3.119779189882411e-17
3.034105666056378e-17
2.948995800033004e-17
2.864457585182336e-17
2.780499014874336e-17
2.697128082479011e-17
2.614352781366348e-17
2.532181104906342e-17
2.450621046468968e-17
2.369680599424204e-17
2.289367757142082e-17
2.209690512992552e-17
2.130656860345646e-17
2.052274792571340e-17
1.974552303039614e-17
1.897497385120471e-17
1.821118032183887e-17
1.745422237599855e-17
1.670417994738379e-17
1.596113296969464e-17
1.522516137663046e-17
1.449634510189156e-17
1.377476407917786e-17
1.306049824218927e-17
1.235362752462571e-17
1.165423186018693e-17
1.096239118257299e-17
1.027818542548337e-17
9.601694522618701e-18
8.932998407678310e-18
8.272177014362691e-18
7.619310276371168e-18
6.974478127403801e-18
6.337760501160643e-18
5.709237331341604e-18
5.088988551646298e-18
4.477094095775079e-18
3.873633897427711e-18
3.278687890303951e-18
2.692336008103562e-18
2.114658184526901e-18
1.545734353273729e-18
9.856444480438039e-19
4.344684025368855e-19
-1.077140314138291e-19
-6.408616577753905e-19
-1.165019303597341e-18
-1.680243435415840e-18
-2.186590519767173e-18
-2.684117023187626e-18
-3.172879412213294e-18
-3.652934153380522e-18
-4.124337713225470e-18
-4.587146558284245e-18
-5.041417155093300e-18
-5.487205970188740e-18
-5.924569470106733e-18
-6.353564121383610e-18
-6.774246390555537e-18
-7.186672744158632e-18
-7.590899648729326e-18
-7.986983570803736e-18
-8.374980976918081e-18
-8.754948333608541e-18
-9.126942107411429e-18
-9.491018764862872e-18
-9.847234772499143e-18
-1.019564659685650e-17
-1.053631070447113e-17
-1.086928356187921e-17
-1.119462163561703e-17
-1.151238139222076e-17
-1.182261929822663e-17
-1.212539182017093e-17
-1.242075542458982e-17
-1.270876657801949e-17
-1.298948174699621e-17
-1.326295739805623e-17
-1.352924999773570e-17
-1.378841601257090e-17
-1.404051190909804e-17
-1.428559415385330e-17
-1.452371921337292e-17
-1.475494355419318e-17
-1.497932364285021e-17
-1.519691594588032e-17
-1.540777692981968e-17
-1.561196306120452e-17
-1.580953080657102e-17
-1.600053663245548e-17
-1.618503700539410e-17
-1.636308839192305e-17
-1.653474725857863e-17
-1.670007007189700e-17
-1.685911329841438e-17
-1.701193340466704e-17
-1.715858685719119e-17
-1.729913012252301e-17
-1.743361966719877e-17
-1.756211195775465e-17
-1.768466346072690e-17
-1.780133064265175e-17
-1.791216997006540e-17
-1.801723790950407e-17
-1.811659092750399e-17
-1.821028549060139e-17
-1.829837806533247e-17
-1.838092511823348e-17
-1.845798311584062e-17
-1.852960852469012e-17
-1.859585781131820e-17
-1.865678744226108e-17
-1.871245388405498e-17
-1.876291360323613e-17
-1.880822306634075e-17
-1.884843873990505e-17
-1.888361709046526e-17
-1.891381458455761e-17
-1.893908768871831e-17
-1.895949286948359e-17
-1.897508659338966e-17
-1.898592532697276e-17
-1.899206553676908e-17
-1.899356368931488e-17
-1.899047625114636e-17
-1.898285968879974e-17
-1.897077046881125e-17
-1.895426505771711e-17
-1.893339992205355e-17
-1.890823152835677e-17
-1.887881634316300e-17
-1.884521083300848e-17
-1.880747146442941e-17
-1.876565470396202e-17
-1.871981701814254e-17
-1.867001487350717e-17
-1.861630473659215e-17
-1.855874307393369e-17
-1.849738635206803e-17
-1.843229103753136e-17
-1.836351359685994e-17
-1.829111049658997e-17
-1.821513820325767e-17
-1.813565318339926e-17
-1.805271190355098e-17
-1.796637083024903e-17
-1.787668643002966e-17
-1.778371516942906e-17
-1.768751351498346e-17
-1.758813793322909e-17
-1.748564489070218e-17
-1.738009085393892e-17
-1.727153228947557e-17
-1.716002566384833e-17
-1.704562744359341e-17
-1.692839409524706e-17
-1.680838208534549e-17
-1.668564788042492e-17
-1.656024794702156e-17
-1.643223875167166e-17
-1.630167676091141e-17
-1.616861844127705e-17
-1.603312025930482e-17
-1.589523868153091e-17
-1.575503017449154e-17
-1.561255120472293e-17
-1.546785823876136e-17
-1.532100774314298e-17
-1.517205618440402e-17
-1.502106002908078e-17
-1.486807574370937e-17
-1.471315979482608e-17
-1.455636864896712e-17
-1.439775877266869e-17
-1.423738663246704e-17
-1.407530869489842e-17
-1.391158142649896e-17
-1.374626129380493e-17
-1.357940476335260e-17
-1.341106830167811e-17
-1.324130837531775e-17
-1.307018145080771e-17
-1.289774399468419e-17
-1.272405247348344e-17
-1.254916335374169e-17
-1.237313310199513e-17
-1.219601818478002e-17
-1.201787506863255e-17
-1.183876022008896e-17
-1.165873010568544e-17
-1.147784119195823e-17
-1.129614994544360e-17
-1.111371283267774e-17
-1.093058632019682e-17
-1.074682687453711e-17
-1.056249096223483e-17
-1.037763504982621e-17
-1.019231560384746e-17
-1.000658909083479e-17
-9.820511977324432e-18
-9.634140729852620e-18
-9.447531814955535e-18
-9.260741699169419e-18
-9.073826849030554e-18
-8.886843731075103e-18
-8.699848811839248e-18
-8.512898557859285e-18
-8.326049435671390e-18
-8.139357911811809e-18
-7.952880452816805e-18
-7.766673525222500e-18
-7.580793595565157e-18
-7.395297130381052e-18
-7.210240596206345e-18
-7.025680459577250e-18
-6.841673187030045e-18
-6.658275245100927e-18
-6.475543100326107e-18
-6.293533219241771e-18
-6.112302068384229e-18
-5.931906114289633e-18
-5.752401823494245e-18
-5.573845662534257e-18
-5.396294097945882e-18
-5.219803596265382e-18
-5.044430624028977e-18
-4.870231647772832e-18
-4.697263134033225e-18
-4.525581549346381e-18
-4.355243360248478e-18
-4.186305033275733e-18
-4.018823034964431e-18
-3.852853831850780e-18
-3.688453890470921e-18
-3.525679677361171e-18
-3.364587659057690e-18
-3.205234302096730e-18
-3.047676073014528e-18
-2.891969438347290e-18
-2.738170864631208e-18
-2.586336818402517e-18
-2.436523766197471e-18
-2.288788174552261e-18
-2.143186510003124e-18
-1.999775239086298e-18
-1.858610828337957e-18
-1.719749744294336e-18
-1.583248453491676e-18
-1.449163422466232e-18
-1.317551117754140e-18
-1.188468005891692e-18
-1.061970553415073e-18
-9.381152268605053e-19
-8.169584927642287e-19
-6.985568176624461e-19
-5.829666680914525e-19
-4.702445105873604e-19
-3.604468116864278e-19
-2.536300379248948e-19
-1.498506558389830e-19
-4.916513196491430e-20
4.837203850670075e-20
1.427517013349091e-19
2.340100432282608e-19
3.221852222409441e-19
4.073153964271594e-19
4.894387238411069e-19
5.685933625369579e-19
6.448174705689721e-19
7.181492059913197e-19
7.886267268582007e-19
8.562881912238157e-19
9.211717571423650e-19
9.833155826680260e-19
1.042757825855046e-18
1.099536644757601e-18
1.153690197429891e-18
1.205256641926118e-18
1.254274136300475e-18
1.300780838607174e-18
1.344814906900400e-18
1.386414499234374e-18
1.425617773663285e-18
1.462462888241335e-18
1.496988001022718e-18
1.529231270061645e-18
1.559230853412303e-18
1.587024909128908e-18
1.612651595265652e-18
1.636149069876736e-18
1.657555491016358e-18
1.676909016738723e-18
1.694247805098025e-18
1.709610014148473e-18
1.723033801944262e-18
1.734557326539592e-18
1.744218745988664e-18
1.752056218345680e-18
1.758107901664836e-18
1.762411954000338e-18
1.765006533406383e-18
1.765929797937172e-18
1.765219905646905e-18
1.762915014589783e-18
1.759053282820004e-18
1.753672868391773e-18
1.746811929359286e-18
1.738508623776746e-18
1.728801109698349e-18
1.717727545178301e-18
1.705326088270802e-18
1.691634897030048e-18
1.676692129510242e-18
1.660535943765581e-18
1.643204497850271e-18
1.624735949818505e-18
1.605168457724493e-18
1.584540179622434e-18
1.562889273566516e-18
1.540253897610951e-18
1.516672209809931e-18
1.492182368217668e-18
1.466822530888356e-18
1.440630855876195e-18
1.413645501235383e-18
1.385904625020119e-18
1.357446385284612e-18
1.328308940083051e-18
1.298530447469649e-18
1.268149065498600e-18
1.237202952224105e-18
1.205730265700364e-18
1.173769163981568e-18
1.141357805121934e-18
1.108534347175657e-18
1.075336948196923e-18
1.041803766239963e-18
1.007972959358941e-18
9.738826856080850e-19
9.395711030415839e-19
9.050763697136301e-19
8.704366436784429e-19
8.356900829902110e-19
8.008748457031394e-19
7.660290898714141e-19
7.311909735492580e-19
6.963986547908584e-19
6.616902916504110e-19
6.271040421821377e-19
5.926780644402072e-19
5.584505164788460e-19
5.244595563522429e-19
4.907433421145933e-19
4.573400318201119e-19
4.242877835229933e-19
3.916247552774329e-19
3.593891051376298e-19
3.276189911577938e-19
2.963525713921209e-19
2.656280038948026e-19
2.354834467200549e-19
2.059570579220715e-19
1.770869955550492e-19
1.489114176731941e-19
1.214684823306932e-19
9.479634758176538e-20
6.893317148059551e-20
4.391711208140419e-20
1.978632743837147e-20
-3.421054168661679e-21
-2.568020257079933e-20
-4.700047407714338e-20
-6.739664282736763e-20
-8.688348296116204e-20
-1.054757686182111e-19
-1.231882739381993e-19
-1.400357730608151e-19
-1.560330401257348e-19
-1.711948492726508e-19
-1.855359746412364e-19
-1.990711903711873e-19
-2.118152706021873e-19
-2.237829894739146e-19
-2.349891211260597e-19
-2.454484396983013e-19
-2.551757193303269e-19
-2.641857341618210e-19
-2.724932583324682e-19
-2.801130659819546e-19
-2.870599312499610e-19
-2.933486282761753e-19
-2.989939312002788e-19
-3.040106141619566e-19
-3.084134513008967e-19
-3.122172167567800e-19
-3.154366846692929e-19
-3.180866291781182e-19
-3.201818244229416e-19
-3.217370445434471e-19
-3.227670636793195e-19
-3.232866559702433e-19
-3.233105955559027e-19
-3.228536565759824e-19
-3.219306131701667e-19
-3.205562394781407e-19
-3.187453096395878e-19
-3.165125977941933e-19
-3.138728780816411e-19
-3.108409246416166e-19
-3.074315116138037e-19
-3.036594131378862e-19
-2.995394033535512e-19
-2.950862564004794e-19
-2.903147464183582e-19
-2.852396475468711e-19
-2.798757339257014e-19
-2.742377796945360e-19
-2.683405589930584e-19
-2.621988459609527e-19
-2.558274147379019e-19
-2.492410394635941e-19
-2.424544942777116e-19
-2.354825533199374e-19
-2.283399907299613e-19
-2.210415806474606e-19
-2.136020972121252e-19
-2.060363145636378e-19
-1.983590068416810e-19
-1.905849481859430e-19
-1.827289127361066e-19
-1.748056746318561e-19
-1.668300080128738e-19
-1.588166870188487e-19
-1.507804857894630e-19
-1.427361784643991e-19
-1.346985391833456e-19
-1.266823420859849e-19
-1.187023613120019e-19
-1.107733710010804e-19
-1.029101452929033e-19
-9.512745832715919e-20
-8.744008424352819e-20
-7.986279718170096e-20
-7.241037128135445e-20
-6.509758068217847e-20
-5.793919952385584e-20
-5.095000194606906e-20
-4.414476208850627e-20
-3.753825409085026e-20
-3.114525209278574e-20
-2.498053023399678e-20
-1.905886265416633e-20
-1.339502349298210e-20
-8.003786890125961e-21
-2.899926985286026e-21
1.901782081857059e-21
6.386566171618657e-21
1.053965114431213e-20
1.434626286025471e-20
1.779162717976013e-20
2.086096996314514e-20
2.353951707072477e-20
2.581249436281502e-20
2.766512769973200e-20
2.908264294178955e-20
3.005026594930434e-20
3.055322258259121e-20
3.057673870196620e-20
3.010604016774506e-20
2.912635284024253e-20
2.762290257977398e-20
2.558091524665588e-20
2.298561670120327e-20
1.982223280373250e-20
1.607598941455740e-20
1.173211239399348e-20
6.775827602358197e-21
1.192360899964784e-21
-5.027701601428376e-21
-1.185415818176879e-20
-1.923905128811369e-20
-2.713433961358144e-20
-3.549198185129969e-20
-4.426393669438793e-20
-5.340216283597191e-20
-6.285861896917775e-20
-7.258526378712196e-20
-8.253405598293795e-20
-9.265695424974206e-20
-1.029059172806630e-19
-1.132329037688194e-19
-1.235898724073375e-19
-1.339287818893409e-19
-1.442015909079535e-19
-1.543602581563014e-19
-1.643567423275032e-19
-1.741430021146853e-19
-1.836709962109736e-19
-1.928926833094849e-19
-2.017600221033520e-19
-2.102249712856919e-19
-2.182394895496306e-19
-2.257555355882935e-19
-2.327250680948007e-19
-2.391000457622776e-19
-2.448324272838483e-19
-2.498741713526373e-19
-2.541772366617659e-19
-2.576935819043593e-19
-2.603751657735416e-19
-2.621739469624352e-19
-2.630418841641646e-19
-2.629309360718535e-19
-2.617930613786256e-19
-2.595802187776041e-19
-2.562443669619135e-19
-2.517374646246760e-19
-2.460114704590191e-19
-2.390183431580607e-19
-2.307100414149294e-19
-2.210385239227472e-19
-2.099557493746350e-19
-1.974136764637218e-19
-1.833642638831290e-19
-1.677594703259802e-19
-1.505512544853991e-19
-1.316915750545043e-19
-1.111323907264292e-19
-8.882566019428716e-20
-6.472334215121929e-20
-3.877739529033157e-20
-1.093977830474678e-20
1.881694689807442e-20
5.024050917304825e-20
8.287705552612213e-20
1.162682826689817e-19
1.499558873132713e-19
1.834815661706857e-19
2.163870159528940e-19
2.482139333715494e-19
2.785040151383369e-19
3.067989579649109e-19
3.326404585629426e-19
3.555702136441198e-19
3.751299199200938e-19
3.908612741025436e-19
4.023059729031307e-19
4.090057130335293e-19
4.105021912054087e-19
4.063371041304386e-19
3.960521485202850e-19
3.791890210866226e-19
3.552894185411122e-19
3.238950375954351e-19
2.845475749612669e-19
2.367887273502444e-19
1.801601914740696e-19
1.142036640443836e-19
3.846084177288874e-20
-4.746663272699574e-20
-1.428138623468737e-19
-2.457611450363593e-19
-3.544505878971166e-19
-4.670242980306273e-19
-5.816243825385082e-19
-6.963929485222630e-19
-8.094721030834813e-19
-9.190039533237251e-19
-1.023130606344555e-18
-1.119994169247557e-18
-1.207736749134242e-18
-1.284500453106197e-18
-1.348427388264998e-18
-1.397659661712165e-18
-1.430339380549306e-18
-1.444608651877952e-18
-1.438609582799675e-18
-1.410484280416027e-18
-1.358374851828582e-18
-1.280423404138898e-18
-1.174772044448536e-18
-1.039562879859020e-18
-8.729380174719794e-19
-6.730395643889444e-19
-4.380096277114134e-19
-1.659903145411377e-19
1.447421740835745e-19
4.919618441066418e-19
8.689421852074835e-19
1.268711859863668e-18
1.684299530552458e-18
2.108733859751525e-18
2.535043509938013e-18
2.956257143589812e-18
3.365403423184070e-18
3.755511011198356e-18
4.119608570110227e-18
4.450724762396962e-18
4.741888250536121e-18
4.986127697005172e-18
5.176471764281578e-18
5.305949114842829e-18
5.367588411166327e-18
5.354418315729562e-18
5.259467491010040e-18
5.075764599485187e-18
4.796338303632397e-18
4.414217265929281e-18
3.922430148853101e-18
3.314005614881572e-18
2.581972326492049e-18
1.719358946162001e-18
7.191941363688872e-19
-4.248708426352694e-19
-1.688615866550126e-18
-3.003977128082225e-18
-4.299504530321327e-18
-5.503747976357910e-18
-6.545257369283262e-18
-7.352582612186965e-18
-7.854273608159819e-18
-7.978880260291993e-18
-7.654952471674089e-18
-6.811040145396540e-18
-5.375693184549787e-18
-3.277461492223646e-18
-4.448949715095891e-19
3.161126378034931e-18
7.354660595379474e-18
1.185407778552663e-17
1.637739731202130e-17
2.064263853840157e-17
2.436782082821091e-17
2.727096354498887e-17
2.907008605227798e-17
2.948320771361971e-17
2.822834789255556e-17
2.502352595262594e-17
1.958676125737390e-17
1.163607317033806e-17
9.023227260203012e-19
-1.165516064298338e-17
-2.284878121376669e-17
-2.925563483896345e-17
-2.745281737120570e-17
-1.401742466312743e-17
1.447344743263680e-17
6.115804319656715e-17
1.227225111505989e-16
1.894532889970892e-16
2.513626317774218e-16
2.984627945330464e-16
3.207660323053979e-16
3.082846001358962e-16
2.562963736857174e-16
2.088932692767054e-16
2.366246246612401e-16
4.103011726344355e-16
8.007336459913988e-16
1.478732777527454e-15
2.515109300037080e-15
3.959549026698553e-15
5.766274723945444e-15
7.862556024273267e-15
1.024474460217723e-14
1.405999390169164e-14
2.140534137538646e-14
3.440290165718346e-14
5.433501773516454e-14
8.054339010781854e-14
1.120964296416032e-13
1.511591775757637e-13
2.226682373590894e-13
3.617218723585595e-13
6.032863650539820e-13
9.759724290788726e-13
1.538069800087550e-12
2.706312849522522e-12
4.938775224037135e-12
8.173877279407142e-12
1.548284720391508e-11
3.534536492037183e-11
8.763036556484896e-11
2.411214623272724e-10
7.219256270691485e-10
2.174419295289524e-09
6.033534120776827e-09
1.532461057588345e-08
3.554001881557464e-08
7.561951464570900e-08
1.488282753599422e-07
2.733707135617404e-07
4.726156021088039e-07
7.749083077618560e-07
1.213394249057899e-06
1.827051661374509e-06
2.664491567056042e-06
3.791121429723123e-06
5.298283592981321e-06
7.311541791091874e-06
9.995478619774811e-06
1.355249998002343e-05
1.821286482454498e-05
2.421406723638118e-05
3.176981181547577e-05
4.103209528247077e-05
5.205134360037213e-05
6.479312974602182e-05
7.900340114416422e-05
9.432262387198930e-05
1.102752845195258e-04
1.263941449290315e-04
1.422052896756774e-04
1.572947740276033e-04
1.713468053155963e-04
1.841587849657985e-04
1.956200251346298e-04
2.057121641257933e-04
2.144709591484722e-04
2.219675211639854e-04
2.282836736338773e-04
2.335274004512327e-04
2.378070119886174e-04
2.412237918102445e-04
2.438786282427951e-04
2.458455880838595e-04
2.472068211026787e-04
2.480698906047605e-04
2.485018736973566e-04
2.485594267796215e-04
2.483023791770226e-04
2.477698946437626e-04
2.469846731487690e-04
2.459826779966255e-04
2.448052095101481e-04
2.434931039456823e-04
2.420744839220097e-04
2.405636782474774e-04
2.389743236397719e-04
2.373188313368201e-04
2.356057827391150e-04
2.338430131445878e-04
2.320383079080711e-04
2.301989311150630e-04
2.283318367277828e-04
2.264439745981235e-04
2.245422945779778e-04
2.226337465192399e-04
2.207252802738029e-04
2.188230721380942e-04
2.169294206130029e-04
2.150454116447729e-04
2.131721307673146e-04
2.113106635145365e-04
2.094620954203495e-04
2.076275118611975e-04
2.058079315966914e-04
2.040042036549056e-04
2.022171504260325e-04
2.004475943002660e-04
1.986963576677985e-04
1.969642629188229e-04
1.952521252859627e-04
1.935604482608650e-04
1.918893098567082e-04
1.902387574894725e-04
1.886088385751398e-04
1.869996005296912e-04
1.854110907691065e-04
1.838433501312735e-04
1.822963245900779e-04
1.807698888737377e-04
1.792639159777577e-04
1.777782788976442e-04
1.763128506289018e-04
1.748675041670357e-04
1.734421009828354e-04
1.720364269270999e-04
1.706502373658042e-04
1.692832875807374e-04
1.679353328536879e-04
1.666061284664458e-04
1.652954297007334e-04
1.640029915555731e-04
1.627285681004656e-04
1.614719132141533e-04
1.602327807753787e-04
1.590109246628837e-04
1.578060987554115e-04
1.566180566518207e-04
1.554465291596997e-04
1.542912077962218e-04
1.531517801888391e-04
1.520279339650040e-04
1.509193567521683e-04
1.498257361777851e-04
1.487467666366090e-04
1.476822832778027e-04
1.466322541965892e-04
1.455966526922282e-04
1.445754520639810e-04
1.435686256111080e-04
1.425761466328702e-04
1.415979650651187e-04
1.406338274955123e-04
1.396833758090235e-04
1.387462510253130e-04
1.378220941640422e-04
1.369105462448719e-04
1.360112482874629e-04
1.351238413114769e-04
1.342479663365738e-04
1.333832643824153e-04
1.325293764686623e-04
1.316859436149754e-04
1.308526068410162e-04
1.300290075442712e-04
1.292148611935811e-04
1.284100456542949e-04
1.276144603275823e-04
1.268280046146119e-04
1.260505779165528e-04
1.252820796345741e-04
1.245224091698447e-04
1.237714659235337e-04
1.230291492968099e-04
1.222953586908423e-04
1.215699935068001e-04
1.208529531458519e-04
1.201441370091674e-04
1.194434433809523e-04
1.187507573624020e-04
1.180659554544143e-04
1.173889140102136e-04
1.167195093830249e-04
1.160576179260724e-04
1.154031159925808e-04
1.147558799357747e-04
1.141157861088783e-04
1.134827108651167e-04
1.128565305577141e-04
1.122371215398953e-04
1.116243601648849e-04
1.110181227983664e-04
1.104182961744353e-04
1.098247961965895e-04
1.092375438603808e-04
1.086564601613607e-04
1.080814660950812e-04
1.075124826570937e-04
1.069494308429496e-04
1.063922316482010e-04
1.058408060683993e-04
1.052950750990964e-04
1.047549597358440e-04
1.042203809741933e-04
1.036912598096963e-04
1.031675173345117e-04
1.026490762397665e-04
1.021358605309987e-04
1.016277942527559e-04
1.011248014495858e-04
1.006268061660360e-04
1.001337324466544e-04
9.964550433598840e-05
9.916204587858595e-05
9.868328111899470e-05
9.820913410176200e-05
9.773952887143587e-05
9.727438947256376e-05
9.681363995000730e-05
9.635721562207778e-05
9.590509286970177e-05
9.545725742029411e-05
9.501369500126892e-05
9.457439134004103e-05
9.413933216402476e-05
9.370850320063488e-05
9.328189017728580e-05
9.285947882139205e-05
9.244125486036817e-05
9.202720402162858e-05
9.161731203258801e-05
9.121156462066093e-05
9.080994648429345e-05
9.041241720644348e-05
9.001891042205871e-05
8.962935857055958e-05
8.924369409136602e-05
8.886184942389838e-05
8.848375700757669e-05
8.810934928182108e-05
8.773855868605172e-05
8.737131765968862e-05
8.700755864215214e-05
8.664721407286229e-05
8.629021639123914e-05
8.593649803670301e-05
8.558599144867395e-05
8.523862906657208e-05
8.489434332981756e-05
8.455306667783043e-05
8.421473155003101e-05
8.387927038583926e-05
8.354661562467558e-05
8.321669970595976e-05
8.288945506911219e-05
8.256481415355296e-05
8.224270939870208e-05
8.192307324397989e-05
8.160583812880642e-05
8.129093704475504e-05
8.097832444835560e-05
8.066798267987559e-05
8.035989594309984e-05
8.005404844181287e-05
7.975042437979959e-05
7.944900796084436e-05
7.914978338873210e-05
7.885273486724741e-05
7.855784660017489e-05
7.826510279129937e-05
7.797448764440537e-05
7.768598536327781e-05
7.739958015170113e-05
7.711525621346000e-05
7.683299775233927e-05
7.655278897212345e-05
7.627461407659737e-05
7.599845726954571e-05
7.572430275475293e-05
7.545213473600392e-05
7.518193741708323e-05
7.491369500177566e-05
7.464739169386576e-05
7.438301169713840e-05
7.412053921537807e-05
7.385995845236943e-05
7.360125364894777e-05
7.334441164273961e-05
7.308942352743051e-05
7.283628079121898e-05
7.258497492230336e-05
7.233549740888237e-05
7.208783973915442e-05
7.184199340131816e-05
7.159794988357205e-05
7.135570067411456e-05
7.111523726114442e-05
7.087655113285989e-05
7.063963377745970e-05
7.040447668314224e-05
7.017107133810617e-05
6.993940923054997e-05
6.970948184867216e-05
6.948128068067126e-05
6.925479721474574e-05
6.903002293909426e-05
6.880694934191529e-05
6.858556791140729e-05
6.836587013576897e-05
6.814784750319861e-05
6.793149150189495e-05
6.771679362005638e-05
6.750374534588154e-05
6.729233815101890e-05
6.708256090241039e-05
6.687439704688438e-05
6.666782935494405e-05
6.646284059709268e-05
6.625941354383344e-05
6.605753096566950e-05
6.585717563310416e-05
6.565833031664059e-05
6.546097778678200e-05
6.526510081403159e-05
6.507068216889254e-05
6.487770462186816e-05
6.468615094346153e-05
6.449600390417604e-05
6.430724627451470e-05
6.411986082498086e-05
6.393383032607768e-05
6.374913754830834e-05
6.356576526217613e-05
6.338369623818421e-05
6.320291324683582e-05
6.302339905863413e-05
6.284513644408234e-05
6.266810817368372e-05
6.249229701794142e-05
6.231768574735877e-05
6.214425713243882e-05
6.197199394368488e-05
6.180087895160015e-05
6.163089492668777e-05
6.146202463945107e-05
6.129425086039315e-05
6.112755636001737e-05
6.096192390882678e-05
6.079733627732462e-05
6.063377623601417e-05
6.047122655539857e-05
6.030967000598110e-05
6.014908935826499e-05
5.998946738275331e-05
5.983078684994940e-05
5.967303053035638e-05
5.951618119447756e-05
5.936022161281607e-05
5.920513455587522e-05
5.905090279415812e-05
5.889750909816798e-05
5.874493623840807e-05
5.859316698538156e-05
5.844218410959170e-05
5.829197038154172e-05
5.814250857173471e-05
5.799378145067401e-05
5.784577178916556e-05
5.769846516119878e-05
5.755185679549929e-05
5.740594399781923e-05
5.726072407391086e-05
5.711619432952620e-05
5.697235207041751e-05
5.682919460233690e-05
5.668671923103660e-05
5.654492326226872e-05
5.640380400178545e-05
5.626335875533893e-05
5.612358482868129e-05
5.598447952756477e-05
5.584604015774150e-05
5.570826402496360e-05
5.557114843498335e-05
5.543469069355275e-05
5.529888810642409e-05
5.516373797934946e-05
5.502923761808108e-05
5.489538432837109e-05
5.476217541597165e-05
5.462960818663491e-05
5.449767994611302e-05
5.436638800015819e-05
5.423572965452257e-05
5.410570221495828e-05
5.397630298721754e-05
5.384752927705249e-05
5.371937839021529e-05
5.359184763245810e-05
5.346493430953306e-05
5.333863572719238e-05
5.321294919118818e-05
5.308787200727270e-05
5.296340148119799e-05
5.283953491871630e-05
5.271626962557976e-05
5.259360290754050e-05
5.247153207035075e-05
5.235005441976264e-05
5.222916726152834e-05
5.210886790140000e-05
5.198915364512975e-05
5.187002179846984e-05
5.175146966717234e-05
5.163349455698952e-05
5.151609377367342e-05
5.139926462297630e-05
5.128300441065027e-05
5.116731044244750e-05
5.105218002412018e-05
5.093761046142041e-05
5.082359906010047e-05
5.071014320554163e-05
5.059724074813201e-05
5.048488970657228e-05
5.037308809979514e-05
5.026183394673339e-05
5.015112526631977e-05
5.004096007748703e-05
4.993133639916793e-05
4.982225225029519e-05
4.971370564980163e-05
4.960569461661995e-05
4.949821716968298e-05
4.939127132792340e-05
4.928485511027398e-05
4.917896653566750e-05
4.907360362303669e-05
4.896876439131434e-05
4.886444685943322e-05
4.876064904632600e-05
4.865736897092551e-05
4.855460465216447e-05
4.845235410897567e-05
4.835061536029185e-05
4.824938642504577e-05
4.814866532217017e-05
4.804845007059780e-05
4.794873868926145e-05
4.784952919709384e-05
4.775081961302777e-05
4.765260795599597e-05
4.755489224493120e-05
4.745767049876621e-05
4.736094073643373e-05
4.726470097686657e-05
4.716894923899746e-05
4.707368354175914e-05
4.697890190408443e-05
4.688460234490598e-05
4.679078288315664e-05
4.669744153776911e-05
4.660457632767618e-05
4.651218527181059e-05
4.642026638910512e-05
4.632881769849249e-05
4.623783721890545e-05
4.614732296927680e-05
4.605727296853928e-05
4.596768523562562e-05
4.587855778946863e-05
4.578988864900099e-05
4.570167583315553e-05
4.561391736086494e-05
4.552661125106203e-05
4.543975552267954e-05
4.535334814985818e-05
4.526738664432312e-05
4.518186824499898e-05
4.509679018728461e-05
4.501214970657881e-05
4.492794403828035e-05
4.484417041778806e-05
4.476082608050074e-05
4.467790826181718e-05
4.459541419713619e-05
4.451334112185653e-05
4.443168627137706e-05
4.435044688109653e-05
4.426962018641380e-05
4.418920342272760e-05
4.410919382543677e-05
4.402958862994012e-05
4.395038507163641e-05
4.387158038592448e-05
4.379317180820312e-05
4.371515657387112e-05
4.363753191832729e-05
4.356029507697040e-05
4.348344328519931e-05
4.340697377841275e-05
4.333088379200959e-05
4.325517056138859e-05
4.317983132194856e-05
4.310486330908829e-05
4.303026375820658e-05
4.295602990470225e-05
4.288215898397408e-05
4.280864823142091e-05
4.273549488244149e-05
4.266269617243461e-05
4.259024933679914e-05
4.251815161093381e-05
4.244640023023747e-05
4.237499243010892e-05
4.230392544594690e-05
4.223319651315028e-05
4.216280286711781e-05
4.209274174324832e-05
4.202301037694060e-05
4.195360600359348e-05
4.188452585860572e-05
4.181576717737611e-05
4.174732719530349e-05
4.167920314778663e-05
4.161139227022436e-05
4.154389179801547e-05
4.147669896655875e-05
4.140981101125301e-05
4.134322516749703e-05
4.127693867068964e-05
4.121094875622962e-05
4.114525265951577e-05
4.107984761594692e-05
4.101473086092182e-05
4.094989962983932e-05
4.088535115809817e-05
4.082108268109722e-05
4.075709143423525e-05
4.069337465291106e-05
4.062992957252344e-05
4.056675342847119e-05
4.050384345615314e-05
4.044119689096806e-05
4.037881096831475e-05
4.031668292359206e-05
4.025480999219870e-05
4.019318940953356e-05
4.013181841099537e-05
4.007069423198298e-05
4.000981410789517e-05
3.994917527413074e-05
3.988877496608852e-05
3.982861041916724e-05
3.976867886876577e-05
3.970897755028288e-05
3.964950369911736e-05
3.959025455066804e-05
3.953122734033370e-05
3.947241930351315e-05
3.941382767560519e-05
3.935544969200859e-05
3.929728258812219e-05
3.923932359934477e-05
3.918156996107517e-05
3.912401890871212e-05
3.906666767765447e-05
3.900951350330102e-05
3.895255362105053e-05
3.889578526630185e-05
3.883920567445375e-05
3.878281208090505e-05
3.872660172105453e-05
3.867057183030099e-05
3.861471964404325e-05
3.855904239768009e-05
3.850353732661034e-05
3.844820166623277e-05
3.839303265194619e-05
3.833802751914941e-05
3.828318350324121e-05
3.822849783962041e-05
3.817396776368579e-05
3.811959051083618e-05
3.806536333466082e-05
3.801128445984379e-05
3.795735355087335e-05
3.790357038875211e-05
3.784993475448274e-05
3.779644642906787e-05
3.774310519351011e-05
3.768991082881212e-05
3.763686311597653e-05
3.758396183600600e-05
3.753120676990314e-05
3.747859769867063e-05
3.742613440331106e-05
3.737381666482709e-05
3.732164426422136e-05
3.726961698249650e-05
3.721773460065517e-05
3.716599689970000e-05
3.711440366063361e-05
3.706295466445866e-05
3.701164969217776e-05
3.696048852479359e-05
3.690947094330877e-05
3.685859672872591e-05
3.680786566204772e-05
3.675727752427675e-05
3.670683209641570e-05
3.665652915946718e-05
3.660636849443385e-05
3.655634988231834e-05
3.650647310412329e-05
3.645673794085133e-05
3.640714417350509e-05
3.635769158308724e-05
3.630837995060039e-05
3.625920905704719e-05
3.621017868343030e-05
3.616128861075231e-05
3.611253862001589e-05
3.606392849222368e-05
3.601545800837831e-05
3.596712694948242e-05
3.591893509653865e-05
3.587088223054966e-05
3.582296813251803e-05
3.577519258344646e-05
3.572755536433756e-05
3.568005625619396e-05
3.563269504001833e-05
3.558547149681328e-05
3.553838540758147e-05
3.549143655332552e-05
3.544462471504807e-05
3.539794967375177e-05
3.535141121043924e-05
3.530500910611316e-05
3.525874314177612e-05
3.521261309843079e-05
3.516661875707980e-05
3.512075989872576e-05
3.507503630437136e-05
3.502944775501921e-05
3.498399403167195e-05
3.493867491533222e-05
3.489349018700266e-05
3.484843962768590e-05
3.480352301838459e-05
3.475874014010137e-05
3.471409077383888e-05
3.466957470059974e-05
3.462519170138661e-05
3.458094155720211e-05
3.453682404904890e-05
3.449283895792959e-05
3.444898606484686e-05
3.440526515080332e-05
3.436167599680159e-05
3.431821838384435e-05
3.427489209293420e-05
3.423169690507382e-05
3.418863260126582e-05
3.414569896251285e-05
3.410289576981754e-05
3.406022280418254e-05
3.401767984661048e-05
3.397526667810400e-05
3.393298307966573e-05
3.389082883229833e-05
3.384880371700441e-05
3.380690751478663e-05
3.376514000664762e-05
3.372350097359003e-05
3.368199019661649e-05
3.364060745672964e-05
3.359935253493212e-05
3.355822521222655e-05
3.351722526961562e-05
3.347635248810191e-05
3.343560664868808e-05
3.339498753237678e-05
3.335449492017063e-05
3.331412859307228e-05
3.327388833208436e-05
3.323377391820953e-05
3.319378513245041e-05
3.315392175580963e-05
3.311418356928986e-05
3.307457035389371e-05
3.303508189062385e-05
3.299571791527597e-05
3.295647798281824e-05
3.291736160301189e-05
3.287836828561815e-05
3.283949754039826e-05
3.280074887711345e-05
3.276212180552497e-05
3.272361583539404e-05
3.268523047648191e-05
3.264696523854981e-05
3.260881963135896e-05
3.257079316467062e-05
3.253288534824603e-05
3.249509569184639e-05
3.245742370523297e-05
3.241986889816697e-05
3.238243078040966e-05
3.234510886172226e-05
3.230790265186601e-05
3.227081166060215e-05
3.223383539769190e-05
3.219697337289652e-05
3.216022509597722e-05
3.212359007669525e-05
3.208706782481187e-05
3.205065785008826e-05
3.201435966228569e-05
3.197817277116539e-05
3.194209668648859e-05
3.190613091801654e-05
3.187027497551046e-05
3.183452836873159e-05
3.179889060744117e-05
3.176336120140044e-05
3.172793966037063e-05
3.169262549411297e-05
3.165741821238871e-05
3.162231732495908e-05
3.158732234158531e-05
3.155243277202863e-05
3.151764812605028e-05
3.148296791341151e-05
3.144839164387354e-05
3.141391882719761e-05
3.137954897314495e-05
3.134528159147681e-05
3.131111619195442e-05
3.127705228433901e-05
3.124308937839182e-05
3.120922698387409e-05
3.117546461054705e-05
3.114180176817193e-05
3.110823796650997e-05
3.107477271532241e-05
3.104140552437048e-05
3.100813590341543e-05
3.097496336221847e-05
3.094188741054085e-05
3.090890755814382e-05
3.087602331478858e-05
3.084323419023641e-05
3.081053969424850e-05
3.077793933658615e-05
3.074543262701051e-05
3.071301907528289e-05
3.068069819116448e-05
3.064846948441653e-05
3.061633246480028e-05
3.058428664207695e-05
3.055233152600781e-05
3.052046662635406e-05
3.048869145287695e-05
3.045700551533772e-05
3.042540832349759e-05
3.039389938711784e-05
3.036247821595964e-05
3.033114431978426e-05
3.029989720835294e-05
3.026873639142691e-05
3.023766137876740e-05
3.020667168013565e-05
3.017576680529290e-05
3.014494626400039e-05
3.011420956601933e-05
3.008355622111098e-05
3.005298573903657e-05
3.002249762955733e-05
2.999209140243452e-05
2.996176656742934e-05
2.993152263430304e-05
2.990135911281686e-05
2.987127551273202e-05
2.984127134380979e-05
2.981134611581137e-05
2.978149933849801e-05
2.975173052163096e-05
2.972203917497143e-05
2.969242480828066e-05
2.966288693131991e-05
2.963342505385040e-05
2.960403868563334e-05
2.957472733643000e-05
2.954549051600162e-05
2.951632773410940e-05
2.948723850051460e-05
2.945822232497846e-05
2.942927871726220e-05
2.940040718712706e-05
2.937160726280644e-05
2.934287870079973e-05
2.931422141156333e-05
2.928563530843757e-05
2.925712030476279e-05
2.922867631387925e-05
2.920030324912731e-05
2.917200102384728e-05
2.914376955137950e-05
2.911560874506426e-05
2.908751851824189e-05
2.905949878425272e-05
2.903154945643704e-05
2.900367044813519e-05
2.897586167268750e-05
2.894812304343426e-05
2.892045447371582e-05
2.889285587687247e-05
2.886532716624455e-05
2.883786825517236e-05
2.881047905699623e-05
2.878315948505649e-05
2.875590945269344e-05
2.872872887324741e-05
2.870161766005871e-05
2.867457572646768e-05
2.864760298581461e-05
2.862069935143983e-05
2.859386473668368e-05
2.856709905488645e-05
2.854040221938847e-05
2.851377414353007e-05
2.848721474065154e-05
2.846072392409322e-05
2.843430160719542e-05
2.840794770329848e-05
2.838166212574270e-05
2.835544478786839e-05
2.832929560301590e-05
2.830321448452552e-05
2.827720134573758e-05
2.825125609999241e-05
2.822537866063032e-05
2.819956894099161e-05
2.817382685441662e-05
2.814815231424568e-05
2.812254523381907e-05
2.809700552647714e-05
2.807153310556022e-05
2.804612788440859e-05
2.802078977636259e-05
2.799551869476254e-05
2.797031455294878e-05
2.794517726426159e-05
2.792010674204131e-05
2.789510289962825e-05
2.787016565036274e-05
2.784529490758508e-05
2.782049058463560e-05
2.779575259485464e-05
2.777108085158249e-05
2.774647526815947e-05
2.772193575792593e-05
2.769746223422215e-05
2.767305461038846e-05
2.764871279976520e-05
2.762443671569268e-05
2.760022627151120e-05
2.757608138056108e-05
2.755200195618267e-05
2.752798791171626e-05
2.750403916050218e-05
2.748015561588076e-05
2.745633719119229e-05
2.743258379977711e-05
2.740889535497553e-05
2.738527177012789e-05
2.736171295857448e-05
2.733821883365564e-05
2.731478930871168e-05
2.729142429708291e-05
2.726812371210967e-05
2.724488746713225e-05
2.722171547549101e-05
2.719860765052623e-05
2.717556390557824e-05
2.715258415398739e-05
2.712966830909395e-05
2.710681628423826e-05
2.708402799276066e-05
2.706130334800143e-05
2.703864226330092e-05
2.701604465199943e-05
2.699351042743730e-05
2.697103950295482e-05
2.694863179189233e-05
2.692628720759015e-05
2.690400566338859e-05
2.688178707262796e-05
2.685963134864860e-05
2.683753840479083e-05
2.681550815439494e-05
2.679354051080128e-05
2.677163538735017e-05
2.674979269738189e-05
2.672801235423679e-05
2.670629427125520e-05
2.668463836177740e-05
2.666304453875193e-05
2.664151268481262e-05
2.662004263120792e-05
2.659863420420875e-05
2.657728723008606e-05
2.655600153511082e-05
2.653477694555394e-05
2.651361328768640e-05
2.649251038777916e-05
2.647146807210314e-05
2.645048616692929e-05
2.642956449852856e-05
2.640870289317193e-05
2.638790117713030e-05
2.636715917667465e-05
2.634647671807594e-05
2.632585362760508e-05
2.630528973153304e-05
2.628478485613077e-05
2.626433882766923e-05
2.624395147241935e-05
2.622362261665208e-05
2.620335208663838e-05
2.618313970864919e-05
2.616298530895545e-05
2.614288871382812e-05
2.612284974953816e-05
2.610286824235651e-05
2.608294401855410e-05
2.606307690440191e-05
2.604326672617086e-05
2.602351331013191e-05
2.600381648255603e-05
2.598417606971414e-05
2.596459189787720e-05
2.594506379331615e-05
2.592559158230195e-05
2.590617509110554e-05
2.588681414599787e-05
2.586750857324991e-05
2.584825819913257e-05
2.582906284991683e-05
2.580992235187362e-05
2.579083653127391e-05
2.577180521438863e-05
2.575282822748873e-05
2.573390539684518e-05
2.571503654872889e-05
2.569622150941084e-05
2.567746010516197e-05
2.565875216225323e-05
2.564009750695556e-05
2.562149596553992e-05
2.560294736427725e-05
2.558445152943851e-05
2.556600828729463e-05
2.554761746411659e-05
2.552927888617530e-05
2.551099237974175e-05
2.549275777108685e-05
2.547457488648157e-05
2.545644355219685e-05
2.543836359450365e-05
2.542033483967291e-05
2.540235711397558e-05
2.538443024368260e-05
2.536655405506493e-05
2.534872837439353e-05
2.533095302793933e-05
2.531322784197328e-05
2.529555264276635e-05
2.527792725658946e-05
2.526035150971356e-05
2.524282522840961e-05
2.522534823894858e-05
2.520792036760138e-05
2.519054144063897e-05
2.517321128433232e-05
2.515592972495235e-05
2.513869658877003e-05
2.512151170205630e-05
2.510437489108210e-05
2.508728598211839e-05
2.507024480143613e-05
2.505325117530625e-05
2.503630492999970e-05
2.501940589178743e-05
2.500255388694040e-05
2.498574874172955e-05
2.496899028242582e-05
2.495227833530018e-05
2.493561272662356e-05
2.491899328266691e-05
2.490241982970119e-05
2.488589219399735e-05
2.486941020182633e-05
2.485297367945907e-05
2.483658245316654e-05
2.482023634921967e-05
2.480393519388942e-05
2.478767881344673e-05
2.477146703416256e-05
2.475529968230785e-05
2.473917658415355e-05
2.472309756597062e-05
2.470706245402999e-05
2.469107107460262e-05
2.467512325395946e-05
2.465921881837146e-05
2.464335759410955e-05
2.462753940744470e-05
2.461176408464786e-05
2.459603145198995e-05
2.458034133574195e-05
2.456469356217481e-05
2.454908795755945e-05
2.453352434816684e-05
2.451800256026792e-05
2.450252242013366e-05
2.448708375403497e-05
2.447168638824284e-05
2.445633014902819e-05
2.444101486266198e-05
2.442574035541514e-05
2.441050645355865e-05
2.439531298336345e-05
2.438015977110047e-05
2.436504664304067e-05
2.434997342545502e-05
2.433493994461443e-05
2.431994602678987e-05
2.430499149825230e-05
2.429007618527264e-05
2.427519991412187e-05
2.426036251107091e-05
2.424556380239073e-05
2.423080361435226e-05
2.421608177322646e-05
2.420139810528429e-05
2.418675243679667e-05
2.417214459403457e-05
2.415757440326894e-05
2.414304169077072e-05
2.412854628281086e-05
2.411408800566031e-05
2.409966668559004e-05
2.408528214887095e-05
2.407093422177402e-05
2.405662273057020e-05
2.404234750153044e-05
2.402810836092568e-05
2.401390513502686e-05
2.399973765010495e-05
2.398560573243089e-05
2.397150920827562e-05
2.395744790391011e-05
2.394342164560528e-05
2.392943025963210e-05
2.391547357226152e-05
2.390155140976448e-05
2.388766359841192e-05
2.387380996447480e-05
2.385999033422408e-05
2.384620453393069e-05
2.383245238986558e-05
2.381873372829970e-05
2.380504837550401e-05
2.379139615774946e-05
2.377777690130698e-05
2.376419043244753e-05
2.375063657744206e-05
2.373711516256151e-05
2.372362601407685e-05
2.371016895825900e-05
2.369674382137892e-05
2.368335042970757e-05
2.366998860951589e-05
2.365665818707482e-05
2.364335898865533e-05
2.363009084052835e-05
2.361685356896483e-05
2.360364700023573e-05
2.359047096061200e-05
2.357732527636457e-05
2.356420977376441e-05
2.355112427908245e-05
2.353806861858965e-05
2.352504261855695e-05
2.351204610525531e-05
2.349907890495568e-05
2.348614084392900e-05
2.347323174844622e-05
2.346035144477828e-05
2.344749975919615e-05
2.343467651797077e-05
2.342188154737308e-05
2.340911467367404e-05
2.339637572314459e-05
2.338366452205568e-05
2.337098089667826e-05
2.335832467328329e-05
2.334569567814170e-05
2.333309373752445e-05
2.332051867770249e-05
2.330797032494676e-05
2.329544850552821e-05
2.328295304571781e-05
2.327048377178647e-05
2.325804051000517e-05
2.324562308664485e-05
2.323323132797646e-05
2.322086506027094e-05
2.320852410979924e-05
2.319620830283233e-05
2.318391746564113e-05
2.317165142449660e-05
2.315941000566969e-05
2.314719304012225e-05
2.313500042900577e-05
2.312283212750389e-05
2.311068809219015e-05
2.309856827963808e-05
2.308647264642121e-05
2.307440114911308e-05
2.306235374428722e-05
2.305033038851717e-05
2.303833103837645e-05
2.302635565043862e-05
2.301440418127719e-05
2.300247658746569e-05
2.299057282557768e-05
2.297869285218668e-05
2.296683662386622e-05
2.295500409718984e-05
2.294319522873107e-05
2.293140997506344e-05
2.291964829276049e-05
2.290791013839576e-05
2.289619546854277e-05
2.288450423977506e-05
2.287283640866617e-05
2.286119193178963e-05
2.284957076571897e-05
2.283797286702772e-05
2.282639819228943e-05
2.281484669807762e-05
2.280331834096583e-05
2.279181307752759e-05
2.278033086433644e-05
2.276887165796591e-05
2.275743541498952e-05
2.274602209198084e-05
2.273463164551337e-05
2.272326403216065e-05
2.271191920849623e-05
2.270059713109363e-05
2.268929775652638e-05
2.267802104136803e-05
2.266676694219211e-05
2.265553541557215e-05
2.264432641808167e-05
2.263313990629423e-05
2.262197583678334e-05
2.261083416612255e-05
2.259971485088539e-05
2.258861784764539e-05
2.257754311297609e-05
2.256649060345101e-05
2.255546027564371e-05
2.254445208612770e-05
2.253346599147652e-05
2.252250194826372e-05
2.251155991306281e-05
2.250063984244733e-05
2.248974169299082e-05
2.247886542126682e-05
2.246801098384885e-05
2.245717833731044e-05
2.244636743822515e-05
2.243557824316649e-05
2.242481070870800e-05
2.241406479142322e-05
2.240334044788568e-05
2.239263763466891e-05
2.238195630834645e-05
2.237129642549183e-05
2.236065794267858e-05
2.235004081648025e-05
2.233944500347035e-05
2.232887046022244e-05
2.231831714331003e-05
2.230778500930667e-05
2.229727401478588e-05
2.228678411632121e-05
2.227631527048619e-05
2.226586743385435e-05
2.225544056299922e-05
2.224503461449434e-05
2.223464954491324e-05
2.222428531082946e-05
2.221394186881652e-05
2.220361917544797e-05
2.219331718729734e-05
2.218303586093816e-05
2.217277515294397e-05
2.216253501988829e-05
2.215231541834467e-05
2.214211630488664e-05
2.213193763608773e-05
2.212177936852147e-05
2.211164145876140e-05
2.210152386338105e-05
2.209142653895397e-05
2.208134944205367e-05
2.207129252925370e-05
2.206125575712758e-05
2.205123908224886e-05
2.204124246119107e-05
2.203126585052773e-05
2.202130920683239e-05
2.201137248667859e-05
2.200145564663984e-05
2.199155864328968e-05
2.198168143320166e-05
2.197182397294930e-05
2.196198621910614e-05
2.195216812824571e-05
2.194236965694155e-05
2.193259076176718e-05
2.192283139929615e-05
2.191309152610199e-05
2.190337109875823e-05
2.189367007383840e-05
2.188398840791605e-05
2.187432605756470e-05
2.186468297935788e-05
2.185505912986914e-05
2.184545446567200e-05
2.183586894333999e-05
2.182630251944667e-05
2.181675515056555e-05
2.180722679327016e-05
2.179771740413405e-05
2.178822693973076e-05
2.177875535663380e-05
2.176930261141672e-05
2.175986866065306e-05
2.175045346091633e-05
2.174105696878008e-05
2.173167914081785e-05
2.172231993360316e-05
2.171297930370955e-05
2.170365720771055e-05
2.169435360217971e-05
2.168506844369054e-05
2.167580168881659e-05
2.166655329413139e-05
2.165732321620847e-05
2.164811141162137e-05
2.163891783694362e-05
2.162974244874876e-05
2.162058520361032e-05
2.161144605810182e-05
2.160232496879682e-05
2.159322189226883e-05
2.158413678509140e-05
2.157506960383806e-05
2.156602030508234e-05
2.155698884539777e-05
2.154797518135790e-05
2.153897926953626e-05
2.153000106650637e-05
2.152104052884177e-05
2.151209761311600e-05
2.150317227590259e-05
2.149426447377507e-05
2.148537416330698e-05
2.147650130107186e-05
2.146764584364322e-05
2.145880774759462e-05
2.144998696949958e-05
2.144118346593164e-05
2.143239719346432e-05
2.142362810867118e-05
2.141487616812574e-05
2.140614132840152e-05
2.139742354607208e-05
2.138872277771093e-05
2.138003897989162e-05
2.137137210918768e-05
2.136272212217264e-05
2.135408897542004e-05
2.134547262550341e-05
2.133687302899628e-05
2.132829014247220e-05
2.131972392250468e-05
2.131117432566727e-05
2.130264130853350e-05
2.129412482767691e-05
2.128562483967102e-05
2.127714130108937e-05
2.126867416850550e-05
2.126022339849293e-05
2.125178894762522e-05
2.124337077247588e-05
2.123496882961845e-05
2.122658307562647e-05
2.121821346707346e-05
2.120985996053298e-05
2.120152251257854e-05
2.119320107978367e-05
2.118489561872193e-05
2.117660608596683e-05
2.116833243809191e-05
2.116007463167071e-05
2.115183262327677e-05
2.114360636948360e-05
2.113539582686475e-05
2.112720095199377e-05
2.111902170144416e-05
2.111085803178948e-05
2.110270989960325e-05
2.109457726145900e-05
2.108646007393028e-05
2.107835829359061e-05
2.107027187701354e-05
2.106220078077259e-05
2.105414496144129e-05
2.104610437559319e-05
2.103807897980181e-05
2.103006873064069e-05
2.102207358468337e-05
2.101409349850338e-05
2.100612842867424e-05
2.099817833176950e-05
2.099024316436269e-05
2.098232288302734e-05
2.097441744433699e-05
2.096652680486517e-05
2.095865092118541e-05
2.095078974987125e-05
2.094294324749623e-05
2.093511137063387e-05
2.092729407585772e-05
2.091949131974129e-05
2.091170305885814e-05
2.090392924978179e-05
2.089616984908577e-05
2.088842481334362e-05
2.088069409912888e-05
2.087297766301508e-05
2.086527546157574e-05
2.085758745138441e-05
2.084991358901462e-05
2.084225383103991e-05
2.083460813403381e-05
2.082697645456984e-05
2.081935874922155e-05
2.081175497456247e-05
2.080416508716613e-05
2.079658904360607e-05
2.078902680045582e-05
2.078147831428892e-05
2.077394354167889e-05
2.076642243919927e-05
2.075891496342361e-05
2.075142107092542e-05
2.074394071827825e-05
2.073647386205563e-05
2.072902045883109e-05
2.072158046517816e-05
2.071415383767039e-05
2.070674053288130e-05
2.069934050738442e-05
2.069195371775330e-05
2.068458012056147e-05
2.067721967238245e-05
2.066987232978979e-05
2.066253804935701e-05
2.065521678765766e-05
2.064790850126527e-05
2.064061314675336e-05
2.063333068069548e-05
2.062606105966515e-05
2.061880424023592e-05
2.061156017898130e-05
2.060432883247485e-05
2.059711015729009e-05
2.058990411000056e-05
2.058271064717979e-05
2.057552972540131e-05
2.056836130123866e-05
2.056120533126537e-05
2.055406177205499e-05
2.054693058018102e-05
2.053981171221703e-05
2.053270512473654e-05
2.052561077431307e-05
2.051852861752017e-05
2.051145861093137e-05
2.050440071112021e-05
2.049735487466021e-05
2.049032105812491e-05
2.048329921808785e-05
2.047628931112256e-05
2.046929129380258e-05
2.046230512270143e-05
2.045533075439265e-05
2.044836814544978e-05
2.044141725244634e-05
2.043447803195588e-05
2.042755044055193e-05
2.042063443480801e-05
2.041372997129767e-05
2.040683700659444e-05
2.039995549727186e-05
2.039308539990344e-05
2.038622667106274e-05
2.037937926732329e-05
2.037254314525861e-05
2.036571826144225e-05
2.035890457244773e-05
2.035210203484859e-05
2.034531060521836e-05
2.033853024013059e-05
2.033176089615879e-05
2.032500252987651e-05
2.031825509785728e-05
2.031151855667463e-05
2.030479286290210e-05
2.029807797311322e-05
2.029137384388153e-05
2.028468043178056e-05
2.027799769338384e-05
2.027132558526491e-05
2.026466406399729e-05
2.025801308615453e-05
2.025137260831017e-05
2.024474258703772e-05
2.023812297891073e-05
2.023151374050273e-05
2.022491482838726e-05
2.021832619913785e-05
2.021174780932802e-05
2.020517961553132e-05
2.019862157432129e-05
2.019207364227145e-05
2.018553577595533e-05
2.017900793194648e-05
2.017249006681842e-05
2.016598213714470e-05
2.015948409949883e-05
2.015299591045437e-05
2.014651752658483e-05
2.014004890446377e-05
2.013359000066470e-05
2.012714077176116e-05
2.012070117432669e-05
2.011427116493483e-05
2.010785070015910e-05
2.010143973657303e-05
2.009503823075017e-05
2.008864613926405e-05
2.008226341868819e-05
2.007589002559615e-05
2.006952591656144e-05
2.006317104815760e-05
2.005682537695817e-05
2.005048885953668e-05
2.004416145246666e-05
2.003784311232166e-05
2.003153379567519e-05
2.002523345910080e-05
2.001894205917202e-05
2.001265955246239e-05
2.000638589554543e-05
2.000012104499468e-05
1.999386495738368e-05
1.998761758928596e-05
1.998137889727505e-05
1.997514883792449e-05
1.996892736780781e-05
1.996271444349855e-05
1.995651002157023e-05
1.995031405859640e-05
1.994412651115059e-05
1.993794733580632e-05
1.993177648913714e-05
1.992561392771659e-05
1.991945960811818e-05
1.991331348691546e-05
1.990717552068195e-05
1.990104566599121e-05
1.989492387941675e-05
1.988881011753212e-05
1.988270433691084e-05
1.987660649412645e-05
1.987051654575248e-05
1.986443444836248e-05
1.985836015852996e-05
1.985229363282847e-05
1.984623482783154e-05
1.984018370011270e-05
1.983414020624550e-05
1.982810430280345e-05
1.982207594636010e-05
1.981605509348897e-05
1.981004170076361e-05
1.980403572475755e-05
1.979803712204432e-05
1.979204584919745e-05
1.978606186279048e-05
1.978008511939695e-05
1.977411557559038e-05
1.976815318794432e-05
1.976219791303228e-05
1.975624970742782e-05
1.975030852770446e-05
1.974437433043573e-05
1.973844707219518e-05
1.973252670955632e-05
1.972661319909271e-05
1.972070649737787e-05
1.971480656098533e-05
1.970891334648864e-05
1.970302681046132e-05
1.969714690947690e-05
1.969127360010893e-05
1.968540683893093e-05
1.967954658251645e-05
1.967369278743900e-05
1.966784541027213e-05
1.966200440758938e-05
1.965616973596427e-05
1.965034135197033e-05
1.964451921218112e-05
1.963870327317015e-05
1.963289349151095e-05
1.962708982377708e-05
1.962129222654205e-05
1.961550065637940e-05
1.960971506986268e-05
1.960393542356539e-05
1.959816167406110e-05
1.959239377792333e-05
1.958663169172561e-05
1.958087537204147e-05
1.957512477544445e-05
1.956937985850808e-05
1.956364057780591e-05
1.955790688997235e-05
1.955217876455208e-05
1.954645619989418e-05
1.954073919824520e-05
1.953502776185164e-05
1.952932189296005e-05
1.952362159381694e-05
1.951792686666884e-05
1.951223771376228e-05
1.950655413734378e-05
1.950087613965988e-05
1.949520372295709e-05
1.948953688948195e-05
1.948387564148097e-05
1.947821998120069e-05
1.947256991088763e-05
1.946692543278832e-05
1.946128654914929e-05
1.945565326221705e-05
1.945002557423814e-05
1.944440348745909e-05
1.943878700412642e-05
1.943317612648665e-05
1.942757085678631e-05
1.942197119727193e-05
1.941637715019004e-05
1.941078871778715e-05
1.940520590230981e-05
1.939962870600453e-05
1.939405713111783e-05
1.938849117989625e-05
1.938293085458632e-05
1.937737615743455e-05
1.937182709068748e-05
1.936628365659163e-05
1.936074585739353e-05
1.935521369533970e-05
1.934968717267667e-05
1.934416629165096e-05
1.933865105450911e-05
1.933314146349764e-05
1.932763752086307e-05
1.932213922885193e-05
1.931664658971075e-05
1.931115960568606e-05
1.930567827902437e-05
1.930020261197222e-05
1.929473260677613e-05
1.928926826568264e-05
1.928380959093825e-05
1.927835658478951e-05
1.927290924948293e-05
1.926746758726505e-05
1.926203160038239e-05
1.925660129108148e-05
1.925117666160884e-05
1.924575771421100e-05
1.924034445113448e-05
1.923493687462581e-05
1.922953498693152e-05
1.922413879029814e-05
1.921874828697219e-05
1.921336347920019e-05
1.920798436922867e-05
1.920261095930417e-05
1.919724325167320e-05
1.919188124858229e-05
1.918652495227797e-05
1.918117436500676e-05
1.917582948901520e-05
1.917049032654980e-05
1.916515687985709e-05
1.915982915118361e-05
1.915450714277586e-05
1.914919085688039e-05
1.914388029574372e-05
1.913857546161238e-05
1.913327635673288e-05
1.912798298335176e-05
1.912269534371554e-05
1.911741344007075e-05
1.911213727466392e-05
1.910686684974157e-05
1.910160216755023e-05
1.909634323033642e-05
1.909109004034668e-05
1.908584259982752e-05
1.908060091102547e-05
1.907536497618707e-05
1.907013479755883e-05
1.906491037738727e-05
1.905969171791894e-05
1.905447882140036e-05
1.904927169007805e-05
1.904407032619852e-05
1.903887473200833e-05
1.903368490975399e-05
1.902850086168202e-05
1.902332259003895e-05
1.901815009707132e-05
1.901298338502563e-05
1.900782245614843e-05
1.900266731268624e-05
1.899751795688557e-05
1.899237439099297e-05
1.898723661725496e-05
1.898210463791806e-05
1.897697845522879e-05
1.897185807143369e-05
1.896674348877928e-05
1.896163470951209e-05
1.895653173587865e-05
1.895143457012547e-05
1.894634321449909e-05
1.894125767124603e-05
1.893617794261282e-05
1.893110403084599e-05
1.892603593819206e-05
1.892097366689755e-05
1.891591721920900e-05
1.891086659737293e-05
1.890582180363587e-05
1.890078284024433e-05
1.889574970944486e-05
1.889072241348397e-05
1.888570095460820e-05
1.888068533506406e-05
1.887567555709808e-05
1.887067162295680e-05
1.886567353488673e-05
1.886068129513441e-05
1.885569490594635e-05
1.885071436956909e-05
1.884573968824916e-05
1.884077086423306e-05
1.883580789976735e-05
1.883085079709854e-05
1.882589955847314e-05
1.882095418613771e-05
1.881601468233875e-05
1.881108104932280e-05
1.880615328933638e-05
1.880123140462602e-05
1.879631539743824e-05
1.879140527001957e-05
1.878650102461655e-05
1.878160266347568e-05
1.877671018884351e-05
1.877182360296654e-05
1.876694290809132e-05
1.876206810646437e-05
1.875719920033221e-05
1.875233619194138e-05
1.874747908353839e-05
1.874262787736977e-05
1.873778257568206e-05
1.873294318072177e-05
1.872810969473543e-05
1.872328211996957e-05
1.871846045867072e-05
1.871364471308540e-05
1.870883488546013e-05
1.870403097804144e-05
1.869923299307587e-05
1.869444093280994e-05
1.868965479949016e-05
1.868487459536307e-05
1.868010032267520e-05
1.867533198367307e-05
1.867056958060320e-05
1.866581311571214e-05
1.866106259124639e-05
1.865631800945248e-05
1.865157937257695e-05
1.864684668286632e-05
1.864211994256711e-05
1.863739915392586e-05
1.863268431918908e-05
1.862797544060330e-05
1.862327252041506e-05
1.861857556087087e-05
1.861388456421726e-05
1.860919953270077e-05
1.860452046856791e-05
1.859984737406521e-05
1.859518025143919e-05
1.859051910293639e-05
1.858586393080333e-05
1.858121473728654e-05
1.857657152463254e-05
1.857193429508786e-05
1.856730305089903e-05
1.856267779431256e-05
1.855805852757499e-05
1.855344525293285e-05
1.854883797263266e-05
1.854423668892095e-05
1.853964140404423e-05
1.853505212024905e-05
1.853046883978192e-05
1.852589156488938e-05
1.852132029781794e-05
1.851675504081414e-05
1.851219579612449e-05
1.850764256599554e-05
1.850309535267379e-05
1.849855415840579e-05
1.849401898543805e-05
1.848948983601711e-05
1.848496671238948e-05
1.848044961680169e-05
1.847593855150028e-05
1.847143351873176e-05
1.846693452074267e-05
1.846244155977952e-05
1.845795463808886e-05
1.845347375791719e-05
1.844899892151105e-05
1.844453013111697e-05
1.844006738898147e-05
1.843561069735107e-05
1.843116005847231e-05
1.842671547459171e-05
1.842227694795579e-05
1.841784448081109e-05
1.841341807540412e-05
1.840899773398142e-05
1.840458345878951e-05
1.840017525207492e-05
1.839577311608417e-05
1.839137705306379e-05
1.838698706526030e-05
1.838260315492025e-05
1.837822532429013e-05
1.837385357561649e-05
1.836948791114586e-05
1.836512833312475e-05
1.836077484379969e-05
1.835642744541722e-05
1.835208614022385e-05
1.834775093046611e-05
1.834342181839053e-05
1.833909880624364e-05
1.833478189627195e-05
1.833047109072201e-05
1.832616639184033e-05
1.832186780187344e-05
1.831757532306786e-05
1.831328895767013e-05
1.830900870792677e-05
1.830473457608430e-05
1.830046656438925e-05
1.829620467508816e-05
1.829194891042753e-05
1.828769927265391e-05
1.828345576401381e-05
1.827921838675377e-05
1.827498714312030e-05
1.827076203535994e-05
1.826654306571921e-05
1.826233023644464e-05
1.825812354978275e-05
1.825392300798007e-05
1.824972861328313e-05
1.824554036793846e-05
1.824135827419257e-05
1.823718233429199e-05
1.823301255048326e-05
1.822884892501290e-05
1.822469146012743e-05
1.822054015807339e-05
1.821639502109728e-05
1.821225605144566e-05
1.820812325136503e-05
1.820399662310192e-05
1.819987616890287e-05
1.819576189101440e-05
1.819165379168303e-05
1.818755187315529e-05
1.818345613767771e-05
1.817936658749682e-05
1.817528322485912e-05
1.817120605201117e-05
1.816713507119949e-05
1.816307028467058e-05
1.815901169467099e-05
1.815495930344725e-05
1.815091311324587e-05
1.814687312631338e-05
1.814283934489631e-05
1.813881177124119e-05
1.813479040759455e-05
1.813077525620289e-05
1.812676631931277e-05
1.812276359917069e-05
1.811876709802320e-05
1.811477681811681e-05
1.811079276169804e-05
1.810681493101343e-05
1.810284332830951e-05
1.809887795583279e-05
1.809491881582981e-05
1.809096591054709e-05
1.808701924223116e-05
1.808307881312854e-05
1.807914462548576e-05
1.807521668154934e-05
1.807129498356583e-05
1.806737953378172e-05
1.806347033444357e-05
1.805956738779788e-05
1.805567069609119e-05
1.805178026157003e-05
1.804789608648091e-05
1.804401817307038e-05
1.804014652358494e-05
1.803628114027113e-05
1.803242202537548e-05
1.802856918114452e-05
1.802472260982476e-05
1.802088231366273e-05
1.801704829490496e-05
1.801322055579798e-05
1.800939909858831e-05
1.800558392552248e-05
1.800177503884702e-05
1.799797244080844e-05
1.799417613365329e-05
1.799038611962808e-05
1.798660240097934e-05
1.798282497995360e-05
1.797905385879738e-05
1.797528903975721e-05
1.797153052507961e-05
1.796777831701112e-05
1.796403241779826e-05
1.796029282968755e-05
1.795655955492552e-05
1.795283259575869e-05
1.794911195443360e-05
1.794539763319677e-05
1.794168963429472e-05
1.793798795997399e-05
1.793429261248109e-05
1.793060359406257e-05
1.792692090696492e-05
1.792324455343470e-05
1.791957453571842e-05
1.791591085606261e-05
1.791225351671379e-05
1.790860251991850e-05
1.790495786792326e-05
1.790131956297459e-05
1.789768760731902e-05
1.789406200320308e-05
1.789044275287329e-05
1.788682985857618e-05
1.788322332255828e-05
1.787962314706611e-05
1.787602933434620e-05
1.787244188664507e-05
1.786886080620926e-05
1.786528609528528e-05
1.786171775611966e-05
1.785815579095894e-05
1.785460020204963e-05
1.785105099163826e-05
1.784750816197136e-05
1.784397171529546e-05
1.784044165385708e-05
1.783691797990275e-05
1.783340069567899e-05
1.782988980343233e-05
1.782638530540929e-05
1.782288720385641e-05
1.781939550102021e-05
1.781591019914721e-05
1.781243130048394e-05
1.780895880727693e-05
1.780549272177271e-05
1.780203304621779e-05
1.779857978285871e-05
1.779513293394200e-05
1.779169250171417e-05
1.778825848842176e-05
1.778483089631129e-05
1.778140972762929e-05
1.777799498462228e-05
1.777458666953679e-05
1.777118478461935e-05
1.776778933211648e-05
1.776440031427471e-05
1.776101773334057e-05
1.775764159156058e-05
1.775427189118126e-05
1.775090863444915e-05
1.774755182361077e-05
1.774420146091265e-05
1.774085754860131e-05
1.773752008892328e-05
1.773418908412508e-05
1.773086453645325e-05
1.772754644815430e-05
1.772423482147477e-05
1.772092965866118e-05
1.771763096196006e-05
1.771433873361793e-05
1.771105297588132e-05
1.770777369099675e-05
1.770450088121076e-05
1.770123454876986e-05
1.769797469592059e-05
1.769472132490947e-05
1.769147443798303e-05
1.768823403738779e-05
1.768500012537028e-05
1.768177270417703e-05
1.767855177605455e-05
1.767533734324939e-05
1.767212940800807e-05
1.766892797257709e-05
1.766573303920302e-05
1.766254461013235e-05
1.765936268761162e-05
1.765618727388736e-05
1.765301837120609e-05
1.764985598181434e-05
1.764670010795863e-05
1.764355075188550e-05
1.764040791584146e-05
1.763727160207304e-05
1.763414181282678e-05
1.763101855034919e-05
1.762790181688681e-05
1.762479161468615e-05
1.762168794599375e-05
1.761859081305613e-05
1.761550021811982e-05
1.761241616343134e-05
1.760933865123722e-05
1.760626768378398e-05
1.760320326331817e-05
1.760014539208628e-05
1.759709407233487e-05
1.759404930631044e-05
1.759101109625953e-05
1.758797944442867e-05
1.758495435306438e-05
1.758193582441318e-05
1.757892386072160e-05
1.757591846423618e-05
1.757291963720343e-05
1.756992738186988e-05
1.756694170048206e-05
1.756396259528649e-05
1.756099006852971e-05
1.755802412245823e-05
1.755506475931858e-05
1.755211198135730e-05
1.754916579082090e-05
1.754622618995591e-05
1.754329318100885e-05
1.754036676622626e-05
1.753744694785467e-05
1.753453372814059e-05
1.753162710933055e-05
1.752872709367108e-05
1.752583368340871e-05
1.752294688078995e-05
1.752006668806135e-05
1.751719310746943e-05
1.751432614126070e-05
1.751146579168170e-05
1.750861206097895e-05
1.750576495139898e-05
1.750292446518832e-05
1.750009060459348e-05
1.749726337186101e-05
1.749444276923742e-05
1.749162879896925e-05
1.748882146330301e-05
1.748602076448523e-05
1.748322670476244e-05
1.748043928638117e-05
1.747765851158795e-05
1.747488438262929e-05
1.747211690175172e-05
1.746935607120177e-05
1.746660189322598e-05
1.746385437007085e-05
1.746111350398293e-05
1.745837929720873e-05
1.745565175199478e-05
1.745293087058761e-05
1.745021665523376e-05
1.744750910817972e-05
1.744480823167205e-05
1.744211402795726e-05
1.743942649928188e-05
1.743674564789243e-05
1.743407147603545e-05
1.743140398595746e-05
1.742874317990498e-05
1.742608906012454e-05
1.742344162886267e-05
1.742080088836590e-05
1.741816684088074e-05
1.741553948865373e-05
1.741291883393140e-05
1.741030487896026e-05
1.740769762598685e-05
1.740509707725768e-05
1.740250323501930e-05
1.739991610151822e-05
1.739733567900097e-05
1.739476196971408e-05
1.739219497590407e-05
1.738963469981747e-05
1.738708114370080e-05
1.738453430980060e-05
1.738199420036338e-05
1.737946081763568e-05
1.737693416386402e-05
1.737441424129493e-05
1.737190105217492e-05
1.736939459875054e-05
1.736689488326830e-05
1.736440190797474e-05
1.736191567511637e-05
1.735943618693972e-05
1.735696344569133e-05
1.735449745361772e-05
1.735203821296540e-05
1.734958572598092e-05
1.734713999491079e-05
1.734470102200154e-05
1.734226880949971e-05
1.733984335965180e-05
1.733742467470436e-05
1.733501275690390e-05
1.733260760849696e-05
1.733020923173006e-05
1.732781762884972e-05
1.732543280210248e-05
1.732305475373485e-05
1.732068348599337e-05
1.731831900112455e-05
1.731596130137494e-05
1.731361038899105e-05
1.731126626621941e-05
1.730892893530654e-05
1.730659839849898e-05
1.730427465804324e-05
1.730195771618586e-05
1.729964757517336e-05
1.729734423725227e-05
1.729504770466911e-05
1.729275797967041e-05
1.729047506450270e-05
1.728819896141250e-05
1.728592967264634e-05
1.728366720045074e-05
1.728141154707224e-05
1.727916271475735e-05
1.727692070575260e-05
1.727468552230453e-05
1.727245716665965e-05
1.727023564106449e-05
1.726802094776559e-05
1.726581308900946e-05
1.726361206704263e-05
1.726141788411162e-05
1.725923054246297e-05
1.725705004434320e-05
1.725487639199884e-05
1.725270958767641e-05
1.725054963362244e-05
1.724839653208345e-05
1.724625028530598e-05
1.724411089553654e-05
1.724197836502167e-05
1.723985269600788e-05
1.723773389074172e-05
1.723562195146970e-05
1.723351688043834e-05
1.723141867989418e-05
1.722932735208375e-05
1.722724289925356e-05
1.722516532365014e-05
1.722309462752003e-05
1.722103081310974e-05
1.721897388266580e-05
1.721692383843475e-05
1.721488068266310e-05
1.721284441759738e-05
1.721081504548412e-05
1.720879256856984e-05
1.720677698910107e-05
1.720476830932434e-05
1.720276653148618e-05
1.720077165783310e-05
1.719878369061164e-05
1.719680263206832e-05
1.719482848444967e-05
1.719286125000222e-05
1.719090093097248e-05
1.718894752960699e-05
1.718700104815228e-05
1.718506148885486e-05
1.718312885396127e-05
1.718120314571803e-05
1.717928436637167e-05
1.717737251816872e-05
1.717546760335570e-05
1.717356962417913e-05
1.717167858288554e-05
1.716979448172147e-05
1.716791732293343e-05
1.716604710876796e-05
1.716418384147157e-05
1.716232752329080e-05
1.716047815647217e-05
1.715863574326220e-05
1.715680028590743e-05
1.715497178665438e-05
1.715315024774958e-05
1.715133567143954e-05
1.714952805997081e-05
1.714772741558990e-05
1.714593374054335e-05
1.714414703707766e-05
1.714236730743939e-05
1.714059455387504e-05
1.713882877863115e-05
1.713706998395425e-05
1.713531817209085e-05
1.713357334528748e-05
1.713183550579068e-05
1.713010465584697e-05
1.712838079770287e-05
1.712666393360490e-05
1.712495406579961e-05
1.712325119653351e-05
1.712155532805313e-05
1.711986646260499e-05
1.711818460243562e-05
1.711650974979156e-05
1.711484190691931e-05
1.711318107606542e-05
1.711152725947640e-05
1.710988045939879e-05
1.710824067807910e-05
1.710660791776387e-05
1.710498218069962e-05
1.710336346913289e-05
1.710175178531018e-05
1.710014713147803e-05
1.709854950988297e-05
1.709695892277153e-05
1.709537537239022e-05
1.709379886098558e-05
1.709222939080413e-05
1.709066696409240e-05
1.708911158309691e-05
1.708756325006420e-05
1.708602196724078e-05
1.708448773687318e-05
1.708296056120793e-05
1.708144044249156e-05
1.707992738297059e-05
1.707842138489155e-05
1.707692245050097e-05
1.707543058204536e-05
1.707394578177126e-05
1.707246805192520e-05
1.707099739475369e-05
1.706953381250327e-05
1.706807730742046e-05
1.706662788175180e-05
1.706518553774379e-05
1.706375027764297e-05
1.706232210369588e-05
1.706090101814903e-05
1.705948702324894e-05
1.705808012124216e-05
1.705668031437519e-05
1.705528760489457e-05
1.705390199504683e-05
1.705252348707849e-05
1.705115208323608e-05
1.704978778576612e-05
1.704843059691514e-05
1.704708051892966e-05
1.704573755405622e-05
1.704440170454134e-05
1.704307297263154e-05
1.704175136057335e-05
1.704043687061331e-05
1.703912950499792e-05
1.703782926597372e-05
1.703653615578725e-05
1.703525017668501e-05
1.703397133091354e-05
1.703269962071937e-05
1.703143504834902e-05
1.703017761604901e-05
1.702892732606588e-05
1.702768418064616e-05
1.702644818203635e-05
1.702521933248300e-05
1.702399763423263e-05
1.702278308953176e-05
1.702157570062693e-05
1.702037546976465e-05
1.701918239919146e-05
1.701799649115388e-05
1.701681774789843e-05
1.701564617167165e-05
1.701448176472006e-05
1.701332452929018e-05
1.701217446762854e-05
1.701103158198167e-05
1.700989587459610e-05
1.700876734771835e-05
1.700764600359494e-05
1.700653184447241e-05
1.700542487259727e-05
1.700432509021606e-05
1.700323249957530e-05
1.700214710292152e-05
1.700106890250125e-05
1.699999790056101e-05
1.699893409934732e-05
1.699787750110671e-05
1.699682810808572e-05
1.699578592253086e-05
1.699475094668866e-05
1.699372318280565e-05
1.699270263312836e-05
1.699168929990331e-05
1.699068318537702e-05
1.698968429179603e-05
1.698869262140685e-05
1.698770817645603e-05
1.698673095919007e-05
1.698576097185552e-05
1.698479821669888e-05
1.698384269596670e-05
1.698289441190550e-05
1.698195336676180e-05
1.698101956278212e-05
1.698009300221301e-05
1.697917368730098e-05
1.697826162029255e-05
1.697735680343426e-05
1.697645923897264e-05
1.697556892915420e-05
1.697468587622547e-05
1.697381008243298e-05
1.697294155002326e-05
1.697208028124283e-05
1.697122627833822e-05
1.697037954355596e-05
1.696954007914257e-05
1.696870788734457e-05
1.696788297040850e-05
1.696706533058088e-05
1.696625497010823e-05
1.696545189123709e-05
1.696465609621397e-05
1.696386758728541e-05
1.696308636669794e-05
1.696231243669807e-05
1.696154579953233e-05
1.696078645744726e-05
1.696003441268937e-05
1.695928966750519e-05
1.695855222414125e-05
1.695782208484408e-05
1.695709925186020e-05
1.695638372743614e-05
1.695567551381842e-05
1.695497461325357e-05
1.695428102798812e-05
1.695359476026859e-05
1.695291581234151e-05
1.695224418645341e-05
1.695157988485080e-05
1.695092290978023e-05
1.695027326348821e-05
1.694963094822127e-05
1.694899596622594e-05
1.694836831974874e-05
1.694774801103620e-05
1.694713504233484e-05
1.694652941589120e-05
1.694593113395179e-05
1.694534019876315e-05
1.694475661257181e-05
1.694418037762427e-05
1.694361149616708e-05
1.694304997044676e-05
1.694249580270984e-05
1.694194899520283e-05
1.694140955017228e-05
1.694087746986470e-05
1.694035275652662e-05
1.693983541240457e-05
1.693932543974507e-05
1.693882284079466e-05
1.693832761779984e-05
1.693783977300716e-05
1.693735930866314e-05
1.693688622701430e-05
1.693642053030718e-05
1.693596222078829e-05
1.693551130070416e-05
1.693506777230133e-05
1.693463163782631e-05
1.693420289952563e-05
1.693378155964582e-05
1.693336762043341e-05
1.693296108413492e-05
1.693256195299687e-05
1.693217022926580e-05
1.693178591518823e-05
1.693140901301068e-05
1.693103952497969e-05
1.693067745334178e-05
1.693032280034347e-05
1.692997556823129e-05
1.692963575925177e-05
1.692930337565143e-05
1.692897841967681e-05
1.692866089357442e-05
1.692835079959079e-05
1.692804813997245e-05
1.692775291696593e-05
1.692746513281775e-05
1.692718478977443e-05
1.692691189008251e-05
1.692664643598851e-05
1.692638842973896e-05
1.692613787358038e-05
1.692589476975930e-05
1.692565912052224e-05
1.692543092811574e-05
1.692521019478631e-05
1.692499692278049e-05
1.692479111434480e-05
1.692459277172576e-05
1.692440189716991e-05
1.692421849292377e-05
1.692404256123386e-05
1.692387410434671e-05
1.692371312450885e-05
1.692355962396681e-05
1.692341360496711e-05
1.692327506975627e-05
1.692314402058083e-05
1.692302045968731e-05
1.692290438932223e-05
1.692279581173212e-05
1.692269472916352e-05
1.692260114386293e-05
1.692251505807690e-05
1.692243647405194e-05
1.692236539403459e-05
1.692230182027137e-05
1.692224575500880e-05
1.692219720049341e-05
1.692215615897174e-05
1.692212263269030e-05
1.692209662389561e-05
1.692207813483422e-05
1.692206716775264e-05
1.692206372489740e-05
1.692206780851502e-05
1.692207942085204e-05
1.692209856415497e-05
1.692212524067035e-05
1.692215945264471e-05
1.692220120232455e-05
1.692225049195643e-05
1.692230732378685e-05
1.692237170006235e-05
1.692244362302945e-05
1.692252309493468e-05
1.692261011802456e-05
1.692270469454563e-05
1.692280682674440e-05
1.692291651686741e-05
1.692303376716117e-05
1.692315857987223e-05
1.692329095724709e-05
1.692343090153229e-05
1.692357841497436e-05
1.692373349981983e-05
1.692389615831520e-05
1.692406639270703e-05
1.692424420524182e-05
1.692442959816610e-05
1.692462257372642e-05
1.692482313416928e-05
1.692503128174121e-05
1.692524701868875e-05
1.692547034725841e-05
1.692570126969673e-05
1.692593978825023e-05
1.692618590516543e-05
1.692643962268887e-05
1.692670094306707e-05
1.692696986854656e-05
1.692724640137385e-05
1.692753054379548e-05
1.692782229805798e-05
1.692812166640786e-05
1.692842865109167e-05
1.692874325435591e-05
1.692906547844713e-05
1.692939532561184e-05
1.692973279809658e-05
1.693007789814785e-05
1.693043062801221e-05
1.693079098993617e-05
1.693115898616625e-05
1.693153461894899e-05
1.693191789053090e-05
1.693230880315852e-05
1.693270735907838e-05
1.693311356053699e-05
1.693352740978089e-05
1.693394890905659e-05
1.693437806061064e-05
1.693481486668954e-05
1.693525932953984e-05
1.693571145140805e-05
1.693617123454071e-05
1.693663868118433e-05
1.693711379358545e-05
1.693759657399058e-05
1.693808702464627e-05
1.693858514779903e-05
1.693909094569539e-05
1.693960442058187e-05
1.694012557470501e-05
1.694065441031132e-05
1.694119092964735e-05
1.694173513495960e-05
1.694228702849460e-05
1.694284661249890e-05
1.694341388921900e-05
1.694398886090144e-05
1.694457152979274e-05
1.694516189813943e-05
1.694575996818803e-05
1.694636574218508e-05
1.694697922237709e-05
1.694760041101060e-05
1.694822931033213e-05
1.694886592258820e-05
1.694951025002534e-05
1.695016229489009e-05
1.695082205942896e-05
1.695148954588848e-05
1.695216475651518e-05
1.695284769355558e-05
1.695353835925621e-05
1.695423675586360e-05
1.695494288562427e-05
1.695565675078476e-05
1.695637835359157e-05
1.695710769629125e-05
1.695784478113031e-05
1.695858961035530e-05
1.695934218621271e-05
1.696010251094910e-05
1.696087058681098e-05
1.696164641604488e-05
1.696243000089732e-05
1.696322134361484e-05
1.696402044644395e-05
1.696482731163119e-05
1.696564194142308e-05
1.696646433806614e-05
1.696729450380691e-05
1.696813244089191e-05
1.696897815156766e-05
1.696983163808070e-05
1.697069290267754e-05
1.697156194760472e-05
1.697243877510875e-05
1.697332338743618e-05
1.697421578683351e-05
1.697511597554729e-05
1.697602395582404e-05
1.697693972991027e-05
1.697786330005253e-05
1.697879466849732e-05
1.697973383749119e-05
1.698068080928066e-05
1.698163558611225e-05
1.698259817023248e-05
1.698356856388790e-05
1.698454676932502e-05
1.698553278879036e-05
1.698652662453046e-05
1.698752827879184e-05
1.698853775382103e-05
1.698955505186455e-05
1.699058017516893e-05
1.699161312598070e-05
1.699265390654638e-05
1.699370251911250e-05
1.699475896592558e-05
1.699582324923215e-05
1.699689537127874e-05
1.699797533431188e-05
1.699906314057808e-05
1.700015879232388e-05
1.700126229179581e-05
1.700237364124038e-05
1.700349284290412e-05
1.700461989903358e-05
1.700575481187525e-05
1.700689758367568e-05
1.700804821668139e-05
1.700920671313890e-05
1.701037307529476e-05
1.701154730539546e-05
1.701272940568755e-05
1.701391937841756e-05
1.701511722583200e-05
1.701632295017740e-05
1.701753655370030e-05
1.701875803864722e-05
1.701998740726467e-05
1.702122466179919e-05
1.702246980449731e-05
1.702372283760556e-05
1.702498376337044e-05
1.702625258403851e-05
1.702752930185627e-05
1.702881391907026e-05
1.703010643792700e-05
1.703140686067302e-05
1.703271518955485e-05
1.703403142681901e-05
1.703535557471203e-05
1.703668763548043e-05
1.703802761137074e-05
1.703937550462949e-05
1.704073131750320e-05
1.704209505223840e-05
1.704346671108162e-05
1.704484629627938e-05
1.704623381007820e-05
1.704762925472463e-05
1.704903263246517e-05
1.705044394554636e-05
1.705186319621472e-05
1.705329038671678e-05
1.705472551929907e-05
1.705616859620811e-05
1.705761961969043e-05
1.705907859199255e-05
1.706054551536100e-05
1.706202039204231e-05
1.706350322428300e-05
1.706499401432961e-05
1.706649276442865e-05
1.706799947682664e-05
1.706951415377014e-05
1.707103679750564e-05
1.707256741027969e-05
1.707410599433880e-05
1.707565255192950e-05
1.707720708529833e-05
1.707876959669180e-05
1.708034008835645e-05
1.708191856253879e-05
1.708350502148536e-05
1.708509946744267e-05
1.708670190265727e-05
1.708831232937567e-05
1.708993074984440e-05
1.709155716630999e-05
1.709319158101896e-05
1.709483399621783e-05
1.709648441415315e-05
1.709814283707142e-05
1.709980926721918e-05
1.710148370684296e-05
1.710316615818927e-05
1.710485662350465e-05
1.710655510503563e-05
1.710826160502872e-05
1.710997612573046e-05
1.711169866938737e-05
1.711342923824597e-05
1.711516783455281e-05
1.711691446055439e-05
1.711866911849724e-05
1.712043181062791e-05
1.712220253919290e-05
1.712398130643874e-05
1.712576811461197e-05
1.712756296595910e-05
1.712936586272667e-05
1.713117680716120e-05
1.713299580150922e-05
1.713482284801724e-05
1.713665794893181e-05
1.713850110649945e-05
1.714035232296667e-05
1.714221160058001e-05
1.714407894158600e-05
1.714595434823116e-05
1.714783782276202e-05
1.714972936742509e-05
1.715162898446692e-05
1.715353667613402e-05
1.715545244467293e-05
1.715737629233016e-05
1.715930822135225e-05
1.716124823398572e-05
1.716319633247710e-05
1.716515251907290e-05
1.716711679601967e-05
1.716908916556392e-05
1.717106962995219e-05
1.717305819143100e-05
1.717505485224686e-05
1.717705961464632e-05
1.717907248087590e-05
1.718109345318212e-05
1.718312253381151e-05
1.718515972501060e-05
1.718720502902591e-05
1.718925844810396e-05
1.719131998449129e-05
1.719338964043443e-05
1.719546741817989e-05
1.719755331997420e-05
1.719964734806389e-05
1.720174950469549e-05
1.720385979211552e-05
1.720597821257051e-05
1.720810476830699e-05
1.721023946157147e-05
1.721238229461050e-05
1.721453326967058e-05
1.721669238899826e-05
1.721885965484006e-05
1.722103506944249e-05
1.722321863505210e-05
1.722541035391539e-05
1.722761022827891e-05
1.722981826038918e-05
1.723203445249273e-05
1.723425880683607e-05
1.723649132566574e-05
1.723873201122826e-05
1.724098086577016e-05
1.724323789153797e-05
1.724550309077821e-05
1.724777646573740e-05
1.725005801866208e-05
1.725234775179877e-05
1.725464566739400e-05
1.725695176769429e-05
1.725926605494617e-05
1.726158853139616e-05
1.726391919929079e-05
1.726625806087660e-05
1.726860511840009e-05
1.727096037410781e-05
1.727332383024627e-05
1.727569548906202e-05
1.727807535280155e-05
1.728046342371141e-05
1.728285970403812e-05
1.728526419602822e-05
1.728767690192821e-05
1.729009782398464e-05
1.729252696444402e-05
1.729496432555289e-05
1.729740990955777e-05
1.729986371870518e-05
1.730232575524165e-05
1.730479602141371e-05
1.730727451946789e-05
1.730976125165071e-05
1.731225622020869e-05
1.731475942738837e-05
1.731727087543627e-05
1.731979056659891e-05
1.732231850312283e-05
1.732485468725454e-05
1.732739912124058e-05
1.732995180732747e-05
1.733251274776173e-05
1.733508194478990e-05
1.733765940065850e-05
1.734024511761406e-05
1.734283909790310e-05
1.734544134377214e-05
1.734805185746772e-05
1.735067064123636e-05
1.735329769732459e-05
1.735593302797894e-05
1.735857663544592e-05
1.736122852197207e-05
1.736388868980391e-05
1.736655714118797e-05
1.736923387837077e-05
1.737191890359885e-05
1.737461221911872e-05
1.737731382717692e-05
1.738002373001997e-05
1.738274192989439e-05
1.738546842904672e-05
1.738820322972347e-05
1.739094633417118e-05
1.739369774463638e-05
1.739645746336557e-05
1.739922549260531e-05
1.740200183460210e-05
1.740478649160248e-05
1.740757946585297e-05
1.741038075960010e-05
1.741319037509040e-05
1.741600831457039e-05
1.741883458028659e-05
1.742166917448554e-05
1.742451209941376e-05
1.742736335731778e-05
1.743022295044412e-05
1.743309088103931e-05
1.743596715134987e-05
1.743885176362234e-05
1.744174472010323e-05
1.744464602303908e-05
1.744755567467641e-05
1.745047367726175e-05
1.745340003304161e-05
1.745633474426254e-05
1.745927781317105e-05
1.746222924201368e-05
1.746518903303694e-05
1.746815718848737e-05
1.747113371061148e-05
1.747411860165582e-05
1.747711186386690e-05
1.748011349949125e-05
1.748312351077539e-05
1.748614189996585e-05
1.748916866930917e-05
1.749220382105185e-05
1.749524735744045e-05
1.749829928072146e-05
1.750135959314143e-05
1.750442829694688e-05
1.750750539438433e-05
1.751059088770032e-05
1.751368477914136e-05
1.751678707095399e-05
1.751989776538474e-05
1.752301686468011e-05
1.752614437108666e-05
1.752928028685089e-05
1.753242461421934e-05
1.753557735543852e-05
1.753873851275498e-05
1.754190808841523e-05
1.754508608466581e-05
1.754827250375323e-05
1.755146734792402e-05
1.755467061942472e-05
1.755788232050184e-05
1.756110245340191e-05
1.756433102037147e-05
1.756756802365702e-05
1.757081346550511e-05
1.757406734816226e-05
1.757732967387499e-05
1.758060044488982e-05
1.758387966345330e-05
1.758716733181194e-05
1.759046345221227e-05
1.759376802690081e-05
1.759708105812410e-05
1.760040254812865e-05
1.760373249916099e-05
1.760707091346766e-05
1.761041779329517e-05
1.761377314089006e-05
1.761713695849884e-05
1.762050924836805e-05
1.762389001274421e-05
1.762727925387385e-05
)
;

boundaryField
{
    inlet
    {
        type            fixedValue;
        value           uniform 0;
    }
    outlet
    {
        type            zeroGradient;
    }
    wall
    {
        type            empty;
    }
}


// ************************************************************************* //
