/*--------------------------------*- C++ -*----------------------------------*\
  =========                 |
  \\      /  F ield         | OpenFOAM: The Open Source CFD Toolbox
   \\    /   O peration     | Website:  https://openfoam.org
    \\  /    A nd           | Version:  7
     \\/     M anipulation  |
\*---------------------------------------------------------------------------*/
FoamFile
{
    version     2.0;
    format      ascii;
    class       volScalarField;
    location    "1";
    object       O;
}
// * * * * * * * * * * * * * * * * * * * * * * * * * * * * * * * * * * * * * //

dimensions      [0 0 0 0 0 0 0];

internalField   nonuniform List<scalar>
4335
(
-1.107630440923687e-13
-1.107261210749770e-13
-1.106891978940340e-13
-1.106522745770661e-13
-1.106153511516004e-13
-1.105784276451635e-13
-1.105415040852822e-13
-1.105045804994833e-13
-1.104676569152935e-13
-1.104307333602397e-13
-1.103938098618485e-13
-1.103568864476468e-13
-1.103199631451614e-13
-1.102830399819189e-13
-1.102461169854463e-13
-1.102091941832702e-13
-1.101722716029174e-13
-1.101353492719147e-13
-1.100984272177888e-13
-1.100615054680667e-13
-1.100245840502749e-13
-1.099876629919403e-13
-1.099507423205897e-13
-1.099138220637498e-13
-1.098769022489474e-13
-1.098399829037092e-13
-1.098030640555621e-13
-1.097661457320328e-13
-1.097292279606482e-13
-1.096923107689348e-13
-1.096553941844196e-13
-1.096184782346293e-13
-1.095815629470906e-13
-1.095446483493305e-13
-1.095077344688755e-13
-1.094708213332525e-13
-1.094339089699883e-13
-1.093969974066096e-13
-1.093600866706432e-13
-1.093231767896159e-13
-1.092862677910544e-13
-1.092493597024856e-13
-1.092124525514361e-13
-1.091755463654328e-13
-1.091386411720025e-13
-1.091017369986718e-13
-1.090648338729676e-13
-1.090279318224167e-13
-1.089910308745458e-13
-1.089541310568817e-13
-1.089172323969511e-13
-1.088803349222809e-13
-1.088434386603978e-13
-1.088065436388286e-13
-1.087696498851000e-13
-1.087327574267389e-13
-1.086958662912720e-13
-1.086589765062260e-13
-1.086220880991277e-13
-1.085852010975040e-13
-1.085483155288816e-13
-1.085114314207872e-13
-1.084745488007476e-13
-1.084376676962897e-13
-1.084007881349401e-13
-1.083639101442256e-13
-1.083270337516731e-13
-1.082901589848092e-13
-1.082532858711608e-13
-1.082164144382547e-13
-1.081795447136175e-13
-1.081426767247761e-13
-1.081058104992573e-13
-1.080689460645878e-13
-1.080320834482943e-13
-1.079952226779037e-13
-1.079583637809428e-13
-1.079215067849382e-13
-1.078846517174169e-13
-1.078477986059055e-13
-1.078109474779308e-13
-1.077740983610196e-13
-1.077372512826986e-13
-1.077004062704947e-13
-1.076635633519346e-13
-1.076267225545451e-13
-1.075898839058529e-13
-1.075530474333848e-13
-1.075162131646677e-13
-1.074793811272282e-13
-1.074425513485931e-13
-1.074057238562893e-13
-1.073688986778434e-13
-1.073320758407823e-13
-1.072952553726327e-13
-1.072584373009214e-13
-1.072216216531752e-13
-1.071848084569208e-13
-1.071479977396850e-13
-1.071111895289946e-13
-1.070743838523764e-13
-1.070375807373571e-13
-1.070007802114635e-13
-1.069639823022223e-13
-1.069271870371604e-13
-1.068903944438045e-13
-1.068536045496814e-13
-1.068168173823179e-13
-1.067800329692407e-13
-1.067432513379766e-13
-1.067064725160523e-13
-1.066696965309947e-13
-1.066329234103306e-13
-1.065961531815866e-13
-1.065593858722896e-13
-1.065226215099662e-13
-1.064858601221435e-13
-1.064491017363480e-13
-1.064123463801065e-13
-1.063755940809458e-13
-1.063388448663928e-13
-1.063020987639741e-13
-1.062653558012165e-13
-1.062286160056469e-13
-1.061918794047919e-13
-1.061551460261784e-13
-1.061184158973331e-13
-1.060816890457828e-13
-1.060449654990542e-13
-1.060082452846742e-13
-1.059715284301695e-13
-1.059348149630669e-13
-1.058981049108932e-13
-1.058613983011750e-13
-1.058246951614393e-13
-1.057879955192127e-13
-1.057512994020221e-13
-1.057146068373941e-13
-1.056779178528557e-13
-1.056412324759335e-13
-1.056045507341544e-13
-1.055678726550450e-13
-1.055311982661322e-13
-1.054945275949428e-13
-1.054578606690035e-13
-1.054211975158410e-13
-1.053845381629822e-13
-1.053478826379539e-13
-1.053112309682827e-13
-1.052745831814955e-13
-1.052379393051191e-13
-1.052012993666802e-13
-1.051646633937055e-13
-1.051280314137220e-13
-1.050914034542562e-13
-1.050547795428351e-13
-1.050181597069853e-13
-1.049815439742337e-13
-1.049449323721071e-13
-1.049083249281321e-13
-1.048717216698355e-13
-1.048351226247442e-13
-1.047985278203849e-13
-1.047619372842844e-13
-1.047253510439694e-13
-1.046887691269668e-13
-1.046521915608033e-13
-1.046156183730056e-13
-1.045790495911005e-13
-1.045424852426149e-13
-1.045059253550754e-13
-1.044693699560089e-13
-1.044328190729421e-13
-1.043962727334019e-13
-1.043597309649149e-13
-1.043231937950079e-13
-1.042866612512077e-13
-1.042501333610411e-13
-1.042136101520349e-13
-1.041770916517158e-13
-1.041405778876106e-13
-1.041040688872461e-13
-1.040675646781490e-13
-1.040310652878461e-13
-1.039945707438643e-13
-1.039580810737301e-13
-1.039215963049705e-13
-1.038851164651122e-13
-1.038486415816820e-13
-1.038121716822066e-13
-1.037757067942129e-13
-1.037392469452275e-13
-1.037027921627773e-13
-1.036663424743890e-13
-1.036298979075895e-13
-1.035934584899054e-13
-1.035570242488635e-13
-1.035205952119907e-13
-1.034841714068137e-13
-1.034477528608592e-13
-1.034113396016540e-13
-1.033749316567250e-13
-1.033385290535989e-13
-1.033021318198024e-13
-1.032657399828623e-13
-1.032293535703054e-13
-1.031929726096585e-13
-1.031565971284483e-13
-1.031202271542016e-13
-1.030838627144452e-13
-1.030475038367059e-13
-1.030111505485104e-13
-1.029748028773854e-13
-1.029384608508579e-13
-1.029021244964545e-13
-1.028657938417020e-13
-1.028294689141272e-13
-1.027931497412568e-13
-1.027568363506177e-13
-1.027205287697365e-13
-1.026842270261402e-13
-1.026479311473554e-13
-1.026116411609089e-13
-1.025753570943274e-13
-1.025390789751379e-13
-1.025028068308669e-13
-1.024665406890414e-13
-1.024302805771881e-13
-1.023940265228337e-13
-1.023577785535050e-13
-1.023215366967288e-13
-1.022853009800318e-13
-1.022490714309409e-13
-1.022128480769828e-13
-1.021766309456843e-13
-1.021404200645721e-13
-1.021042154611730e-13
-1.020680171630139e-13
-1.020318251976213e-13
-1.019956395925223e-13
-1.019594603752434e-13
-1.019232875733115e-13
-1.018871212142534e-13
-1.018509613255958e-13
-1.018148079348654e-13
-1.017786610695892e-13
-1.017425207572938e-13
-1.017063870255060e-13
-1.016702599017526e-13
-1.016341394135603e-13
-1.015980255884559e-13
-1.015619184539663e-13
-1.015258180376181e-13
-1.014897243669382e-13
-1.014536374694532e-13
-1.014175573726901e-13
-1.013814841041755e-13
-1.013454176914362e-13
-1.013093581619991e-13
-1.012733055433908e-13
-1.012372598631381e-13
-1.012012211487679e-13
-1.011651894278068e-13
-1.011291647277817e-13
-1.010931470762194e-13
-1.010571365006465e-13
-1.010211330285899e-13
-1.009851366875764e-13
-1.009491475051327e-13
-1.009131655087855e-13
-1.008771907260618e-13
-1.008412231844881e-13
-1.008052629115914e-13
-1.007693099348983e-13
-1.007333642819357e-13
-1.006974259802303e-13
-1.006614950573089e-13
-1.006255715406983e-13
-1.005896554579252e-13
-1.005537468365164e-13
-1.005178457039987e-13
-1.004819520878988e-13
-1.004460660157436e-13
-1.004101875150597e-13
-1.003743166133740e-13
-1.003384533382133e-13
-1.003025977171043e-13
-1.002667497775737e-13
-1.002309095471484e-13
-1.001950770533551e-13
-1.001592523237207e-13
-1.001234353857718e-13
-1.000876262670352e-13
-1.000518249950377e-13
-1.000160315973062e-13
-9.998024610136724e-14
-9.994446853474775e-14
-9.990869892497446e-14
-9.987293729957413e-14
-9.983718368607357e-14
-9.980143811199950e-14
-9.976570060487873e-14
-9.972997119223801e-14
-9.969424990160412e-14
-9.965853676050384e-14
-9.962283179646393e-14
-9.958713503701116e-14
-9.955144650967232e-14
-9.951576624197415e-14
-9.948009426144347e-14
-9.944443059560700e-14
-9.940877527199153e-14
-9.937312831812385e-14
-9.933748976153071e-14
-9.930185962973889e-14
-9.926623795027518e-14
-9.923062475066632e-14
-9.919502005843909e-14
-9.915942390112027e-14
-9.912383630623663e-14
-9.908825730131494e-14
-9.905268691388198e-14
-9.901712517146451e-14
-9.898157210158930e-14
-9.894602773178313e-14
-9.891049208957277e-14
-9.887496520248499e-14
-9.883944709804657e-14
-9.880393780378427e-14
-9.876843734722487e-14
-9.873294575589513e-14
-9.869746305732185e-14
-9.866198927903177e-14
-9.862652444855167e-14
-9.859106859340833e-14
-9.855562174112852e-14
-9.852018391923901e-14
-9.848475515526657e-14
-9.844933547673796e-14
-9.841392491117998e-14
-9.837852348611939e-14
-9.834313122908295e-14
-9.830774816759744e-14
-9.827237432918963e-14
-9.823700974138630e-14
-9.820165443171421e-14
-9.816630842770015e-14
-9.813097175687087e-14
-9.809564444675314e-14
-9.806032652487376e-14
-9.802501801875948e-14
-9.798971895593708e-14
-9.795442936393332e-14
-9.791914927027499e-14
-9.788387870248884e-14
-9.784861768810166e-14
-9.781336625464021e-14
-9.777812442963128e-14
-9.774289224060162e-14
-9.770766971507800e-14
-9.767245688058723e-14
-9.763725376465604e-14
-9.760206039481120e-14
-9.756687679857952e-14
-9.753170300348774e-14
-9.749653903706265e-14
-9.746138492683101e-14
-9.742624070031959e-14
-9.739110638505517e-14
-9.735598200856452e-14
-9.732086759837441e-14
-9.728576318201161e-14
-9.725066878700290e-14
-9.721558444087504e-14
-9.718051017115481e-14
-9.714544600536898e-14
-9.711039197104432e-14
-9.707534809570760e-14
-9.704031440688561e-14
-9.700529093210509e-14
-9.697027769889283e-14
-9.693527473477561e-14
-9.690028206728019e-14
-9.686529972393334e-14
-9.683032773226184e-14
-9.679536611979244e-14
-9.676041491405195e-14
-9.672547414256712e-14
-9.669054383286471e-14
-9.665562401247152e-14
-9.662071470891430e-14
-9.658581594971983e-14
-9.655092776241487e-14
-9.651605017452622e-14
-9.648118321358062e-14
-9.644632690710486e-14
-9.641148128262571e-14
-9.637664636766993e-14
-9.634182218976431e-14
-9.630700877643561e-14
-9.627220615521060e-14
-9.623741435361606e-14
-9.620263339917876e-14
-9.616786331942548e-14
-9.613310414188297e-14
-9.609835589407800e-14
-9.606361860353737e-14
-9.602889229778784e-14
-9.599417700435618e-14
-9.595947275076916e-14
-9.592477956455355e-14
-9.589009747323611e-14
-9.585542650434364e-14
-9.582076668540290e-14
-9.578611804394066e-14
-9.575148060748369e-14
-9.571685440355875e-14
-9.568223945969265e-14
-9.564763580341212e-14
-9.561304346224395e-14
-9.557846246371491e-14
-9.554389283535178e-14
-9.550933460468132e-14
-9.547478779923030e-14
-9.544025244652550e-14
-9.540572857409369e-14
-9.537121620946165e-14
-9.533671538015614e-14
-9.530222611370392e-14
-9.526774843763179e-14
-9.523328237946651e-14
-9.519882796673484e-14
-9.516438522696357e-14
-9.512995418767947e-14
-9.509553487640930e-14
-9.506112732067984e-14
-9.502673154801785e-14
-9.499234758595011e-14
-9.495797546200341e-14
-9.492361520370448e-14
-9.488926683858014e-14
-9.485493039415713e-14
-9.482060589796223e-14
-9.478629337752221e-14
-9.475199286036385e-14
-9.471770437401391e-14
-9.468342794599916e-14
-9.464916360384639e-14
-9.461491137508235e-14
-9.458067128723383e-14
-9.454644336782759e-14
-9.451222764439041e-14
-9.447802414444906e-14
-9.444383289553031e-14
-9.440965392516093e-14
-9.437548726086769e-14
-9.434133293017738e-14
-9.430719096061674e-14
-9.427306137971256e-14
-9.423894421499162e-14
-9.420483949398067e-14
-9.417074724420651e-14
-9.413666749319588e-14
-9.410260026847558e-14
-9.406854559757236e-14
-9.403450350801301e-14
-9.400047402732429e-14
-9.396645718303297e-14
-9.393245300266584e-14
-9.389846151374964e-14
-9.386448274381117e-14
-9.383051672037720e-14
-9.379656347097448e-14
-9.376262302312980e-14
-9.372869540436993e-14
-9.369478064222165e-14
-9.366087876421171e-14
-9.362698979786689e-14
-9.359311377071397e-14
-9.355925071027971e-14
-9.352540064409090e-14
-9.349156359967429e-14
-9.345773960455667e-14
-9.342392868626479e-14
-9.339013087232545e-14
-9.335634619026541e-14
-9.332257466761142e-14
-9.328881633189029e-14
-9.325507121062876e-14
-9.322133933135362e-14
-9.318762072159164e-14
-9.315391540886958e-14
-9.312022342071423e-14
-9.308654478465234e-14
-9.305287952821070e-14
-9.301922767891607e-14
-9.298558926429523e-14
-9.295196431187496e-14
-9.291835284918201e-14
-9.288475490374317e-14
-9.285117050308519e-14
-9.281759967473487e-14
-9.278404244621896e-14
-9.275049884506424e-14
-9.271696889879748e-14
-9.268345263494546e-14
-9.264995008103495e-14
-9.261646126459269e-14
-9.258298621314551e-14
-9.254952495422014e-14
-9.251607751534335e-14
-9.248264392404194e-14
-9.244922420784266e-14
-9.241581839427230e-14
-9.238242651085760e-14
-9.234904858512536e-14
-9.231568464460234e-14
-9.228233471681532e-14
-9.224899882929106e-14
-9.221567700955635e-14
-9.218236928513794e-14
-9.214907568356262e-14
-9.211579623235714e-14
-9.208253095904829e-14
-9.204927989116284e-14
-9.201604305622756e-14
-9.198282048176923e-14
-9.194961219531460e-14
-9.191641822439046e-14
-9.188323859652358e-14
-9.185007333924072e-14
-9.181692248006867e-14
-9.178378604653419e-14
-9.175066406616404e-14
-9.171755656648501e-14
-9.168446357502388e-14
-9.165138511930740e-14
-9.161832122686236e-14
-9.158527192521552e-14
-9.155223724189364e-14
-9.151921720442352e-14
-9.148621184033191e-14
-9.145322117714559e-14
-9.142024524239134e-14
-9.138728406359592e-14
-9.135433766828611e-14
-9.132140608398867e-14
-9.128848933823037e-14
-9.125558745853801e-14
-9.122270047243833e-14
-9.118982840745811e-14
-9.115697129112414e-14
-9.112412915096318e-14
-9.109130201450199e-14
-9.105848990926734e-14
-9.102569286278603e-14
-9.099291090258482e-14
-9.096014405619046e-14
-9.092739235112975e-14
-9.089465581492944e-14
-9.086193447511632e-14
-9.082922835921716e-14
-9.079653749475870e-14
-9.076386190926776e-14
-9.073120163027110e-14
-9.069855668529546e-14
-9.066592710186764e-14
-9.063331290751441e-14
-9.060071412976252e-14
-9.056813079613877e-14
-9.053556293416992e-14
-9.050301057138274e-14
-9.047047373530400e-14
-9.043795245346049e-14
-9.040544675337895e-14
-9.037295666258618e-14
-9.034048220860894e-14
-9.030802341897400e-14
-9.027558032120814e-14
-9.024315294283811e-14
-9.021074131139073e-14
-9.017834545439272e-14
-9.014596539937087e-14
-9.011360117385195e-14
-9.008125280536273e-14
-9.004892032143001e-14
-9.001660374958052e-14
-8.998430311734107e-14
-8.995201845223839e-14
-8.991974978179929e-14
-8.988749713355051e-14
-8.985526053501886e-14
-8.982304001373107e-14
-8.979083559721395e-14
-8.975864731299424e-14
-8.972647518859873e-14
-8.969431925155418e-14
-8.966217952938737e-14
-8.963005604962508e-14
-8.959794883979406e-14
-8.956585792742110e-14
-8.953378334003298e-14
-8.950172510515644e-14
-8.946968325031827e-14
-8.943765780304525e-14
-8.940564879086414e-14
-8.937365624130171e-14
-8.934168018188474e-14
-8.930972064014000e-14
-8.927777764359425e-14
-8.924585121977429e-14
-8.921394139620686e-14
-8.918204820041876e-14
-8.915017165993673e-14
-8.911831180228757e-14
-8.908646865499804e-14
-8.905464224559491e-14
-8.902283260160496e-14
-8.899103975055495e-14
-8.895926371997166e-14
-8.892750453738187e-14
-8.889576223031232e-14
-8.886403682628982e-14
-8.883232835284112e-14
-8.880063683749300e-14
-8.876896230777223e-14
-8.873730479120558e-14
-8.870566431531983e-14
-8.867404090764173e-14
-8.864243459569807e-14
-8.861084540701562e-14
-8.857927336912115e-14
-8.854771850954143e-14
-8.851618085580324e-14
-8.848466043543335e-14
-8.845315727595851e-14
-8.842167140490551e-14
-8.839020284980113e-14
-8.835875163817213e-14
-8.832731779754529e-14
-8.829590135544737e-14
-8.826450233940515e-14
-8.823312077694539e-14
-8.820175669559488e-14
-8.817041012288038e-14
-8.813908108632867e-14
-8.810776961346651e-14
-8.807647573182068e-14
-8.804519946891796e-14
-8.801394085228510e-14
-8.798269990944889e-14
-8.795147666793611e-14
-8.792027115527350e-14
-8.788908339898785e-14
-8.785791342660593e-14
-8.782676126565451e-14
-8.779562694366038e-14
-8.776451048815029e-14
-8.773341192665101e-14
-8.770233128668933e-14
-8.767126859579200e-14
-8.764022388148582e-14
-8.760919717129754e-14
-8.757818849275393e-14
-8.754719787338177e-14
-8.751622534070783e-14
-8.748527092225889e-14
-8.745433464556172e-14
-8.742341653814307e-14
-8.739251662752975e-14
-8.736163494124849e-14
-8.733077150682609e-14
-8.729992635178931e-14
-8.726909950366493e-14
-8.723829098997971e-14
-8.720750083826045e-14
-8.717672907603388e-14
-8.714597573082679e-14
-8.711524083016596e-14
-8.708452440157815e-14
-8.705382647259016e-14
-8.702314707072873e-14
-8.699248622352063e-14
-8.696184395849265e-14
-8.693122030317155e-14
-8.690061528508412e-14
-8.687002893175711e-14
-8.683946127071730e-14
-8.680891232949147e-14
-8.677838213560637e-14
-8.674787071658879e-14
-8.671737809996550e-14
-8.668690431326328e-14
-8.665644938400888e-14
-8.662601333972908e-14
-8.659559620795067e-14
-8.656519801620040e-14
-8.653481879200504e-14
-8.650445856289137e-14
-8.647411735638617e-14
-8.644379520001620e-14
-8.641349212130824e-14
-8.638320814778906e-14
-8.635294330698542e-14
-8.632269762642411e-14
-8.629247113363188e-14
-8.626226385613552e-14
-8.623207582146181e-14
-8.620190705713750e-14
-8.617175759068937e-14
-8.614162744964418e-14
-8.611151666152874e-14
-8.608142525386976e-14
-8.605135325419407e-14
-8.602130069002842e-14
-8.599126758889959e-14
-8.596125397833432e-14
-8.593125988585942e-14
-8.590128533900163e-14
-8.587133036528775e-14
-8.584139499224454e-14
-8.581147924739877e-14
-8.578158315827720e-14
-8.575170675240664e-14
-8.572185005731382e-14
-8.569201310052554e-14
-8.566219590956855e-14
-8.563239851196964e-14
-8.560262093525557e-14
-8.557286320695312e-14
-8.554312535458906e-14
-8.551340740569014e-14
-8.548370938778317e-14
-8.545403132839491e-14
-8.542437325505210e-14
-8.539473519528156e-14
-8.536511717661004e-14
-8.533551922656430e-14
-8.530594137267112e-14
-8.527638364245727e-14
-8.524684606344954e-14
-8.521732866317467e-14
-8.518783146915947e-14
-8.515835450893068e-14
-8.512889781001508e-14
-8.509946139993945e-14
-8.507004530623055e-14
-8.504064955641516e-14
-8.501127417802006e-14
-8.498191919857200e-14
-8.495258464559778e-14
-8.492327054662415e-14
-8.489397692917787e-14
-8.486470382078574e-14
-8.483545124897452e-14
-8.480621924127100e-14
-8.477700782520191e-14
-8.474781702829406e-14
-8.471864687807420e-14
-8.468949740206911e-14
-8.466036862780557e-14
-8.463126058281035e-14
-8.460217329461020e-14
-8.457310679073191e-14
-8.454406109870226e-14
-8.451503624604800e-14
-8.448603226029591e-14
-8.445704916897276e-14
-8.442808699960534e-14
-8.439914577972041e-14
-8.437022553684474e-14
-8.434132629850509e-14
-8.431244809222825e-14
-8.428359094554098e-14
-8.425475488597006e-14
-8.422593994104226e-14
-8.419714613828434e-14
-8.416837350522309e-14
-8.413962206938529e-14
-8.411089185829768e-14
-8.408218289948704e-14
-8.405349522048016e-14
-8.402482884880380e-14
-8.399618381198474e-14
-8.396756013754974e-14
-8.393895785302557e-14
-8.391037698593901e-14
-8.388181756381684e-14
-8.385327961418581e-14
-8.382476316457271e-14
-8.379626824250431e-14
-8.376779487550738e-14
-8.373934309110868e-14
-8.371091291683499e-14
-8.368250438021309e-14
-8.365411750876974e-14
-8.362575233003171e-14
-8.359740887152580e-14
-8.356908716077874e-14
-8.354078722531732e-14
-8.351250909266832e-14
-8.348425279035852e-14
-8.345601834591466e-14
-8.342780578686354e-14
-8.339961514073190e-14
-8.337144643504656e-14
-8.334329969733424e-14
-8.331517495512175e-14
-8.328707223593585e-14
-8.325899156730330e-14
-8.323093297675089e-14
-8.320289649180538e-14
-8.317488213999355e-14
-8.314688994884216e-14
-8.311891994587799e-14
-8.309097215862782e-14
-8.306304661461840e-14
-8.303514334137653e-14
-8.300726236642895e-14
-8.297940371730245e-14
-8.295156742152380e-14
-8.292375350661978e-14
-8.289596200011714e-14
-8.286819292954268e-14
-8.284044632242315e-14
-8.281272220628533e-14
-8.278502060865599e-14
-8.275734155706190e-14
-8.272968507902983e-14
-8.270205120208656e-14
-8.267443995375887e-14
-8.264685136157350e-14
-8.261928545305725e-14
-8.259174225573689e-14
-8.256422179713917e-14
-8.253672410479087e-14
-8.250924920621879e-14
-8.248179712894967e-14
-8.245436790051030e-14
-8.242696154842743e-14
-8.239957810022787e-14
-8.237221758343834e-14
-8.234488002558566e-14
-8.231756545419656e-14
-8.229027389679784e-14
-8.226300538091627e-14
-8.223575993407862e-14
-8.220853758381166e-14
-8.218133835764215e-14
-8.215416228309688e-14
-8.212700938770259e-14
-8.209987969898610e-14
-8.207277324447415e-14
-8.204569005169352e-14
-8.201863014817099e-14
-8.199159356143331e-14
-8.196458031900727e-14
-8.193759044841963e-14
-8.191062397719716e-14
-8.188368093286666e-14
-8.185676134295488e-14
-8.182986523498858e-14
-8.180299263649456e-14
-8.177614357499957e-14
-8.174931807803039e-14
-8.172251617311378e-14
-8.169573788777653e-14
-8.166898324874582e-14
-8.164225211323749e-14
-8.161554396026512e-14
-8.158885821766909e-14
-8.156219431328974e-14
-8.153555167496744e-14
-8.150892973054255e-14
-8.148232790785541e-14
-8.145574563474639e-14
-8.142918233905587e-14
-8.140263744862416e-14
-8.137611039129165e-14
-8.134960059489871e-14
-8.132310748728567e-14
-8.129663049629290e-14
-8.127016904976076e-14
-8.124372257552959e-14
-8.121729050143978e-14
-8.119087225533167e-14
-8.116446726504562e-14
-8.113807495842198e-14
-8.111169476330112e-14
-8.108532610752340e-14
-8.105896841892916e-14
-8.103262112535878e-14
-8.100628365465261e-14
-8.097995543465100e-14
-8.095363589319433e-14
-8.092732445812293e-14
-8.090102055727717e-14
-8.087472361849742e-14
-8.084843306962402e-14
-8.082214833849734e-14
-8.079586885295774e-14
-8.076959404084557e-14
-8.074332333000117e-14
-8.071705614826494e-14
-8.069079192347721e-14
-8.066453008347835e-14
-8.063827005610870e-14
-8.061201126920865e-14
-8.058575315061853e-14
-8.055949512817870e-14
-8.053323662972953e-14
-8.050697708311139e-14
-8.048071591616461e-14
-8.045445255672955e-14
-8.042818643264659e-14
-8.040191697175607e-14
-8.037564360189836e-14
-8.034936575091381e-14
-8.032308284664278e-14
-8.029679431692563e-14
-8.027049958960272e-14
-8.024419809251440e-14
-8.021788925350104e-14
-8.019157250040299e-14
-8.016524726106061e-14
-8.013891296331424e-14
-8.011256903500428e-14
-8.008621490397106e-14
-8.005984999805494e-14
-8.003347374509628e-14
-8.000708557293543e-14
-7.998068490941277e-14
-7.995427118236863e-14
-7.992784381964340e-14
-7.990140224907742e-14
-7.987494589851104e-14
-7.984847419578463e-14
-7.982198656873855e-14
-7.979548244521314e-14
-7.976896125304880e-14
-7.974242242008584e-14
-7.971586537416463e-14
-7.968928954312557e-14
-7.966269435480895e-14
-7.963607923705518e-14
-7.960944361770460e-14
-7.958278692459757e-14
-7.955610858557444e-14
-7.952940802847558e-14
-7.950268468114134e-14
-7.947593797141208e-14
-7.944916732712817e-14
-7.942237217612995e-14
-7.939555194625778e-14
-7.936870606535205e-14
-7.934183396125307e-14
-7.931493506180122e-14
-7.928800879483687e-14
-7.926105458820037e-14
-7.923407186973206e-14
-7.920706006727233e-14
-7.918001860866150e-14
-7.915294692173996e-14
-7.912584443434807e-14
-7.909871057432617e-14
-7.907154476951461e-14
-7.904434644775377e-14
-7.901711503688401e-14
-7.898984996474567e-14
-7.896255065917912e-14
-7.893521654802472e-14
-7.890784705912281e-14
-7.888044162031377e-14
-7.885299965943795e-14
-7.882552060433570e-14
-7.879800388284739e-14
-7.877044892281337e-14
-7.874285515207400e-14
-7.871522199846965e-14
-7.868754888984067e-14
-7.865983525402741e-14
-7.863208051887024e-14
-7.860428411220951e-14
-7.857644546188556e-14
-7.854856399573880e-14
-7.852063914160954e-14
-7.849267032733816e-14
-7.846465698076501e-14
-7.843659852973046e-14
-7.840849440207485e-14
-7.838034402563855e-14
-7.835214682826191e-14
-7.832390223778531e-14
-7.829560968204909e-14
-7.826726858889361e-14
-7.823887838615922e-14
-7.821043850168629e-14
-7.818194836331517e-14
-7.815340739888624e-14
-7.812481503623983e-14
-7.809617070321631e-14
-7.806747382765603e-14
-7.803872383739936e-14
-7.800992016028667e-14
-7.798106222415829e-14
-7.795214945685459e-14
-7.792318128621593e-14
-7.789415714008266e-14
-7.786507644629514e-14
-7.783593863269376e-14
-7.780674312711882e-14
-7.777748935741073e-14
-7.774817675140981e-14
-7.771880473695645e-14
-7.768937274189100e-14
-7.765988019405379e-14
-7.763032652128522e-14
-7.760071115142561e-14
-7.757103351231534e-14
-7.754129303179477e-14
-7.751148913770426e-14
-7.748162125788415e-14
-7.745168882017481e-14
-7.742169125241660e-14
-7.739162798244987e-14
-7.736149843811499e-14
-7.733130204725230e-14
-7.730103823770219e-14
-7.727070643730499e-14
-7.724030607390106e-14
-7.720983657533076e-14
-7.717929736943445e-14
-7.714868788405251e-14
-7.711800754702527e-14
-7.708725578619309e-14
-7.705643202939634e-14
-7.702553570447537e-14
-7.699456623927054e-14
-7.696352306162221e-14
-7.693240559937074e-14
-7.690121328035649e-14
-7.686994553241980e-14
-7.683860178340105e-14
-7.680718146114059e-14
-7.677568399347878e-14
-7.674410880825598e-14
-7.671245533331254e-14
-7.668072299648882e-14
-7.664891122562518e-14
-7.661701944856198e-14
-7.658504709313959e-14
-7.655299358719834e-14
-7.652085835857861e-14
-7.648864083512075e-14
-7.645634044466511e-14
-7.642395661505208e-14
-7.639148877412198e-14
-7.635893634971520e-14
-7.632629876967206e-14
-7.629357546183295e-14
-7.626076585403822e-14
-7.622786937412823e-14
-7.619488544994333e-14
-7.616181350932387e-14
-7.612865298011025e-14
-7.609540329014278e-14
-7.606206386726183e-14
-7.602863413930780e-14
-7.599511353412099e-14
-7.596150147954178e-14
-7.592779740341053e-14
-7.589400073356760e-14
-7.586011089785336e-14
-7.582612732410815e-14
-7.579204944017232e-14
-7.575787667388625e-14
-7.572360845309027e-14
-7.568924420562477e-14
-7.565478335933012e-14
-7.562022534204663e-14
-7.558556958161468e-14
-7.555081550587464e-14
-7.551596254266684e-14
-7.548101011983167e-14
-7.544595781331824e-14
-7.541080860557695e-14
-7.537556888555953e-14
-7.534024519032649e-14
-7.530484405693829e-14
-7.526937202245544e-14
-7.523383562393843e-14
-7.519824139844773e-14
-7.516259588304381e-14
-7.512690561478720e-14
-7.509117713073834e-14
-7.505541696795775e-14
-7.501963166350591e-14
-7.498382775444329e-14
-7.494801177783039e-14
-7.491219027072769e-14
-7.487636977019568e-14
-7.484055681329484e-14
-7.480475793708566e-14
-7.476897967862864e-14
-7.473322857498426e-14
-7.469751116321297e-14
-7.466183398037530e-14
-7.462620356353173e-14
-7.459062644974273e-14
-7.455510917606880e-14
-7.451965827957040e-14
-7.448428029730806e-14
-7.444898176634222e-14
-7.441376922373342e-14
-7.437864920654209e-14
-7.434362825182875e-14
-7.430871289665387e-14
-7.427390967807794e-14
-7.423922513316146e-14
-7.420466579896490e-14
-7.417023821254875e-14
-7.413594891097350e-14
-7.410180443129964e-14
-7.406781131058764e-14
-7.403397608589800e-14
-7.400030529429120e-14
-7.396680547282774e-14
-7.393348315856808e-14
-7.390034488857273e-14
-7.386739719990216e-14
-7.383464662961687e-14
-7.380209971477733e-14
-7.376976299244403e-14
-7.373764299967747e-14
-7.370574627353814e-14
-7.367407935108650e-14
-7.364264876938305e-14
-7.361146106548828e-14
-7.358052277646267e-14
-7.354984043936670e-14
-7.351942059126088e-14
-7.348926976920567e-14
-7.345939451026158e-14
-7.342980135148906e-14
-7.340049682994864e-14
-7.337148748270077e-14
-7.334277984680596e-14
-7.331438045932469e-14
-7.328629585731743e-14
-7.325853257784468e-14
-7.323109715796694e-14
-7.320399613474468e-14
-7.317723604523839e-14
-7.315082342650853e-14
-7.312476481561564e-14
-7.309906674962015e-14
-7.307373576558259e-14
-7.304877840056343e-14
-7.302420119162314e-14
-7.300001067582225e-14
-7.297621339022119e-14
-7.295281587188049e-14
-7.292982465786061e-14
-7.290724628522204e-14
-7.288508729102529e-14
-7.286335421233082e-14
-7.284205358619912e-14
-7.282119194969067e-14
-7.280077583986598e-14
-7.278081179378552e-14
-7.276130634850978e-14
-7.274226604109925e-14
-7.272369740861440e-14
-7.270560698811573e-14
-7.268800131666373e-14
-7.267088693131886e-14
-7.265427036914164e-14
-7.263815816719254e-14
-7.262255686253205e-14
-7.260747299222066e-14
-7.259291309331883e-14
-7.257888370288709e-14
-7.256539135798589e-14
-7.255244259567573e-14
-7.254004395301709e-14
-7.252820196707046e-14
-7.251692317489634e-14
-7.250621411355519e-14
-7.249608132010751e-14
-7.248653133161379e-14
-7.247757068513451e-14
-7.246920591773016e-14
-7.246144354676440e-14
-7.245428129241989e-14
-7.244769425928843e-14
-7.244165396787113e-14
-7.243613193866906e-14
-7.243109969218331e-14
-7.242652874891495e-14
-7.242239062936506e-14
-7.241865685403472e-14
-7.241529894342503e-14
-7.241228841803705e-14
-7.240959679837188e-14
-7.240719560493057e-14
-7.240505635821424e-14
-7.240315057872394e-14
-7.240144978696077e-14
-7.239992550342579e-14
-7.239854924862011e-14
-7.239729254304479e-14
-7.239612690720090e-14
-7.239502386158956e-14
-7.239395492671181e-14
-7.239289162306876e-14
-7.239180547116147e-14
-7.239066799149104e-14
-7.238945070455854e-14
-7.238812513086506e-14
-7.238666279091166e-14
-7.238503520519943e-14
-7.238321389422947e-14
-7.238117037850284e-14
-7.237887617852063e-14
-7.237630281478391e-14
-7.237342180779378e-14
-7.237020467805130e-14
-7.236662294605757e-14
-7.236264813231365e-14
-7.235825175732066e-14
-7.235340534157963e-14
-7.234808040559167e-14
-7.234224846985786e-14
-7.233588105487926e-14
-7.232894968115698e-14
-7.232142586919209e-14
-7.231328113948567e-14
-7.230448701253880e-14
-7.229501500885256e-14
-7.228483664892803e-14
-7.227392345326630e-14
-7.226224694236844e-14
-7.224977863673553e-14
-7.223649005686866e-14
-7.222235272326891e-14
-7.220733815643735e-14
-7.219141787687509e-14
-7.217456340508317e-14
-7.215674626156270e-14
-7.213793796681474e-14
-7.211811004134039e-14
-7.209723400564072e-14
-7.207528138021682e-14
-7.205222368556976e-14
-7.202803244220062e-14
-7.200267917061051e-14
-7.197613539130047e-14
-7.194837262477160e-14
-7.191936239152498e-14
-7.188907621206170e-14
-7.185748560688284e-14
-7.182456209648945e-14
-7.179027720138264e-14
-7.175460244206349e-14
-7.171750933903308e-14
-7.167896941279249e-14
-7.163895418384278e-14
-7.159743517268507e-14
-7.155438389982040e-14
-7.150977188574987e-14
-7.146357065097458e-14
-7.141575171599558e-14
-7.136628660131396e-14
-7.131514682743082e-14
-7.126230391484720e-14
-7.120772938406423e-14
-7.115139475558295e-14
-7.109327154990447e-14
-7.103333128752987e-14
-7.097154548896019e-14
-7.090788567469656e-14
-7.084232336524002e-14
-7.077483008109169e-14
-7.070537734275264e-14
-7.063393667072394e-14
-7.056047958550669e-14
-7.048497760760192e-14
-7.040740225751077e-14
-7.032772505573429e-14
-7.024591752277358e-14
-7.016195117912972e-14
-7.007579754530376e-14
-6.998742814179681e-14
-6.989681448910992e-14
-6.980392810774423e-14
-6.970874051820077e-14
-6.961122324098064e-14
-6.951134779658492e-14
-6.940908570551467e-14
-6.930440848827100e-14
-6.919728766535496e-14
-6.908771278303704e-14
-6.897580660928940e-14
-6.886175162244516e-14
-6.874573058249021e-14
-6.862792624941034e-14
-6.850852138319143e-14
-6.838769874381928e-14
-6.826564109127969e-14
-6.814253118555859e-14
-6.801855178664169e-14
-6.789388565451490e-14
-6.776871554916400e-14
-6.764322423057487e-14
-6.751759445873332e-14
-6.739200899362519e-14
-6.726665059523628e-14
-6.714170202355241e-14
-6.701734603855947e-14
-6.689376540024326e-14
-6.677114286858959e-14
-6.664966120358435e-14
-6.652950316521329e-14
-6.641085151346230e-14
-6.629388900831720e-14
-6.617879840976377e-14
-6.606576247778792e-14
-6.595496397237544e-14
-6.584658565351217e-14
-6.574081028118390e-14
-6.563782061537652e-14
-6.553779941607584e-14
-6.544092944326766e-14
-6.534739345693786e-14
-6.525737421707224e-14
-6.517105448365664e-14
-6.508861701667689e-14
-6.501024457611880e-14
-6.493611992196824e-14
-6.486642581421099e-14
-6.480134501283295e-14
-6.474106027781988e-14
-6.468575436915765e-14
-6.463561004683208e-14
-6.459081007082899e-14
-6.455153720113423e-14
-6.451797419773364e-14
-6.449030382061301e-14
-6.446870882975820e-14
-6.445337198515503e-14
-6.444447604678934e-14
-6.444220377464695e-14
-6.444673792871369e-14
-6.445826126897541e-14
-6.447695655541792e-14
-6.450278450397880e-14
-6.453269136059681e-14
-6.456145089224266e-14
-6.458378890437272e-14
-6.459443120244331e-14
-6.458810359191079e-14
-6.455953187823147e-14
-6.450344186686170e-14
-6.441455936325779e-14
-6.428761017287614e-14
-6.411732010117311e-14
-6.389841495360488e-14
-6.362562053562796e-14
-6.329366265269851e-14
-6.289726711027308e-14
-6.243115971380790e-14
-6.189006626875933e-14
-6.126871258058370e-14
-6.056182445473715e-14
-5.976412769667640e-14
-5.887034811185735e-14
-5.787521150573681e-14
-5.677344368377119e-14
-5.555977045141597e-14
-5.422891761412834e-14
-5.277561097736398e-14
-5.119457634657996e-14
-4.948082369478773e-14
-4.763487728665979e-14
-4.566226158426527e-14
-4.356868208956812e-14
-4.135984430453577e-14
-3.904145373113304e-14
-3.661921587132698e-14
-3.409883622708296e-14
-3.148602030036686e-14
-2.878647359314463e-14
-2.600590160738144e-14
-2.315000984504460e-14
-2.022450380809935e-14
-1.723508899851082e-14
-1.418747091824722e-14
-1.108735506927138e-14
-7.940446953551539e-15
-4.752452073052829e-15
-1.529075929740353e-15
1.723975974418366e-15
5.000998137458212e-15
8.296285057413290e-15
1.160413123231850e-14
1.491883116020629e-14
1.823467933911159e-14
2.154597026706926e-14
2.484699844211099e-14
2.813377245056504e-14
3.145279006650589e-14
3.490807800532023e-14
3.860679254551587e-14
4.265608996559783e-14
4.716312654407506e-14
5.223505855945082e-14
5.797904229023710e-14
6.450223401493668e-14
7.191179001205780e-14
8.031486656010953e-14
8.981861993759452e-14
1.005302064230217e-13
1.125567822948978e-13
1.260055038317297e-13
1.409835273120283e-13
1.575980090142929e-13
1.759561052170387e-13
1.961649721987581e-13
2.183317662379726e-13
2.425636436131903e-13
2.689677606029061e-13
2.976512734856402e-13
3.287213385398849e-13
3.622851120441542e-13
3.984497502769547e-13
4.373224095167935e-13
4.790123902365326e-13
5.237342704863738e-13
5.718536236797348e-13
6.237476854352446e-13
6.797936913715528e-13
7.403688771073558e-13
8.058504782612625e-13
8.766157304519586e-13
9.530418692980615e-13
1.035506130418241e-12
1.124385749431149e-12
1.220057961955439e-12
1.322900003609791e-12
1.433289110012805e-12
1.551794199044495e-12
1.680318560900991e-12
1.821332811013044e-12
1.977309644326401e-12
2.150721755786585e-12
2.344041840339320e-12
2.559742592930143e-12
2.800296708504737e-12
3.068176882008734e-12
3.365855808387771e-12
3.695806182587569e-12
4.060500699553597e-12
4.462412054231674e-12
4.904047670156720e-12
5.391237200100049e-12
5.935836346364910e-12
6.550337171561785e-12
7.247231738301342e-12
8.039012109193716e-12
8.938170346849552e-12
9.957141104658165e-12
1.110705779955953e-11
1.239776317686135e-11
1.383904468565465e-11
1.544068977503168e-11
1.721248589408485e-11
1.916422049190519e-11
2.131112417072493e-11
2.371888735847908e-11
2.648054992715413e-11
2.968942195681638e-11
3.343881352753415e-11
3.782203471937627e-11
4.293239561240688e-11
4.887405880119124e-11
5.580022915438666e-11
6.387795818632300e-11
7.328824638132411e-11
8.444444373007367e-11
9.795168397467299e-11
1.144205867819616e-10
1.343979318005508e-10
1.582829697018608e-10
1.864541754914869e-10
2.197163109625958e-10
2.620089053599207e-10
3.186703572931066e-10
3.950622652240756e-10
4.971404301936180e-10
6.325674532138512e-10
8.182731921631846e-10
1.075766609617897e-09
1.425364596856746e-09
1.928992253113805e-09
2.711371315257544e-09
3.896655919719502e-09
5.712859774807215e-09
8.592288113176245e-09
1.334301216836916e-08
2.121544186922493e-08
3.456092935712456e-08
5.764903608547368e-08
9.824067354073889e-08
1.702651223638571e-07
2.979779901584055e-07
5.216901403193783e-07
9.043975394666139e-07
1.537821839454572e-06
2.546630794324544e-06
4.091474352998269e-06
6.374441634305218e-06
9.651406322988069e-06
1.425273233701184e-05
2.061016912754770e-05
2.928603966322231e-05
4.100138308259318e-05
5.666309560009037e-05
7.739179551259603e-05
1.045503554114634e-04
1.397584978217399e-04
1.851422494918693e-04
2.427738821592118e-04
3.148745692110743e-04
4.031160512615883e-04
5.085613307580142e-04
6.306136139224637e-04
7.666107893526041e-04
9.118376946469565e-04
1.060099550167949e-03
1.204753227704563e-03
1.339860289308979e-03
1.461005487466503e-03
1.565634978865179e-03
1.652849186242491e-03
1.723442931757841e-03
1.779010691508764e-03
1.821467852549530e-03
1.852883843864642e-03
1.874795804918856e-03
1.888844257155078e-03
1.897119323932150e-03
1.900754745990673e-03
1.900599508935525e-03
1.897509178450136e-03
1.892042685081570e-03
1.884509342674948e-03
1.875300812246768e-03
1.864843845340772e-03
1.853559420760152e-03
1.841712091276527e-03
1.829396693400852e-03
1.816699552839847e-03
1.803702047337741e-03
1.790470091395239e-03
1.777066587070393e-03
1.763552618099029e-03
1.749970289907587e-03
1.736350416992410e-03
1.722723664201639e-03
1.709120696383415e-03
1.695572178385890e-03
1.682108775057206e-03
1.668757407000812e-03
1.655526225105498e-03
1.642417511125260e-03
1.629433544818278e-03
1.616576605942720e-03
1.603848974256767e-03
1.591252929153470e-03
1.578790595560961e-03
1.566463704849633e-03
1.554273926624433e-03
1.542222930490313e-03
1.530312386052219e-03
1.518543962915097e-03
1.506919304586622e-03
1.495438917933005e-03
1.484101758479751e-03
1.472906670191655e-03
1.461852497033520e-03
1.450938082970146e-03
1.440162271966323e-03
1.429523896029051e-03
1.419021614719430e-03
1.408653958086604e-03
1.398419453029948e-03
1.388316626448849e-03
1.378344005242678e-03
1.368500116310814e-03
1.358783459661741e-03
1.349192358857983e-03
1.339725066331092e-03
1.330379834316186e-03
1.321154915048375e-03
1.312048560762782e-03
1.303059023704701e-03
1.294184599670006e-03
1.285423727648489e-03
1.276774876016601e-03
1.268236513150796e-03
1.259807107427523e-03
1.251485127223240e-03
1.243269039086911e-03
1.235157160753071e-03
1.227147553411492e-03
1.219238252854217e-03
1.211427294873287e-03
1.203712715260741e-03
1.196092549808625e-03
1.188564887981412e-03
1.181128935586661e-03
1.173784952845911e-03
1.166533241254652e-03
1.159374102308387e-03
1.152307837502608e-03
1.145334748332815e-03
1.138454942267425e-03
1.131666838020645e-03
1.124967984777917e-03
1.118355924538495e-03
1.111828199301638e-03
1.105382351066598e-03
1.099015921832629e-03
1.092726453598991e-03
1.086511488364933e-03
1.080368568129715e-03
1.074295234892589e-03
1.068289030652810e-03
1.062347497409635e-03
1.056468180027868e-03
1.050649185152308e-03
1.044889851092980e-03
1.039189679494216e-03
1.033548172000340e-03
1.027964830255676e-03
1.022439155904555e-03
1.016970650591301e-03
1.011558815960240e-03
1.006203153655699e-03
1.000903165322003e-03
9.956583526034798e-04
9.904682171444543e-04
9.853322605892561e-04
9.802499710843847e-04
9.752206774675556e-04
9.702436046470478e-04
9.653179757465949e-04
9.604430138899347e-04
9.556179422008010e-04
9.508419838029289e-04
9.461143618200537e-04
9.414342993759093e-04
9.368010195942332e-04
9.322137455987582e-04
9.276717005132218e-04
9.231741074613591e-04
9.187201896509402e-04
9.143092402244645e-04
9.099407490714569e-04
9.056142404272446e-04
9.013292385271504e-04
8.970852676065024e-04
8.928818519006226e-04
8.887185156448359e-04
8.845947830744694e-04
8.805101784248459e-04
8.764642259312925e-04
8.724564498291344e-04
8.684863743536934e-04
8.645535237402973e-04
8.606574215486066e-04
8.567975801552220e-04
8.529735027438495e-04
8.491846922253650e-04
8.454306515106449e-04
8.417108835105642e-04
8.380248911360006e-04
8.343721772978288e-04
8.307522449069263e-04
8.271645968741694e-04
8.236087361104314e-04
8.200841655265911e-04
8.165903880335228e-04
8.131269065445799e-04
8.096933129243238e-04
8.062895230347934e-04
8.029155264848795e-04
7.995713128834673e-04
7.962568718394478e-04
7.929721929617078e-04
7.897172658591373e-04
7.864920801406242e-04
7.832966254150568e-04
7.801308912913236e-04
7.769948673783123e-04
7.738885432849131e-04
7.708119086200134e-04
7.677649435910762e-04
7.647473989316511e-04
7.617587882948322e-04
7.587986144104797e-04
7.558663800084506e-04
7.529615878186046e-04
7.500837405707990e-04
7.472323409948924e-04
7.444068918207427e-04
7.416068957782075e-04
7.388318555971465e-04
7.360812740074172e-04
7.333546537388772e-04
7.306514975213862e-04
7.279713080848015e-04
7.253135881589815e-04
7.226778404737844e-04
7.200635677590678e-04
7.174702727446912e-04
7.148974581605116e-04
7.123446267363891e-04
7.098112812021795e-04
7.072969242877428e-04
7.048010587229366e-04
7.023231872376186e-04
6.998628125616483e-04
6.974194374248832e-04
6.949925688362211e-04
6.925818801522199e-04
6.901872608209311e-04
6.878086147321663e-04
6.854458457757344e-04
6.830988578414479e-04
6.807675548191146e-04
6.784518405985467e-04
6.761516190695540e-04
6.738667941219462e-04
6.715972696455350e-04
6.693429495301294e-04
6.671037376655417e-04
6.648795379415803e-04
6.626702542480558e-04
6.604757904747797e-04
6.582960505115611e-04
6.561309382482115e-04
6.539803575745415e-04
6.518442123803594e-04
6.497224065554776e-04
6.476148439897052e-04
6.455214285728537e-04
6.434420641947322e-04
6.413766547451530e-04
6.393251041139247e-04
6.372873161908577e-04
6.352631951326516e-04
6.332526638016639e-04
6.312556757182351e-04
6.292721872445304e-04
6.273021547427130e-04
6.253455345749499e-04
6.234022831034049e-04
6.214723566902440e-04
6.195557116976319e-04
6.176523044877330e-04
6.157620914227140e-04
6.138850288647377e-04
6.120210731759710e-04
6.101701807185776e-04
6.083323078547239e-04
6.065074109465740e-04
6.046954463562934e-04
6.028963704460469e-04
6.011101395779991e-04
5.993367101143160e-04
5.975760384171622e-04
5.958280808487024e-04
5.940927937711027e-04
5.923701335465266e-04
5.906600565371404e-04
5.889625191051085e-04
5.872774776125964e-04
5.856048882536407e-04
5.839446807615702e-04
5.822967298078343e-04
5.806609031932257e-04
5.790370687185387e-04
5.774250941845663e-04
5.758248473921014e-04
5.742361961419383e-04
5.726590082348698e-04
5.710931514716895e-04
5.695384936531907e-04
5.679949025801661e-04
5.664622460534104e-04
5.649403918737158e-04
5.634292078418770e-04
5.619285617586857e-04
5.604383214249367e-04
5.589583546414227e-04
5.574885292089368e-04
5.560287129282734e-04
5.545787736002250e-04
5.531385790255854e-04
5.517079970051478e-04
5.502868953397052e-04
5.488751418300519e-04
5.474726042769803e-04
5.460791504812850e-04
5.446946482437579e-04
5.433189653651935e-04
5.419519696463847e-04
5.405935288881247e-04
5.392435108912076e-04
5.379017834564258e-04
5.365682143845741e-04
5.352426714764446e-04
5.339250225328306e-04
5.326151353545264e-04
5.313128777423246e-04
5.300181174970192e-04
5.287307224194037e-04
5.274505603102705e-04
5.261774989704137e-04
5.249114062006263e-04
5.236521498017022e-04
5.223995975744343e-04
5.211536173196167e-04
5.199140768380419e-04
5.186808439305035e-04
5.174537863977952e-04
5.162327720407099e-04
5.150176686600416e-04
5.138083440565837e-04
5.126046660311286e-04
5.114065023844707e-04
5.102137209197895e-04
5.090262115346626e-04
5.078439402242862e-04
5.066668893547614e-04
5.054950412921903e-04
5.043283784026734e-04
5.031668830523129e-04
5.020105376072096e-04
5.008593244334655e-04
4.997132258971819e-04
4.985722243644600e-04
4.974363022014014e-04
4.963054417741070e-04
4.951796254486792e-04
4.940588355912187e-04
4.929430545678270e-04
4.918322647446061e-04
4.907264484876564e-04
4.896255881630802e-04
4.885296661369784e-04
4.874386647754529e-04
4.863525664446048e-04
4.852713535105357e-04
4.841950083393468e-04
4.831235132971395e-04
4.820568507500155e-04
4.809950030640761e-04
4.799379526054225e-04
4.788856817401566e-04
4.778381728343795e-04
4.767954082541928e-04
4.757573703656977e-04
4.747240415349955e-04
4.736954041281881e-04
4.726714405113765e-04
4.716521330506627e-04
4.706374641121473e-04
4.696274160619324e-04
4.686219712661191e-04
4.676211120908087e-04
4.666248209021031e-04
4.656330800661035e-04
4.646458719489112e-04
4.636631789166276e-04
4.626849833353541e-04
4.617112675711924e-04
4.607420139902436e-04
4.597772049586098e-04
4.588168228423914e-04
4.578608500076905e-04
4.569092688206085e-04
4.559620616472464e-04
4.550192108537061e-04
4.540806988060886e-04
4.531465078704961e-04
4.522166209469543e-04
4.512910240534254e-04
4.503697043364310e-04
4.494526489440483e-04
4.485398450243555e-04
4.476312797254299e-04
4.467269401953494e-04
4.458268135821915e-04
4.449308870340338e-04
4.440391476989544e-04
4.431515827250305e-04
4.422681792603405e-04
4.413889244529614e-04
4.405138054509710e-04
4.396428094024473e-04
4.387759234554676e-04
4.379131347581100e-04
4.370544304584522e-04
4.361997977045713e-04
4.353492236445456e-04
4.345026954264523e-04
4.336602001983696e-04
4.328217251083750e-04
4.319872573045462e-04
4.311567839349607e-04
4.303302921476962e-04
4.295077690908307e-04
4.286892019124415e-04
4.278745777606067e-04
4.270638837834038e-04
4.262571071289104e-04
4.254542349452044e-04
4.246552543803631e-04
4.238601525824646e-04
4.230689166995865e-04
4.222815338798063e-04
4.214979912712022e-04
4.207182760218511e-04
4.199423752798313e-04
4.191702761932201e-04
4.184019659100956e-04
4.176374315785352e-04
4.168766603466168e-04
4.161196393624179e-04
4.153663557740161e-04
4.146167967294894e-04
4.138709493769153e-04
4.131288008643715e-04
4.123903383399359e-04
4.116555489516858e-04
4.109244198476992e-04
4.101969381760535e-04
4.094730910848268e-04
4.087528657220965e-04
4.080362486937786e-04
4.073232210087216e-04
4.066137603738029e-04
4.059078444532238e-04
4.052054509111848e-04
4.045065574118863e-04
4.038111416195295e-04
4.031191811983149e-04
4.024306538124432e-04
4.017455371261150e-04
4.010638088035310e-04
4.003854465088922e-04
3.997104279063989e-04
3.990387306602524e-04
3.983703324346526e-04
3.977052108938008e-04
3.970433437018975e-04
3.963847085231433e-04
3.957292830217392e-04
3.950770448618857e-04
3.944279717077836e-04
3.937820412236335e-04
3.931392310736360e-04
3.924995189219920e-04
3.918628824329021e-04
3.912292992705671e-04
3.905987470991878e-04
3.899712035829647e-04
3.893466463860986e-04
3.887250531727899e-04
3.881064016072398e-04
3.874906693536487e-04
3.868778340762175e-04
3.862678734391468e-04
3.856607651066371e-04
3.850564867428894e-04
3.844550160121041e-04
3.838563305784823e-04
3.832604081062247e-04
3.826672262595314e-04
3.820767627026037e-04
3.814889950996420e-04
3.809039011148473e-04
3.803214584124199e-04
3.797416446565610e-04
3.791644375114709e-04
3.785898146413503e-04
3.780177537104002e-04
3.774482323828209e-04
3.768812283228135e-04
3.763167191945786e-04
3.757546826623169e-04
3.751950963902290e-04
3.746379380425154e-04
3.740831852833773e-04
3.735308157770152e-04
3.729808071876296e-04
3.724331371794216e-04
3.718877834165915e-04
3.713447235633402e-04
3.708039352838683e-04
3.702653962423767e-04
3.697290841030660e-04
3.691949765301369e-04
3.686630511877901e-04
3.681332857402261e-04
3.676056578516460e-04
3.670801451862503e-04
3.665567254082395e-04
3.660353761818149e-04
3.655160751711765e-04
3.649988000405254e-04
3.644835284540622e-04
3.639702380759877e-04
3.634589065705025e-04
3.629495116018072e-04
3.624420308341030e-04
3.619364419315899e-04
3.614327225584691e-04
3.609308503789411e-04
3.604308030572066e-04
3.599325582574665e-04
3.594360936439213e-04
3.589413868807718e-04
3.584484156322186e-04
3.579571575624624e-04
3.574675903357041e-04
3.569796916161441e-04
3.564934390679836e-04
3.560088103554227e-04
3.555257831426625e-04
3.550443350939036e-04
3.545644438733466e-04
3.540860871451925e-04
3.536092425736417e-04
3.531338878228950e-04
3.526600005571531e-04
3.521875584406167e-04
3.517165391374866e-04
3.512469203119632e-04
3.507786796282477e-04
3.503117947505404e-04
3.498462433430422e-04
3.493820030699537e-04
3.489190515954756e-04
3.484573665838087e-04
3.479969256991535e-04
3.475377066057111e-04
3.470796871170667e-04
3.466228530216932e-04
3.461672019321156e-04
3.457127324177057e-04
3.452594430478355e-04
3.448073323918770e-04
3.443563990192018e-04
3.439066414991821e-04
3.434580584011896e-04
3.430106482945965e-04
3.425644097487745e-04
3.421193413330958e-04
3.416754416169320e-04
3.412327091696551e-04
3.407911425606372e-04
3.403507403592499e-04
3.399115011348655e-04
3.394734234568558e-04
3.390365058945926e-04
3.386007470174478e-04
3.381661453947934e-04
3.377326995960014e-04
3.373004081904438e-04
3.368692697474921e-04
3.364392828365188e-04
3.360104460268953e-04
3.355827578879938e-04
3.351562169891861e-04
3.347308218998443e-04
3.343065711893402e-04
3.338834634270457e-04
3.334614971823329e-04
3.330406710245734e-04
3.326209835231393e-04
3.322024332474027e-04
3.317850187667352e-04
3.313687386505089e-04
3.309535914680957e-04
3.305395757888675e-04
3.301266901821962e-04
3.297149332174538e-04
3.293043034640123e-04
3.288947994912433e-04
3.284864198685191e-04
3.280791631652113e-04
3.276730279506921e-04
3.272680127943333e-04
3.268641162655067e-04
3.264613369335844e-04
3.260596733679383e-04
3.256591241379403e-04
3.252596878129622e-04
3.248613629623760e-04
3.244641481555538e-04
3.240680419618673e-04
3.236730429506886e-04
3.232791496913894e-04
3.228863607533417e-04
3.224946747059176e-04
3.221040901184888e-04
3.217146055604273e-04
3.213262196011051e-04
3.209389308098940e-04
3.205527377561660e-04
3.201676390092930e-04
3.197836331386469e-04
3.194007187135996e-04
3.190188943035231e-04
3.186381584777894e-04
3.182585098057702e-04
3.178799468568376e-04
3.175024682003633e-04
3.171260724057195e-04
3.167507580422780e-04
3.163765236794108e-04
3.160033678864896e-04
3.156312892328865e-04
3.152602862879735e-04
3.148903576211222e-04
3.145215018017049e-04
3.141537173990933e-04
3.137870029826594e-04
3.134213571217751e-04
3.130567783858124e-04
3.126932653441432e-04
3.123308165661391e-04
3.119694306211724e-04
3.116091060786150e-04
3.112498415078387e-04
3.108916354782154e-04
3.105344865591171e-04
3.101783933199158e-04
3.098233543299832e-04
3.094693681586914e-04
3.091164333754123e-04
3.087645485495177e-04
3.084137122503799e-04
3.080639230473703e-04
3.077151795098611e-04
3.073674802072242e-04
3.070208237088314e-04
3.066752085840549e-04
3.063306334022662e-04
3.059870967328377e-04
3.056445971451411e-04
3.053031332085482e-04
3.049627034924311e-04
3.046233065661616e-04
3.042849409991120e-04
3.039476049317212e-04
3.036112947887006e-04
3.032760065658281e-04
3.029417362588823e-04
3.026084798636416e-04
3.022762333758841e-04
3.019449927913885e-04
3.016147541059332e-04
3.012855133152963e-04
3.009572664152564e-04
3.006300094015917e-04
3.003037382700808e-04
2.999784490165022e-04
2.996541376366337e-04
2.993308001262541e-04
2.990084324811417e-04
2.986870306970750e-04
2.983665907698322e-04
2.980471086951918e-04
2.977285804689321e-04
2.974110020868314e-04
2.970943695446683e-04
2.967786788382211e-04
2.964639259632681e-04
2.961501069155879e-04
2.958372176909585e-04
2.955252542851587e-04
2.952142126939664e-04
2.949040889131604e-04
2.945948789385190e-04
2.942865787658204e-04
2.939791843908432e-04
2.936726918093655e-04
2.933670970171660e-04
2.930623960100229e-04
2.927585847837146e-04
2.924556593340195e-04
2.921536156567161e-04
2.918524497475826e-04
2.915521576023973e-04
2.912527352169389e-04
2.909541785869855e-04
2.906564837083155e-04
2.903596465767074e-04
2.900636631879396e-04
2.897685295377904e-04
2.894742416220382e-04
2.891807954364613e-04
2.888881869768383e-04
2.885964122389474e-04
2.883054672185670e-04
2.880153479114755e-04
2.877260503134512e-04
2.874375704202727e-04
2.871499042277181e-04
2.868630477315660e-04
2.865769969275946e-04
2.862917478115825e-04
2.860072963793079e-04
2.857236386265493e-04
2.854407705490850e-04
2.851586881426933e-04
2.848773874031529e-04
2.845968643262418e-04
2.843171149077386e-04
2.840381351434216e-04
2.837599210290692e-04
2.834824685604597e-04
2.832057737333717e-04
2.829298325435834e-04
2.826546409868732e-04
2.823801950590194e-04
2.821064907558006e-04
2.818335240729951e-04
2.815612910063813e-04
2.812897875517374e-04
2.810190097048419e-04
2.807489534614733e-04
2.804796148174097e-04
2.802109897684297e-04
2.799430743103116e-04
2.796758644388339e-04
2.794093561497749e-04
2.791435454389129e-04
2.788784283020263e-04
2.786140007348935e-04
2.783502587332931e-04
2.780871982930033e-04
2.778248154098023e-04
2.775631060794687e-04
2.773020662977807e-04
2.770416920605169e-04
2.767819793634557e-04
2.765229242023752e-04
2.762645225730540e-04
2.760067704712706e-04
2.757496638928030e-04
2.754931988334298e-04
2.752373712889295e-04
2.749821772550804e-04
2.747276127276606e-04
2.744736737024488e-04
2.742203561752234e-04
2.739676561417625e-04
2.737155695978446e-04
2.734640925392484e-04
2.732132209617518e-04
2.729629508611334e-04
2.727132783894834e-04
2.724642016304854e-04
2.722157199706109e-04
2.719678328207355e-04
2.717205395917352e-04
2.714738396944848e-04
2.712277325398603e-04
2.709822175387370e-04
2.707372941019908e-04
2.704929616404969e-04
2.702492195651309e-04
2.700060672867685e-04
2.697635042162851e-04
2.695215297645562e-04
2.692801433424575e-04
2.690393443608644e-04
2.687991322306525e-04
2.685595063626973e-04
2.683204661678744e-04
2.680820110570593e-04
2.678441404411275e-04
2.676068537309546e-04
2.673701503374161e-04
2.671340296713875e-04
2.668984911437444e-04
2.666635341653624e-04
2.664291581471169e-04
2.661953624998836e-04
2.659621466345380e-04
2.657295099619555e-04
2.654974518930117e-04
2.652659718385823e-04
2.650350692095424e-04
2.648047434167680e-04
2.645749938711345e-04
2.643458199835175e-04
2.641172211647923e-04
2.638891968258347e-04
2.636617463775201e-04
2.634348692307241e-04
2.632085647963221e-04
2.629828324851899e-04
2.627576717082029e-04
2.625330818762365e-04
2.623090624001664e-04
2.620856126908682e-04
2.618627321592172e-04
2.616404202160891e-04
2.614186762723595e-04
2.611974997389038e-04
2.609768900265976e-04
2.607568465463164e-04
2.605373687089359e-04
2.603184559253315e-04
2.601001076063786e-04
2.598823231629531e-04
2.596651020059301e-04
2.594484435461855e-04
2.592323471945947e-04
2.590168123620333e-04
2.588018384593766e-04
2.585874248975004e-04
2.583735710872803e-04
2.581602764395915e-04
2.579475403653098e-04
2.577353622753108e-04
2.575237415804699e-04
2.573126776916625e-04
2.571021700197643e-04
2.568922179756510e-04
2.566828209701978e-04
2.564739784142805e-04
2.562656897187745e-04
2.560579542945555e-04
2.558507715524987e-04
2.556441409034800e-04
2.554380617583748e-04
2.552325335280586e-04
2.550275556234071e-04
2.548231274552957e-04
2.546192484345999e-04
2.544159179721952e-04
2.542131354789572e-04
2.540109003657617e-04
2.538092120434839e-04
2.536080699229994e-04
2.534074734151839e-04
2.532074219309127e-04
2.530079148810615e-04
2.528089516765059e-04
2.526105317281212e-04
2.524126544467832e-04
2.522153192433673e-04
2.520185255287491e-04
2.518222727138039e-04
2.516265602094075e-04
2.514313874264355e-04
2.512367537757633e-04
2.510426586682663e-04
2.508491015148202e-04
2.506560817263007e-04
2.504635987135831e-04
2.502716518875429e-04
2.500802406590560e-04
2.498893644389975e-04
2.496990226382431e-04
2.495092146676684e-04
2.493199399381489e-04
2.491311978565655e-04
2.489429875207393e-04
2.487553075046128e-04
2.485681563313831e-04
2.483815325242471e-04
2.481954346064019e-04
2.480098611010445e-04
2.478248105313719e-04
2.476402814205812e-04
2.474562722918693e-04
2.472727816684333e-04
2.470898080734700e-04
2.469073500301769e-04
2.467254060617505e-04
2.465439746913880e-04
2.463630544422865e-04
2.461826438376430e-04
2.460027414006544e-04
2.458233456545178e-04
2.456444551224302e-04
2.454660683275887e-04
2.452881837931902e-04
2.451108000424318e-04
2.449339155985103e-04
2.447575289846230e-04
2.445816387239667e-04
2.444062433397387e-04
2.442313413551357e-04
2.440569312933549e-04
2.438830116775933e-04
2.437095810310478e-04
2.435366378769154e-04
2.433641807383934e-04
2.431922081386786e-04
2.430207186009680e-04
2.428497106484586e-04
2.426791828043476e-04
2.425091335918318e-04
2.423395615341083e-04
2.421704651543742e-04
2.420018429758263e-04
2.418336935216618e-04
2.416660153150777e-04
2.414988068792710e-04
2.413320667374387e-04
2.411657934127779e-04
2.409999854284855e-04
2.408346413077584e-04
2.406697595737938e-04
2.405053387497888e-04
2.403413773589402e-04
2.401778739244452e-04
2.400148269695006e-04
2.398522350173036e-04
2.396900965910512e-04
2.395284102139403e-04
2.393671744091681e-04
2.392063876999314e-04
2.390460486094274e-04
2.388861556608530e-04
2.387267073774053e-04
2.385677022822812e-04
2.384091388986778e-04
2.382510157497922e-04
2.380933313588212e-04
2.379360842489620e-04
2.377792729434114e-04
2.376228959653668e-04
2.374669518380248e-04
2.373114390845827e-04
2.371563562282375e-04
2.370017017921860e-04
2.368474742996253e-04
2.366936722737525e-04
2.365402942377646e-04
2.363873387148586e-04
2.362348042282315e-04
2.360826893010803e-04
2.359309924566021e-04
2.357797122179938e-04
2.356288471084525e-04
2.354783956511751e-04
2.353283563693588e-04
2.351787277862005e-04
2.350295084248973e-04
2.348806968086461e-04
2.347322914606439e-04
2.345842909040879e-04
2.344366936621749e-04
2.342894982581020e-04
2.341427032150663e-04
2.339963070562647e-04
2.338503083048943e-04
2.337047054841520e-04
2.335594971172350e-04
2.334146817273402e-04
2.332702578376646e-04
2.331262239714053e-04
2.329825786517591e-04
2.328393204019233e-04
2.326964477450947e-04
2.325539592044705e-04
2.324118533032476e-04
2.322701285646230e-04
2.321287835117938e-04
2.319878166679569e-04
2.318472265563094e-04
2.317070117000484e-04
2.315671706223707e-04
2.314277018464735e-04
2.312886038955537e-04
2.311498752928084e-04
2.310115145614345e-04
2.308735202246292e-04
2.307358908055894e-04
2.305986248275120e-04
2.304617208135943e-04
2.303251772870330e-04
2.301889927710254e-04
2.300531657887684e-04
2.299176948634590e-04
2.297825785182942e-04
2.296478152764710e-04
2.295134036611865e-04
2.293793421956376e-04
2.292456294030215e-04
2.291122638065350e-04
2.289792439293752e-04
2.288465682947393e-04
2.287142354258239e-04
2.285822438458264e-04
2.284505920779437e-04
2.283192786453728e-04
2.281883020713107e-04
2.280576608789544e-04
2.279273535915010e-04
2.277973787321474e-04
2.276677348240907e-04
2.275384203905279e-04
2.274094339546560e-04
2.272807740396720e-04
2.271524391687730e-04
2.270244278651559e-04
2.268967386520178e-04
2.267693700525556e-04
2.266423205899666e-04
2.265155887874474e-04
2.263891731681954e-04
2.262630722554073e-04
2.261372845722804e-04
2.260118086420115e-04
2.258866429877977e-04
2.257617861328361e-04
2.256372366003235e-04
2.255129929134571e-04
2.253890535954339e-04
2.252654171694509e-04
2.251420821587050e-04
2.250190470863934e-04
2.248963104757130e-04
2.247738708498608e-04
2.246517267320338e-04
2.245298766454292e-04
2.244083191132439e-04
2.242870526586748e-04
2.241660758049190e-04
2.240453870751736e-04
2.239249849926356e-04
2.238048680805019e-04
2.236850348619696e-04
2.235654838602357e-04
2.234462135984972e-04
2.233272225999512e-04
2.232085093877946e-04
2.230900724852244e-04
2.229719104154377e-04
2.228540217016315e-04
2.227364048670029e-04
2.226190584347487e-04
2.225019809280662e-04
2.223851708701521e-04
2.222686267842036e-04
2.221523471934178e-04
2.220363306209915e-04
2.219205755901219e-04
2.218050806240058e-04
2.216898442458405e-04
2.215748649788228e-04
2.214601413461497e-04
2.213456718710185e-04
2.212314550766259e-04
2.211174894861690e-04
2.210037736228449e-04
2.208903060098506e-04
2.207770851703830e-04
2.206641096276392e-04
2.205513779048163e-04
2.204388885251111e-04
2.203266400117208e-04
2.202146308878424e-04
2.201028596766729e-04
2.199913249014092e-04
2.198800250852484e-04
2.197689587513876e-04
2.196581244230237e-04
2.195475206233537e-04
2.194371458755748e-04
2.193269987028838e-04
2.192170776284778e-04
2.191073811755538e-04
2.189979078673090e-04
2.188886562269400e-04
2.187796247776442e-04
2.186708120426185e-04
2.185622165450598e-04
2.184538368081653e-04
2.183456713551319e-04
2.182377187487423e-04
2.181299781440974e-04
2.180224491522660e-04
2.179151313960460e-04
2.178080244982352e-04
2.177011280816314e-04
2.175944417690325e-04
2.174879651832364e-04
2.173816979470408e-04
2.172756396832437e-04
2.171697900146429e-04
2.170641485640362e-04
2.169587149542215e-04
2.168534888079966e-04
2.167484697481594e-04
2.166436573975077e-04
2.165390513788395e-04
2.164346513149524e-04
2.163304568286444e-04
2.162264675427133e-04
2.161226830799569e-04
2.160191030631732e-04
2.159157271151599e-04
2.158125548587149e-04
2.157095859166361e-04
2.156068199117213e-04
2.155042564667683e-04
2.154018952045750e-04
2.152997357479393e-04
2.151977777196589e-04
2.150960207425318e-04
2.149944644393558e-04
2.148931084329287e-04
2.147919523460483e-04
2.146909958015127e-04
2.145902384221194e-04
2.144896798306665e-04
2.143893196499518e-04
2.142891575027731e-04
2.141891930119282e-04
2.140894258002150e-04
2.139898554904315e-04
2.138904817053753e-04
2.137913040678444e-04
2.136923222006366e-04
2.135935357265497e-04
2.134949442683816e-04
2.133965474489302e-04
2.132983448909932e-04
2.132003362173686e-04
2.131025210508542e-04
2.130048990142478e-04
2.129074697303473e-04
2.128102328219505e-04
2.127131879118554e-04
2.126163346228596e-04
2.125196725777610e-04
2.124232013993576e-04
2.123269207104472e-04
2.122308301338276e-04
2.121349292922966e-04
2.120392178086522e-04
2.119436953056921e-04
2.118483614062142e-04
2.117532157330163e-04
2.116582579088964e-04
2.115634875566522e-04
2.114689042990816e-04
2.113745077589825e-04
2.112802975591526e-04
2.111862733223898e-04
2.110924346714921e-04
2.109987812292572e-04
2.109053126184829e-04
2.108120284619672e-04
2.107189283825078e-04
2.106260120029027e-04
2.105332789459496e-04
2.104407288344465e-04
2.103483612911911e-04
2.102561759389813e-04
2.101641724006150e-04
2.100723502988900e-04
2.099807092566042e-04
2.098892488965553e-04
2.097979688415413e-04
2.097068687143600e-04
2.096159481378091e-04
2.095252067346868e-04
2.094346441277906e-04
2.093442599399186e-04
2.092540537938684e-04
2.091640253124381e-04
2.090741741184254e-04
2.089844998346281e-04
2.088950020838442e-04
2.088056804888714e-04
2.087165346725077e-04
2.086275642575508e-04
2.085387688667987e-04
2.084501481230490e-04
2.083617016490998e-04
2.082734290677489e-04
2.081853300017941e-04
2.080974040740332e-04
2.080096509072641e-04
2.079220701242846e-04
2.078346613478927e-04
2.077474242008860e-04
2.076603583060626e-04
2.075734632862202e-04
2.074867387641567e-04
2.074001843626699e-04
2.073137997045577e-04
2.072275844126179e-04
2.071415381096484e-04
2.070556604184470e-04
2.069699509618116e-04
2.068844093625399e-04
2.067990352434300e-04
2.067138282272796e-04
2.066287879368865e-04
2.065439139950486e-04
2.064592060245638e-04
2.063746636482298e-04
2.062902864888446e-04
2.062060741692060e-04
2.061220263121119e-04
2.060381425403600e-04
2.059544224767483e-04
2.058708657440746e-04
2.057874719651367e-04
2.057042407627324e-04
2.056211717596597e-04
2.055382645787164e-04
2.054555188427003e-04
2.053729341744092e-04
2.052905101966411e-04
2.052082465321937e-04
2.051261428038650e-04
2.050441986344527e-04
2.049624136467547e-04
2.048807874635689e-04
2.047993197076931e-04
2.047180100019251e-04
2.046368579690627e-04
2.045558632319040e-04
2.044750254132467e-04
2.043943441358885e-04
2.043138190226275e-04
2.042334496962614e-04
2.041532357795881e-04
2.040731768954054e-04
2.039932726665112e-04
2.039135227157034e-04
2.038339266657796e-04
2.037544841395379e-04
2.036751947597761e-04
2.035960581492920e-04
2.035170739308834e-04
2.034382417273483e-04
2.033595611614843e-04
2.032810318560896e-04
2.032026534339617e-04
2.031244255178987e-04
2.030463477306983e-04
2.029684196951584e-04
2.028906410340768e-04
2.028130113702515e-04
2.027355303264801e-04
2.026581975255607e-04
2.025810125902909e-04
2.025039751434687e-04
2.024270848078920e-04
2.023503412063586e-04
2.022737439616662e-04
2.021972926966129e-04
2.021209870339963e-04
2.020448265966145e-04
2.019688110072651e-04
2.018929398887461e-04
2.018172128638553e-04
2.017416295553905e-04
2.016661895861496e-04
2.015908925789305e-04
2.015157381565310e-04
2.014407259417489e-04
2.013658555573822e-04
2.012911266262285e-04
2.012165387710858e-04
2.011420916147520e-04
2.010677847800249e-04
2.009936178897022e-04
2.009195905665820e-04
2.008457024334620e-04
2.007719531131400e-04
2.006983422284140e-04
2.006248694020817e-04
2.005515342569410e-04
2.004783364157898e-04
2.004052755014259e-04
2.003323511366472e-04
2.002595629442515e-04
2.001869105470366e-04
2.001143935678004e-04
2.000420116293408e-04
1.999697643544555e-04
1.998976513659425e-04
1.998256722865996e-04
1.997538267392245e-04
1.996821143466153e-04
1.996105347315698e-04
1.995390875168857e-04
1.994677723253609e-04
1.993965887797933e-04
1.993255365029807e-04
1.992546151177210e-04
1.991838242468119e-04
1.991131635130515e-04
1.990426325392375e-04
1.989722309481677e-04
1.989019583626400e-04
1.988318144054523e-04
1.987617986994024e-04
1.986919108672881e-04
1.986221505319073e-04
1.985525173160578e-04
1.984830108425376e-04
1.984136307341444e-04
1.983443766136761e-04
1.982752481039305e-04
1.982062448277054e-04
1.981373664077989e-04
1.980686124670085e-04
1.979999826281323e-04
1.979314765139681e-04
1.978630937473137e-04
1.977948339509669e-04
1.977266967477257e-04
1.976586817603878e-04
1.975907886117511e-04
1.975230169246135e-04
1.974553663217728e-04
1.973878364260268e-04
1.973204268601734e-04
1.972531372470105e-04
1.971859672093359e-04
1.971189163699474e-04
1.970519843516428e-04
1.969851707772202e-04
1.969184752694771e-04
1.968518974512117e-04
1.967854369452216e-04
1.967190933743047e-04
1.966528663612589e-04
1.965867555288821e-04
1.965207604999719e-04
1.964548808973264e-04
1.963891163437434e-04
1.963234664620207e-04
1.962579308749561e-04
1.961925092053475e-04
1.961272010759928e-04
1.960620061096897e-04
1.959969239292362e-04
1.959319541574302e-04
1.958670964170694e-04
1.958023503309516e-04
1.957377155218747e-04
1.956731916126367e-04
1.956087782260353e-04
1.955444749848684e-04
1.954802815119338e-04
1.954161974300293e-04
1.953522223619529e-04
1.952883559305023e-04
1.952245977584755e-04
1.951609474686702e-04
1.950974046838844e-04
1.950339690269158e-04
1.949706401205623e-04
1.949074175876218e-04
1.948443010508920e-04
1.947812901331710e-04
1.947183844572564e-04
1.946555836459461e-04
1.945928873220381e-04
1.945302951083300e-04
1.944678066276198e-04
1.944054215027055e-04
1.943431393563846e-04
1.942809598114552e-04
1.942188824907151e-04
1.941569070169621e-04
1.940950330129941e-04
1.940332601016088e-04
1.939715879056043e-04
1.939100160477783e-04
1.938485441509286e-04
1.937871718378531e-04
1.937258987313497e-04
1.936647244542162e-04
1.936036486292504e-04
1.935426708792503e-04
1.934817908270136e-04
1.934210080953381e-04
1.933603223070218e-04
1.932997330848625e-04
1.932392400516581e-04
1.931788428302063e-04
1.931185410433050e-04
1.930583343137521e-04
1.929982222643455e-04
1.929382045178829e-04
1.928782806971622e-04
1.928184504249814e-04
1.927587133241381e-04
1.926990690174303e-04
1.926395171276558e-04
1.925800572776124e-04
1.925206890900981e-04
1.924614121879105e-04
1.924022261938477e-04
1.923431307307075e-04
1.922841254212876e-04
1.922252098883860e-04
1.921663837548005e-04
1.921076466433289e-04
1.920489981767691e-04
1.919904379779189e-04
1.919319656695763e-04
1.918735808745389e-04
1.918152832156047e-04
1.917570723155715e-04
1.916989477972372e-04
1.916409092833996e-04
1.915829563968566e-04
1.915250887604060e-04
1.914673059968457e-04
1.914096077289734e-04
1.913519935795871e-04
1.912944631714846e-04
1.912370161274638e-04
1.911796520703225e-04
1.911223706228585e-04
1.910651714078696e-04
1.910080540481539e-04
1.909510181665090e-04
1.908940633857329e-04
1.908371893286233e-04
1.907803956179781e-04
1.907236818765953e-04
1.906670477272725e-04
1.906104927928078e-04
1.905540166959989e-04
1.904976190596436e-04
1.904412995065398e-04
1.903850576594854e-04
1.903288931412782e-04
1.902728055747160e-04
1.902167945825968e-04
1.901608597877183e-04
1.901050008128784e-04
1.900492172808750e-04
1.899935088145058e-04
1.899378750365688e-04
1.898823155698618e-04
1.898268300371826e-04
1.897714180613291e-04
1.897160792650991e-04
1.896608132712905e-04
1.896056197027012e-04
1.895504981821288e-04
1.894954483323715e-04
1.894404697762268e-04
1.893855621364929e-04
1.893307250359674e-04
1.892759580974481e-04
1.892212609437331e-04
1.891666331976200e-04
1.891120744819068e-04
1.890575844193913e-04
1.890031626328714e-04
1.889488087451448e-04
1.888945223790095e-04
1.888403031572633e-04
1.887861507027040e-04
1.887320646381295e-04
1.886780445863376e-04
1.886240901701263e-04
1.885702010122932e-04
1.885163767356363e-04
1.884626169629535e-04
1.884089213170424e-04
1.883552894207012e-04
1.883017208967275e-04
1.882482153679192e-04
1.881947724570741e-04
1.881413917869902e-04
1.880880729804653e-04
1.880348156602971e-04
1.879816194492835e-04
1.879284839702225e-04
1.878754088459119e-04
1.878223936991494e-04
1.877694381527329e-04
1.877165418294604e-04
1.876637043521295e-04
1.876109253435383e-04
1.875582044264845e-04
1.875055412237660e-04
1.874529353581805e-04
1.874003864525261e-04
1.873478941296005e-04
1.872954580122015e-04
1.872430777231271e-04
1.871907528851750e-04
1.871384831211432e-04
1.870862680538294e-04
1.870341073060315e-04
1.869820005005473e-04
1.869299472601748e-04
1.868779472077117e-04
1.868259999659559e-04
1.867741051577052e-04
1.867222624057575e-04
1.866704713329107e-04
1.866187315619625e-04
1.865670427157109e-04
1.865154044169537e-04
1.864638162884887e-04
1.864122779531137e-04
1.863607890336267e-04
1.863093491533585e-04
1.862579580486384e-04
1.862066157079103e-04
1.861553221537312e-04
1.861040774086575e-04
1.860528814952459e-04
1.860017344360534e-04
1.859506362536364e-04
1.858995869705518e-04
1.858485866093562e-04
1.857976351926064e-04
1.857467327428589e-04
1.856958792826706e-04
1.856450748345982e-04
1.855943194211983e-04
1.855436130650277e-04
1.854929557886430e-04
1.854423476146011e-04
1.853917885654585e-04
1.853412786637720e-04
1.852908179320983e-04
1.852404063929940e-04
1.851900440690160e-04
1.851397309827208e-04
1.850894671566653e-04
1.850392526134061e-04
1.849890873754999e-04
1.849389714655035e-04
1.848889049059734e-04
1.848388877194665e-04
1.847889199285395e-04
1.847390015557489e-04
1.846891326236517e-04
1.846393131548043e-04
1.845895431717637e-04
1.845398226970864e-04
1.844901517533292e-04
1.844405303630487e-04
1.843909585488017e-04
1.843414363331450e-04
1.842919637386351e-04
1.842425407878288e-04
1.841931675032828e-04
1.841438439075538e-04
1.840945700231986e-04
1.840453458727737e-04
1.839961714788360e-04
1.839470468639421e-04
1.838979720506487e-04
1.838489470615126e-04
1.837999719190904e-04
1.837510466459389e-04
1.837021712646147e-04
1.836533457976745e-04
1.836045702676752e-04
1.835558446971733e-04
1.835071691087256e-04
1.834585435248888e-04
1.834099679682195e-04
1.833614424612745e-04
1.833129670266106e-04
1.832645416867843e-04
1.832161664643525e-04
1.831678413818717e-04
1.831195664618988e-04
1.830713417269904e-04
1.830231671997032e-04
1.829750429025940e-04
1.829269688582194e-04
1.828789450891361e-04
1.828309716179009e-04
1.827830484670704e-04
1.827351756592014e-04
1.826873532168506e-04
1.826395811625746e-04
1.825918595189302e-04
1.825441883084740e-04
1.824965675537629e-04
1.824489972773535e-04
1.824014775018024e-04
1.823540082496664e-04
1.823065895435023e-04
1.822592214058667e-04
1.822119038593162e-04
1.821646369264077e-04
1.821174206296979e-04
1.820702549917433e-04
1.820231400351008e-04
1.819760757823271e-04
1.819290622559787e-04
1.818820994786125e-04
1.818351874727852e-04
1.817883262610535e-04
1.817415158659740e-04
1.816947563101035e-04
1.816480476159987e-04
1.816013898062162e-04
1.815547829033129e-04
1.815082269298453e-04
1.814617219083702e-04
1.814152678614444e-04
1.813688648116244e-04
1.813225127814671e-04
1.812762117935291e-04
1.812299618703671e-04
1.811837630345378e-04
1.811376153085980e-04
1.810915187151043e-04
1.810454732766135e-04
1.809994790156822e-04
1.809535359548672e-04
1.809076441167251e-04
1.808618035238127e-04
1.808160141986866e-04
1.807702761639037e-04
1.807245894420205e-04
1.806789540555938e-04
1.806333700271803e-04
1.805878373793367e-04
1.805423561346197e-04
1.804969263155861e-04
1.804515479447924e-04
1.804062210447954e-04
1.803609456381519e-04
1.803157217474185e-04
1.802705493951519e-04
1.802254286039089e-04
1.801803593962461e-04
1.801353417947203e-04
1.800903758218881e-04
1.800454615003063e-04
1.800005988525315e-04
1.799557879011206e-04
1.799110286686301e-04
1.798663211776168e-04
1.798216654506373e-04
1.797770615102485e-04
1.797325093790069e-04
1.796880090794694e-04
1.796435606341925e-04
1.795991640657331e-04
1.795548193966478e-04
1.795105266494933e-04
1.794662858468264e-04
1.794220970112037e-04
1.793779601651819e-04
1.793338753313178e-04
1.792898425321680e-04
1.792458617902892e-04
1.792019331282382e-04
1.791580565685717e-04
1.791142321338464e-04
1.790704598466189e-04
1.790267397294460e-04
1.789830718048844e-04
1.789394560954908e-04
1.788958926238219e-04
1.788523814124344e-04
1.788089224838850e-04
1.787655158607304e-04
1.787221615655273e-04
1.786788596208325e-04
1.786356100492025e-04
1.785924128731942e-04
1.785492681153643e-04
1.785061757982693e-04
1.784631359444662e-04
1.784201485765115e-04
1.783772137169619e-04
1.783343313883742e-04
1.782915016133051e-04
1.782487244143112e-04
1.782059998139494e-04
1.781633278347762e-04
1.781207084993484e-04
1.780781418302227e-04
1.780356278499558e-04
1.779931665811044e-04
1.779507580462252e-04
1.779084022678749e-04
1.778660992686103e-04
1.778238490709879e-04
1.777816516975647e-04
1.777395071708971e-04
1.776974155135420e-04
1.776553767480560e-04
1.776133908969959e-04
1.775714579829184e-04
1.775295780283801e-04
1.774877510559377e-04
1.774459770881481e-04
1.774042561475678e-04
1.773625882567536e-04
1.773209734382622e-04
1.772794117146503e-04
1.772379031084746e-04
1.771964476422918e-04
1.771550453386586e-04
1.771136962201317e-04
1.770724003092678e-04
1.770311576286237e-04
1.769899682007560e-04
1.769488320482214e-04
1.769077491935767e-04
1.768667196593785e-04
1.768257434681836e-04
1.767848206425486e-04
1.767439512050303e-04
1.767031351781854e-04
1.766623725845705e-04
1.766216634467424e-04
1.765810077872578e-04
1.765404056286733e-04
1.764998569935458e-04
1.764593619044318e-04
1.764189203838882e-04
1.763785324544716e-04
1.763381981387387e-04
1.762979174592462e-04
1.762576904385508e-04
1.762175170992093e-04
1.761773974637783e-04
1.761373315548145e-04
1.760973193948747e-04
1.760573610065155e-04
1.760174564122937e-04
1.759776056347660e-04
1.759378086964890e-04
1.758980656200194e-04
1.758583764279141e-04
1.758187411427296e-04
1.757791597870228e-04
1.757396323833502e-04
1.757001589542686e-04
1.756607395223347e-04
1.756213741101053e-04
1.755820627401369e-04
1.755428054349864e-04
1.755036022172103e-04
1.754644531093656e-04
1.754253581340087e-04
1.753863173136965e-04
1.753473306709856e-04
1.753083982284328e-04
1.752695200085947e-04
1.752306960340281e-04
1.751919263272896e-04
1.751532109109361e-04
1.751145498075241e-04
1.750759430396103e-04
1.750373906297516e-04
1.749988926005045e-04
1.749604489744259e-04
1.749220597740723e-04
1.748837250220006e-04
1.748454447407674e-04
1.748072189529294e-04
1.747690476810433e-04
1.747309309476658e-04
1.746928687753537e-04
1.746548611866636e-04
1.746169082041522e-04
1.745790098503764e-04
1.745411661478926e-04
1.745033771192577e-04
1.744656427870284e-04
1.744279631737613e-04
1.743903383020132e-04
1.743527681943408e-04
1.743152528733008e-04
1.742777923614499e-04
1.742403866813448e-04
1.742030358555421e-04
1.741657399065987e-04
1.741284988570712e-04
1.740913127295163e-04
1.740541815464907e-04
1.740171053305512e-04
1.739800841042543e-04
1.739431178901569e-04
1.739062067108157e-04
1.738693505887873e-04
1.738325495466285e-04
1.737958036068959e-04
1.737591127921463e-04
1.737224771249363e-04
1.736858966278227e-04
1.736493713233622e-04
1.736129012341115e-04
1.735764863826273e-04
1.735401267914662e-04
1.735038224831851e-04
1.734675734803406e-04
1.734313798054893e-04
1.733952414811881e-04
1.733591585299936e-04
1.733231309744626e-04
1.732871588371517e-04
1.732512421406176e-04
1.732153809074170e-04
1.731795751601067e-04
1.731438249212433e-04
1.731081302133836e-04
1.730724910590843e-04
1.730369074809020e-04
1.730013795013935e-04
1.729659071431155e-04
1.729304904286247e-04
1.728951293804777e-04
1.728598240212314e-04
1.728245743734423e-04
1.727893804596672e-04
1.727542423024629e-04
1.727191599243860e-04
1.726841333479931e-04
1.726491625958411e-04
1.726142476904867e-04
1.725793886544865e-04
1.725445855103972e-04
1.725098382807755e-04
1.724751469881783e-04
1.724405116551620e-04
1.724059323042835e-04
1.723714089580995e-04
1.723369416391667e-04
1.723025303700417e-04
1.722681751732813e-04
1.722338760714422e-04
1.721996330870812e-04
1.721654462427547e-04
1.721313155610197e-04
1.720972410644328e-04
1.720632227755508e-04
1.720292607169302e-04
1.719953549111279e-04
1.719615053807005e-04
1.719277121482047e-04
1.718939752361972e-04
1.718602946672349e-04
1.718266704638742e-04
1.717931026486720e-04
1.717595912441850e-04
1.717261362729698e-04
1.716927377575832e-04
1.716593957205819e-04
1.716261101845226e-04
1.715928811719619e-04
1.715597087054567e-04
1.715265928075635e-04
1.714935335008391e-04
1.714605308078403e-04
1.714275847511236e-04
1.713946953532459e-04
1.713618626367638e-04
1.713290866242340e-04
1.712963673382133e-04
1.712637048012583e-04
1.712310990359257e-04
1.711985500647723e-04
1.711660579103547e-04
1.711336225952297e-04
1.711012441419540e-04
1.710689225730842e-04
1.710366579111771e-04
1.710044501787894e-04
1.709722993984778e-04
1.709402055927989e-04
1.709081687843096e-04
1.708761889955664e-04
1.708442662491262e-04
1.708124005675456e-04
1.707805919733813e-04
1.707488404891900e-04
1.707171461375284e-04
1.706855089409533e-04
1.706539289220213e-04
1.706224061032891e-04
1.705909405073135e-04
1.705595321566512e-04
1.705281810738588e-04
1.704968872814930e-04
1.704656508021106e-04
1.704344716582684e-04
1.704033498725229e-04
1.703722854674309e-04
1.703412784655490e-04
1.703103288894341e-04
1.702794367616427e-04
1.702486021047316e-04
1.702178249412576e-04
1.701871052937773e-04
1.701564431848474e-04
1.701258386370247e-04
1.700952916728657e-04
1.700648023149273e-04
1.700343705857662e-04
1.700039965079389e-04
1.699736801040024e-04
1.699434213965132e-04
1.699132204080280e-04
1.698830771611036e-04
1.698529916782967e-04
1.698229639821640e-04
1.697929940952622e-04
1.697630820401479e-04
1.697332278393779e-04
1.697034315155090e-04
1.696736930910977e-04
1.696440125887009e-04
1.696143900308751e-04
1.695848254401772e-04
1.695553188391638e-04
1.695258702503916e-04
1.694964796964174e-04
1.694671471997978e-04
1.694378727830895e-04
1.694086564688494e-04
1.693794982796339e-04
1.693503982379999e-04
1.693213563665042e-04
1.692923726877032e-04
1.692634472241539e-04
1.692345799984128e-04
1.692057710330367e-04
1.691770203505823e-04
1.691483279736062e-04
1.691196939246654e-04
1.690911182263163e-04
1.690626009011157e-04
1.690341419716203e-04
1.690057414603869e-04
1.689773993899721e-04
1.689491157829326e-04
1.689208906618252e-04
1.688927240492065e-04
1.688646159676332e-04
1.688365664396621e-04
1.688085754878499e-04
1.687806431347532e-04
1.687527694029288e-04
1.687249543149334e-04
1.686971978933237e-04
1.686695001606563e-04
1.686418611394881e-04
1.686142808523756e-04
1.685867593218756e-04
1.685592965705449e-04
1.685318926209401e-04
1.685045474956178e-04
1.684772612171349e-04
1.684500338080481e-04
1.684228652909139e-04
1.683957556882892e-04
1.683687050227306e-04
1.683417133167949e-04
1.683147805930388e-04
1.682879068740189e-04
1.682610921822919e-04
1.682343365404147e-04
1.682076399709438e-04
1.681810024964360e-04
1.681544241394480e-04
1.681279049225364e-04
1.681014448682581e-04
1.680750439991696e-04
1.680487023378278e-04
1.680224199067893e-04
1.679961967286108e-04
1.679700328258490e-04
1.679439282210606e-04
1.679178829368024e-04
1.678918969956310e-04
1.678659704201032e-04
1.678401032327756e-04
1.678142954562049e-04
1.677885471129479e-04
1.677628582255613e-04
1.677372288166018e-04
1.677116589086260e-04
1.676861485241906e-04
1.676606976858525e-04
1.676353064161683e-04
1.676099747376947e-04
1.675847026729883e-04
1.675594902446060e-04
1.675343374751044e-04
1.675092443870402e-04
1.674842110029701e-04
1.674592373454508e-04
1.674343234370391e-04
1.674094693002916e-04
1.673846749577650e-04
1.673599404320162e-04
1.673352657456016e-04
1.673106509210781e-04
1.672860959810024e-04
1.672616009479311e-04
1.672371658444210e-04
1.672127906930288e-04
1.671884755163112e-04
1.671642203368248e-04
1.671400251771265e-04
1.671158900597728e-04
1.670918150073205e-04
1.670678000423264e-04
1.670438451873471e-04
1.670199504649393e-04
1.669961158976597e-04
1.669723415080651e-04
1.669486273187120e-04
1.669249733521574e-04
1.669013796309577e-04
1.668778461776699e-04
1.668543730148504e-04
1.668309601650562e-04
1.668076076508438e-04
1.667843154947699e-04
1.667610837193914e-04
1.667379123472648e-04
1.667148014009469e-04
1.666917509029945e-04
1.666687608759641e-04
1.666458313424125e-04
1.666229623248964e-04
1.666001538459725e-04
1.665774059281976e-04
1.665547185941283e-04
1.665320918663213e-04
1.665095257673333e-04
1.664870203197211e-04
1.664645755460413e-04
1.664421914688507e-04
1.664198681107059e-04
1.663976054941637e-04
1.663754036417808e-04
1.663532625761138e-04
1.663311823197195e-04
1.663091628951546e-04
1.662872043249757e-04
1.662653066317397e-04
1.662434698380032e-04
1.662216939663228e-04
1.661999790392554e-04
1.661783250793576e-04
1.661567321091861e-04
1.661352001512976e-04
1.661137292282488e-04
1.660923193625965e-04
1.660709705768973e-04
1.660496828937080e-04
1.660284563355852e-04
1.660072909250857e-04
1.659861866847661e-04
1.659651436371832e-04
1.659441618048936e-04
1.659232412104541e-04
1.659023818764215e-04
1.658815838253523e-04
1.658608470798033e-04
1.658401716623312e-04
1.658195575954926e-04
1.657990049018444e-04
1.657785136039432e-04
1.657580837243457e-04
1.657377152856087e-04
1.657174083102888e-04
1.656971628209427e-04
1.656769788401271e-04
1.656568563903988e-04
1.656367954943144e-04
1.656167961744307e-04
1.655968584533043e-04
1.655769823534920e-04
1.655571678975505e-04
1.655374151080364e-04
1.655177240075065e-04
1.654980946185175e-04
1.654785269636261e-04
1.654590210653890e-04
1.654395769463629e-04
1.654201946291045e-04
1.654008741361705e-04
1.653816154901176e-04
1.653624187135026e-04
1.653432838288821e-04
1.653242108588128e-04
1.653051998258514e-04
1.652862507525547e-04
1.652673636614793e-04
1.652485385751820e-04
1.652297755162194e-04
1.652110745071483e-04
1.651924355705253e-04
1.651738587289073e-04
1.651553440048508e-04
1.651368914209126e-04
1.651185009996494e-04
1.651001727636179e-04
1.650819067353747e-04
1.650637029374767e-04
1.650455613924805e-04
1.650274821229428e-04
1.650094651514203e-04
1.649915105004698e-04
1.649736181926479e-04
1.649557882505113e-04
1.649380206966167e-04
1.649203155535209e-04
1.649026728437806e-04
1.648850925899524e-04
1.648675748145931e-04
1.648501195402593e-04
1.648327267895078e-04
1.648153965848953e-04
1.647981289489785e-04
1.647809239043140e-04
1.647637814734587e-04
1.647467016789691e-04
1.647296845434021e-04
1.647127300893142e-04
1.646958383392623e-04
1.646790093158030e-04
1.646622430414930e-04
1.646455395388890e-04
1.646288988305478e-04
1.646123209390260e-04
1.645958058868804e-04
1.645793536966676e-04
1.645629643909444e-04
1.645466379922674e-04
1.645303745231934e-04
1.645141740062790e-04
1.644980364640811e-04
1.644819619191562e-04
1.644659503940611e-04
1.644500019113525e-04
1.644341164935871e-04
1.644182941633216e-04
1.644025349431127e-04
1.643868388555171e-04
1.643712059230916e-04
1.643556361683927e-04
1.643401296139773e-04
1.643246862824020e-04
1.643093061962236e-04
1.642939893779987e-04
1.642787358502840e-04
1.642635456356363e-04
1.642484187566123e-04
1.642333552357686e-04
1.642183550956620e-04
1.642034183588492e-04
1.641885450478868e-04
1.641737351853317e-04
1.641589887937404e-04
1.641443058956697e-04
1.641296865136763e-04
1.641151306703170e-04
1.641006383881483e-04
1.640862096897271e-04
1.640718445976100e-04
1.640575431343537e-04
1.640433053225149e-04
1.640291311846504e-04
1.640150207433168e-04
1.640009740210709e-04
1.639869910404693e-04
1.639730718240688e-04
1.639592163944260e-04
1.639454247740978e-04
1.639316969856406e-04
1.639180330516114e-04
1.639044329945668e-04
1.638908968370634e-04
1.638774246016580e-04
1.638640163109074e-04
1.638506719873681e-04
1.638373916535970e-04
1.638241753321506e-04
1.638110230455858e-04
1.637979348164592e-04
1.637849106673276e-04
1.637719506207475e-04
1.637590546992759e-04
1.637462229254692e-04
1.637334553218844e-04
1.637207519110780e-04
1.637081127156067e-04
1.636955377580273e-04
1.636830270608965e-04
1.636705806467709e-04
1.636581985382074e-04
1.636458807577625e-04
1.636336273279930e-04
1.636214382714557e-04
1.636093136107071e-04
1.635972533683040e-04
1.635852575668032e-04
1.635733262287613e-04
1.635614593767350e-04
1.635496570332810e-04
1.635379192209561e-04
1.635262459623169e-04
1.635146372799201e-04
1.635030931963225e-04
1.634916137340808e-04
1.634801989157516e-04
1.634688487638917e-04
1.634575633010578e-04
1.634463425498065e-04
1.634351865326946e-04
1.634240952722788e-04
1.634130687911158e-04
1.634021071117623e-04
1.633912102567750e-04
1.633803782487106e-04
1.633696111101258e-04
1.633589088635774e-04
1.633482715316220e-04
1.633376991368163e-04
1.633271917017170e-04
1.633167492488808e-04
1.633063718008646e-04
1.632960593802248e-04
1.632858120095183e-04
1.632756297113018e-04
1.632655125081320e-04
1.632554604225655e-04
1.632454734771591e-04
1.632355516944695e-04
1.632256950970533e-04
1.632159037074674e-04
1.632061775482683e-04
1.631965166420129e-04
1.631869210112577e-04
1.631773906785596e-04
1.631679256664752e-04
1.631585259975612e-04
1.631491916943743e-04
1.631399227794713e-04
1.631307192754088e-04
1.631215812047436e-04
1.631125085900323e-04
1.631035014538317e-04
1.630945598186984e-04
1.630856837071892e-04
1.630768731418607e-04
1.630681281452698e-04
1.630594487399730e-04
1.630508349485271e-04
1.630422867934888e-04
1.630338042974147e-04
1.630253874828617e-04
1.630170363723864e-04
1.630087509885455e-04
1.630005313538957e-04
1.629923774909938e-04
1.629842894223963e-04
1.629762671706601e-04
1.629683107583419e-04
1.629604202079983e-04
1.629525955421860e-04
1.629448367834618e-04
1.629371439543823e-04
1.629295170775043e-04
1.629219561753845e-04
1.629144612705795e-04
1.629070323856462e-04
1.628996695431411e-04
1.628923727656210e-04
1.628851420756426e-04
1.628779774957626e-04
1.628708790485377e-04
1.628638467565246e-04
1.628568806422801e-04
1.628499807283607e-04
1.628431470373233e-04
1.628363795917245e-04
1.628296784141210e-04
1.628230435270696e-04
1.628164749531269e-04
1.628099727148497e-04
1.628035368347947e-04
1.627971673355185e-04
1.627908642395779e-04
1.627846275695295e-04
1.627784573479301e-04
1.627723535973365e-04
1.627663163403051e-04
1.627603455993930e-04
1.627544413971565e-04
1.627486037561526e-04
1.627428326989379e-04
1.627371282480692e-04
1.627314904261030e-04
1.627259192555962e-04
1.627204147591054e-04
1.627149769591873e-04
1.627096058783987e-04
1.627043015392962e-04
1.626990639644366e-04
1.626938931763765e-04
1.626887891976727e-04
1.626837520508818e-04
1.626787817585607e-04
1.626738783432659e-04
1.626690418275542e-04
1.626642722339822e-04
1.626595695851068e-04
1.626549339034846e-04
1.626503652116723e-04
1.626458635322265e-04
1.626414288877041e-04
1.626370613006617e-04
1.626327607936561e-04
1.626285273892439e-04
1.626243611099817e-04
1.626202619784265e-04
1.626162300171348e-04
1.626122652486633e-04
1.626083676955688e-04
1.626045373804079e-04
1.626007743257375e-04
1.625970785541141e-04
1.625934500880944e-04
1.625898889502353e-04
1.625863951630933e-04
1.625829687492252e-04
1.625796097311878e-04
1.625763181315376e-04
1.625730939728314e-04
1.625699372776259e-04
1.625668480684779e-04
1.625638263679440e-04
1.625608721985809e-04
1.625579855829454e-04
1.625551665435941e-04
1.625524151030837e-04
1.625497312839710e-04
1.625471151088126e-04
1.625445666001653e-04
1.625420857805858e-04
1.625396726726307e-04
1.625373272988568e-04
1.625350496818208e-04
1.625328398440794e-04
1.625306978081892e-04
1.625286235967071e-04
1.625266172321897e-04
1.625246787371936e-04
1.625228081342757e-04
1.625210054459926e-04
1.625192706949010e-04
1.625176039035577e-04
1.625160050945193e-04
1.625144742903425e-04
1.625130115135840e-04
1.625116167868006e-04
1.625102901325490e-04
1.625090315733858e-04
1.625078411318678e-04
1.625067188305517e-04
1.625056646919941e-04
1.625046787387518e-04
1.625037609933815e-04
1.625029114784399e-04
1.625021302164837e-04
1.625014172300696e-04
1.625007725417542e-04
1.625001961740944e-04
1.624996881496468e-04
1.624992484909682e-04
1.624988772206151e-04
1.624985743611444e-04
1.624983399351128e-04
1.624981739650768e-04
1.624980764735933e-04
1.624980474832190e-04
1.624980870165105e-04
1.624981950960246e-04
1.624983717443180e-04
1.624986169839473e-04
1.624989308374693e-04
1.624993133274407e-04
1.624997644764182e-04
1.625002843069585e-04
1.625008728416183e-04
1.625015301029542e-04
1.625022561135231e-04
1.625030508958817e-04
1.625039144725865e-04
1.625048468661943e-04
1.625058480992619e-04
1.625069181943459e-04
1.625080571740031e-04
1.625092650607901e-04
1.625105418772636e-04
1.625118876459805e-04
1.625133023894972e-04
1.625147861303707e-04
1.625163388911575e-04
1.625179606944144e-04
1.625196515626981e-04
1.625214115185652e-04
1.625232405845726e-04
1.625251387832768e-04
1.625271061372347e-04
1.625291426690029e-04
1.625312484011381e-04
1.625334233561970e-04
1.625356675567363e-04
1.625379810253127e-04
1.625403637844830e-04
1.625428158568039e-04
1.625453372648319e-04
1.625479280311240e-04
1.625505881782367e-04
1.625533177287267e-04
1.625561167051508e-04
1.625589851300657e-04
1.625619230260280e-04
1.625649304155946e-04
1.625680073213220e-04
1.625711537657670e-04
1.625743697714863e-04
1.625776553610367e-04
1.625810105569747e-04
1.625844353818571e-04
1.625879298582407e-04
1.625914940086821e-04
1.625951278557380e-04
1.625988314219651e-04
1.626026047299202e-04
1.626064478021599e-04
1.626103606612410e-04
1.626143433297201e-04
1.626183958301540e-04
1.626225181850994e-04
1.626267104171129e-04
1.626309725487513e-04
1.626353046025713e-04
1.626397066011295e-04
1.626441785669828e-04
1.626487205226878e-04
1.626533324908011e-04
1.626580144938796e-04
1.626627665544799e-04
1.626675886951587e-04
1.626724809384727e-04
1.626774433069786e-04
1.626824758232332e-04
1.626875785097931e-04
1.626927513892151e-04
1.626979944840558e-04
1.627033078168719e-04
1.627086914102202e-04
1.627141452866574e-04
1.627196694687402e-04
1.627252639790252e-04
1.627309288400692e-04
1.627366640744289e-04
1.627424697046610e-04
1.627483457533222e-04
1.627542922429691e-04
1.627603091961586e-04
1.627663966354473e-04
1.627725545833920e-04
1.627787830625492e-04
1.627850820954757e-04
1.627914517047283e-04
1.627978919128636e-04
1.628044027424384e-04
1.628109842160093e-04
1.628176363561331e-04
1.628243591853665e-04
1.628311527262660e-04
1.628380170013886e-04
1.628449520332908e-04
1.628519578445294e-04
1.628590344576611e-04
1.628661818952426e-04
1.628734001798306e-04
1.628806893339818e-04
1.628880493802528e-04
1.628954803412005e-04
1.629029822393816e-04
1.629105550973526e-04
1.629181989376704e-04
1.629259137828915e-04
1.629336996555729e-04
1.629415565782710e-04
1.629494845735427e-04
1.629574836639447e-04
1.629655538720336e-04
1.629736952203662e-04
1.629819077314992e-04
1.629901914279892e-04
1.629985463323930e-04
1.630069724672672e-04
1.630154698551687e-04
1.630240385186541e-04
1.630326784802800e-04
1.630413897626033e-04
1.630501723881806e-04
1.630590263795686e-04
1.630679517593240e-04
1.630769485500035e-04
1.630860167741639e-04
1.630951564543618e-04
1.631043676131539e-04
1.631136502730970e-04
1.631230044567477e-04
1.631324301866628e-04
1.631419274853990e-04
1.631514963755129e-04
1.631611368795613e-04
1.631708490201008e-04
1.631806328196883e-04
1.631904883008803e-04
1.632004154862336e-04
1.632104143983050e-04
1.632204850596510e-04
1.632306274928284e-04
1.632408417203940e-04
1.632511277649043e-04
1.632614856489163e-04
1.632719153949864e-04
1.632824170256714e-04
1.632929905635281e-04
1.633036360311131e-04
1.633143534509832e-04
1.633251428456951e-04
1.633360042378054e-04
1.633469376498708e-04
1.633579431044482e-04
1.633690206240941e-04
1.633801702313653e-04
1.633913919488185e-04
1.634026857990103e-04
1.634140518044976e-04
1.634254899878370e-04
1.634370003715852e-04
1.634485829782989e-04
1.634602378305348e-04
1.634719649508496e-04
1.634837643618001e-04
1.634956360859428e-04
1.635075801458347e-04
1.635195965640322e-04
1.635316853630923e-04
1.635438465655715e-04
1.635560801940265e-04
1.635683862710141e-04
1.635807648190910e-04
1.635932158608138e-04
1.636057394187393e-04
1.636183355154242e-04
1.636310041734252e-04
1.636437454152990e-04
1.636565592636023e-04
1.636694457408918e-04
1.636824048697242e-04
1.636954366726563e-04
1.637085411722446e-04
1.637217183910460e-04
1.637349683516171e-04
1.637482910765146e-04
1.637616865882953e-04
1.637751549095159e-04
1.637886960627329e-04
1.638023100705033e-04
1.638159969553836e-04
1.638297567399306e-04
1.638435894467009e-04
1.638574950982514e-04
1.638714737171386e-04
1.638855253259193e-04
1.638996499471502e-04
1.639138476033880e-04
1.639281183171894e-04
1.639424621111111e-04
1.639568790077098e-04
1.639713690295423e-04
1.639859321991652e-04
1.640005685391352e-04
1.640152780720090e-04
1.640300608203434e-04
1.640449168066950e-04
1.640598460536206e-04
1.640748485836769e-04
1.640899244194205e-04
1.641050735834081e-04
1.641202960981966e-04
1.641355919863425e-04
1.641509612704026e-04
1.641664039729336e-04
1.641819201164922e-04
1.641975097236351e-04
1.642131728169190e-04
1.642289094189006e-04
1.642447195521366e-04
1.642606032391837e-04
1.642765605025987e-04
1.642925913649382e-04
1.643086958487589e-04
1.643248739766175e-04
1.643411257710709e-04
1.643574512546755e-04
1.643738504499882e-04
1.643903233795657e-04
1.644068700659647e-04
1.644234905317418e-04
1.644401847994538e-04
1.644569528916573e-04
1.644737948309092e-04
1.644907106397660e-04
1.645077003407846e-04
1.645247639565216e-04
1.645419015095336e-04
1.645591130223775e-04
1.645763985176099e-04
1.645937580177875e-04
1.646111915454671e-04
1.646286991232052e-04
1.646462807735588e-04
1.646639365190843e-04
1.646816663823387e-04
1.646994703858784e-04
1.647173485522604e-04
1.647353009040412e-04
1.647533274637775e-04
1.647714282540262e-04
1.647896032973438e-04
1.648078526162871e-04
1.648261762334128e-04
1.648445741712776e-04
1.648630464524382e-04
1.648815930994513e-04
1.649002141348736e-04
1.649189095812619e-04
1.649376794611727e-04
1.649565237971629e-04
1.649754426117892e-04
1.649944359276081e-04
1.650135037671765e-04
1.650326461530511e-04
1.650518631077885e-04
1.650711546539454e-04
1.650905208140787e-04
1.651099616107449e-04
1.651294770665008e-04
1.651490672039030e-04
1.651687320455084e-04
1.651884716138735e-04
1.652082859315551e-04
1.652281750211100e-04
1.652481389050947e-04
1.652681776060660e-04
1.652882911465807e-04
1.653084795491954e-04
1.653287428364668e-04
1.653490810309517e-04
1.653694941552066e-04
1.653899822317885e-04
1.654105452832538e-04
1.654311833321595e-04
1.654518964010620e-04
1.654726845125183e-04
1.654935476890849e-04
1.655144859533186e-04
1.655354993277761e-04
1.655565878350140e-04
1.655777514975892e-04
1.655989903380582e-04
1.656203043789778e-04
1.656416936429048e-04
1.656631581523957e-04
1.656846979300074e-04
1.657063129982965e-04
1.657280033798197e-04
1.657497690971338e-04
1.657716101727953e-04
1.657935266293612e-04
1.658155184893879e-04
1.658375857754324e-04
1.658597285100511e-04
1.658819467158010e-04
1.659042404152386e-04
1.659266096309207e-04
1.659490543854040e-04
1.659715747012451e-04
1.659941706010008e-04
1.660168421072279e-04
1.660395892424829e-04
1.660624120293226e-04
1.660853104903038e-04
1.661082846479830e-04
1.661313345249171e-04
1.661544601436627e-04
1.661776615267765e-04
1.662009386968153e-04
1.662242916763357e-04
1.662477204878945e-04
1.662712251540482e-04
1.662948056973538e-04
1.663184621403678e-04
1.663421945056470e-04
1.663660028157481e-04
1.663898870932277e-04
1.664138473606426e-04
1.664378836405495e-04
1.664619959555052e-04
1.664861843280662e-04
1.665104487807893e-04
1.665347893362312e-04
1.665592060169486e-04
1.665836988454982e-04
1.666082678444368e-04
1.666329130363210e-04
1.666576344437075e-04
1.666824320891531e-04
1.667073059952144e-04
1.667322561844482e-04
1.667572826794111e-04
1.667823855026599e-04
1.668075646767512e-04
1.668328202242418e-04
1.668581521676884e-04
1.668835605296477e-04
1.669090453326764e-04
1.669346065993311e-04
1.669602443521686e-04
1.669859586137457e-04
1.670117494066190e-04
1.670376167533451e-04
1.670635606764809e-04
1.670895811985830e-04
1.671156783422082e-04
1.671418521299130e-04
1.671681025842544e-04
1.671944297277888e-04
1.672208335830731e-04
1.672473141726640e-04
1.672738715191181e-04
1.673005056449922e-04
1.673272165728429e-04
1.673540043252271e-04
1.673808689247013e-04
1.674078103938223e-04
1.674348287551468e-04
1.674619240312314e-04
1.674890962446330e-04
1.675163454179082e-04
1.675436715736137e-04
1.675710747343062e-04
1.675985549225425e-04
1.676261121608791e-04
1.676537464718729e-04
1.676814578780806e-04
1.677092464020587e-04
1.677371120663642e-04
1.677650548935535e-04
1.677930749061836e-04
1.678211721268110e-04
1.678493465779925e-04
1.678775982822847e-04
1.679059272622445e-04
1.679343335404284e-04
1.679628171393931e-04
1.679913780816955e-04
1.680200163898922e-04
1.680487320865400e-04
1.680775251941954e-04
1.681063957354152e-04
1.681353437327561e-04
1.681643692087749e-04
1.681934721860282e-04
1.682226526870727e-04
1.682519107344652e-04
1.682812463507624e-04
1.683106595585208e-04
1.683401503802974e-04
1.683697188386487e-04
1.683993649561314e-04
1.684290887553024e-04
1.684588902587182e-04
1.684887694889356e-04
1.685187264685113e-04
1.685487612200020e-04
1.685788737659644e-04
1.686090641289552e-04
1.686393323315311e-04
1.686696783962488e-04
1.687001023456650e-04
1.687306042023365e-04
1.687611839888199e-04
1.687918417276719e-04
1.688225774414493e-04
1.688533911527087e-04
1.688842828840069e-04
1.689152526579005e-04
)
;

boundaryField
{
    inlet
    {
        type            fixedValue;
        value           uniform 0;
    }
    outlet
    {
        type            zeroGradient;
    }
    wall
    {
        type            empty;
    }
}


// ************************************************************************* //
