/*--------------------------------*- C++ -*----------------------------------*\
  =========                 |
  \\      /  F ield         | OpenFOAM: The Open Source CFD Toolbox
   \\    /   O peration     | Website:  https://openfoam.org
    \\  /    A nd           | Version:  7
     \\/     M anipulation  |
\*---------------------------------------------------------------------------*/
FoamFile
{
    version     2.0;
    format      ascii;
    class       volScalarField;
    location    "1";
    object       T;
}
// * * * * * * * * * * * * * * * * * * * * * * * * * * * * * * * * * * * * * //

dimensions      [0 0 0 1 0 0 0];

internalField   nonuniform List<scalar>
4335
(
300.000000000000000
299.999999900195405
299.999999801082481
299.999999702659579
299.999999604925108
299.999999507877533
299.999999411515148
299.999999315836419
299.999999220839754
299.999999126523562
299.999999032886194
299.999998939926058
299.999998847641564
299.999998756031118
299.999998665093187
299.999998574826009
299.999998485228161
299.999998396297940
299.999998308033753
299.999998220434009
299.999998133497115
299.999998047221538
299.999997961605573
299.999997876647626
299.999997792346164
299.999997708699539
299.999997625706214
299.999997543364486
299.999997461672876
299.999997380629679
299.999997300233360
299.999997220482271
299.999997141374820
299.999997062909472
299.999996985084579
299.999996907898549
299.999996831349733
299.999996755436655
299.999996680157551
299.999996605510944
299.999996531495242
299.999996458108740
299.999996385349903
299.999996313217196
299.999996241708857
299.999996170823465
299.999996100559258
299.999996030914758
299.999995961888317
299.999995893478342
299.999995825683243
299.999995758501427
299.999995691931247
299.999995625971110
299.999995560619482
299.999995495874714
299.999995431735215
299.999995368199393
299.999995305265600
299.999995242932300
299.999995181197903
299.999995120060760
299.999995059519222
299.999994999571811
299.999994940216880
299.999994881452835
299.999994823278030
299.999994765690928
299.999994708689883
299.999994652273301
299.999994596439592
299.999994541187164
299.999994486514424
299.999994432419726
299.999994378901533
299.999994325958198
299.999994273588186
299.999994221789791
299.999994170561536
299.999994119901714
299.999994069808793
299.999994020281122
299.999993971317167
299.999993922915280
299.999993875073869
299.999993827791343
299.999993781066109
299.999993734896520
299.999993689281041
299.999993644218080
299.999993599705931
299.999993555743117
299.999993512327990
299.999993469458900
299.999993427134314
299.999993385352639
299.999993344112227
299.999993303411543
299.999993263248939
299.999993223622766
299.999993184531547
299.999993145973576
299.999993107947262
299.999993070451126
299.999993033483406
299.999992997042625
299.999992961127077
299.999992925735285
299.999992890865542
299.999992856516315
299.999992822685954
299.999992789372925
299.999992756575580
299.999992724292326
299.999992692521573
299.999992661261672
299.999992630511088
299.999992600268229
299.999992570531447
299.999992541299150
299.999992512569747
299.999992484341647
299.999992456613256
299.999992429382985
299.999992402649184
299.999992376410319
299.999992350664684
299.999992325410801
299.999992300647023
299.999992276371700
299.999992252583354
299.999992229280224
299.999992206460831
299.999992184123585
299.999992162266778
299.999992140888935
299.999992119988349
299.999992099563485
299.999992079612753
299.999992060134502
299.999992041127143
299.999992022589083
299.999992004518788
299.999991986914551
299.999991969774840
299.999991953098004
299.999991936882509
299.999991921126707
299.999991905829063
299.999991890987872
299.999991876601655
299.999991862668708
299.999991849187438
299.999991836156312
299.999991823573737
299.999991811438008
299.999991799747647
299.999991788501006
299.999991777696437
299.999991767332403
299.999991757407258
299.999991747919466
299.999991738867379
299.999991730249405
299.999991722063953
299.999991714309431
299.999991706984190
299.999991700086696
299.999991693615300
299.999991687568468
299.999991681944493
299.999991676741899
299.999991671958981
299.999991667594202
299.999991663645972
299.999991660112642
299.999991656992620
299.999991654284315
299.999991651986193
299.999991650096547
299.999991648613843
299.999991647536433
299.999991646862782
299.999991646591241
299.999991646720218
299.999991647248123
299.999991648173364
299.999991649494348
299.999991651209427
299.999991653317068
299.999991655815620
299.999991658703493
299.999991661979152
299.999991665640891
299.999991669687176
299.999991674116359
299.999991678926904
299.999991684117163
299.999991689685601
299.999991695630513
299.999991701950421
299.999991708643620
299.999991715708575
299.999991723143637
299.999991730947272
299.999991739117831
299.999991747653667
299.999991756553300
299.999991765815082
299.999991775437366
299.999991785418615
299.999991795757182
299.999991806451476
299.999991817499961
299.999991828900932
299.999991840652910
299.999991852754135
299.999991865203185
299.999991877998355
299.999991891138052
299.999991904620686
299.999991918444664
299.999991932608395
299.999991947110288
299.999991961948695
299.999991977122079
299.999991992628793
299.999992008467245
299.999992024635844
299.999992041132998
299.999992057957058
299.999992075106547
299.999992092579703
299.999992110375047
299.999992128490987
299.999992146925820
299.999992165678009
299.999992184745963
299.999992204128034
299.999992223822687
299.999992243828274
299.999992264143202
299.999992284765938
299.999992305694775
299.999992326928179
299.999992348464559
299.999992370302266
299.999992392439765
299.999992414875351
299.999992437607546
299.999992460634701
299.999992483955168
299.999992507567470
299.999992531469843
299.999992555660810
299.999992580138780
299.999992604902047
299.999992629949134
299.999992655278334
299.999992680888113
299.999992706776823
299.999992732942928
299.999992759384781
299.999992786100790
299.999992813089364
299.999992840348909
299.999992867877836
299.999992895674495
299.999992923737295
299.999992952064702
299.999992980655065
299.999993009506795
299.999993038618300
299.999993067987987
299.999993097614208
299.999993127495429
299.999993157630001
299.999993188016333
299.999993218652833
299.999993249537908
299.999993280669969
299.999993312047366
299.999993343668564
299.999993375531915
299.999993407635827
299.999993439978766
299.999993472559026
299.999993505375073
299.999993538425315
299.999993571708103
299.999993605221903
299.999993638965009
299.999993672935943
299.999993707133058
299.999993741554704
299.999993776199403
299.999993811065394
299.999993846151199
299.999993881455225
299.999993916975768
299.999993952711293
299.999993988660265
299.999994024820978
299.999994061191842
299.999994097771321
299.999994134557767
299.999994171549588
299.999994208745193
299.999994246142990
299.999994283741387
299.999994321538736
299.999994359533446
299.999994397723981
299.999994436108693
299.999994474686048
299.999994513454283
299.999994552411977
299.999994591557424
299.999994630889091
299.999994670405329
299.999994710104545
299.999994749985149
299.999994790045548
299.999994830284152
299.999994870699368
299.999994911289491
299.999994952053100
299.999994992988434
299.999995034094013
299.999995075368133
299.999995116809259
299.999995158415800
299.999995200186106
299.999995242118644
299.999995284211707
299.999995326463818
299.999995368873329
299.999995411438647
299.999995454158125
299.999995497030227
299.999995540053305
299.999995583225768
299.999995626546081
299.999995670012538
299.999995713623605
299.999995757377690
299.999995801273201
299.999995845308490
299.999995889481966
299.999995933792036
299.999995978237109
299.999996022815594
299.999996067525899
299.999996112366375
299.999996157335488
299.999996202431589
299.999996247653087
299.999996292998389
299.999996338465905
299.999996384054043
299.999996429761154
299.999996475585704
299.999996521526043
299.999996567580581
299.999996613747783
299.999996660025943
299.999996706413526
299.999996752908885
299.999996799510484
299.999996846216732
299.999996893025923
299.999996939936580
299.999996986946996
299.999997034055639
299.999997081260915
299.999997128561233
299.999997175954888
299.999997223440403
299.999997271016127
299.999997318680471
299.999997366431842
299.999997414268591
299.999997462189185
299.999997510191974
299.999997558275425
299.999997606437887
299.999997654677713
299.999997702993369
299.999997751383319
299.999997799845801
299.999997848379337
299.999997896982279
299.999997945653092
299.999997994390071
299.999998043191681
299.999998092056330
299.999998140982427
299.999998189968323
299.999998239012427
299.999998288113147
299.999998337268892
299.999998386478126
299.999998435739087
299.999998485050355
299.999998534410224
299.999998583817103
299.999998633269399
299.999998682765579
299.999998732303936
299.999998781882937
299.999998831500989
299.999998881156444
299.999998930847767
299.999998980573253
299.999999030331423
299.999999080120631
299.999999129939226
299.999999179785675
299.999999229658386
299.999999279555709
299.999999329476054
299.999999379417829
299.999999429379443
299.999999479359303
299.999999529355819
299.999999579367341
299.999999629392278
299.999999679429095
299.999999729476144
299.999999779531777
299.999999829594515
299.999999879662653
299.999999929734656
299.999999979808877
300.000000029883779
300.000000079957658
300.000000130029036
300.000000180096208
300.000000230157639
300.000000280211736
300.000000330256853
300.000000380291397
300.000000430313833
300.000000480322512
300.000000530315788
300.000000580292124
300.000000630249929
300.000000680187554
300.000000730103409
300.000000779995958
300.000000829863552
300.000000879704544
300.000000929517455
300.000000979300580
300.000001029052328
300.000001078771163
300.000001128455438
300.000001178103560
300.000001227713881
300.000001277284923
300.000001326814981
300.000001376302521
300.000001425745893
300.000001475143563
300.000001524493825
300.000001573795203
300.000001623045989
300.000001672244650
300.000001721389538
300.000001770479116
300.000001819511738
300.000001868485811
300.000001917399743
300.000001966251943
300.000002015040764
300.000002063764668
300.000002112422067
300.000002161011253
300.000002209530749
300.000002257978906
300.000002306354133
300.000002354654782
300.000002402879318
300.000002451026148
300.000002499093569
300.000002547080101
300.000002594984096
300.000002642803963
300.000002690538054
300.000002738184833
300.000002785742652
300.000002833209976
300.000002880585157
300.000002927866603
300.000002975052723
300.000003022141925
300.000003069132561
300.000003116023095
300.000003162811879
300.000003209497322
300.000003256077832
300.000003302551818
300.000003348917687
300.000003395173849
300.000003441318654
300.000003487350511
300.000003533267886
300.000003579069130
300.000003624752651
300.000003670316801
300.000003715760045
300.000003761080791
300.000003806277391
300.000003851348254
300.000003896291844
300.000003941106456
300.000003985790556
300.000004030342552
300.000004074760795
300.000004119043751
300.000004163189772
300.000004207197321
300.000004251064695
300.000004294790358
300.000004338372719
300.000004381810129
300.000004425101054
300.000004468243844
300.000004511236909
300.000004554078657
300.000004596767496
300.000004639301835
300.000004681680025
300.000004723900531
300.000004765961705
300.000004807861956
300.000004849599748
300.000004891173376
300.000004932581305
300.000004973821945
300.000005014893645
300.000005055794816
300.000005096523921
300.000005137079256
300.000005177459343
300.000005217662476
300.000005257687121
300.000005297531686
300.000005337194523
300.000005376674039
300.000005415968644
300.000005455076746
300.000005493996753
300.000005532727016
300.000005571266001
300.000005609612117
300.000005647763714
300.000005685719145
300.000005723476932
300.000005761035425
300.000005798392976
300.000005835548052
300.000005872499003
300.000005909244237
300.000005945782220
300.000005982111304
300.000006018229840
300.000006054136293
300.000006089829071
300.000006125306527
300.000006160567125
300.000006195609160
300.000006230431154
300.000006265031402
300.000006299408369
300.000006333560464
300.000006367486037
300.000006401183555
300.000006434651368
300.000006467887886
300.000006500891459
300.000006533660610
300.000006566193633
300.000006598488937
300.000006630544988
300.000006662360136
300.000006693932789
300.000006725261358
300.000006756344249
300.000006787179814
300.000006817766518
300.000006848102771
300.000006878186866
300.000006908017326
300.000006937592445
300.000006966910746
300.000006995970523
300.000007024770184
300.000007053308195
300.000007081582908
300.000007109592730
300.000007137336127
300.000007164811393
300.000007192016938
300.000007218951282
300.000007245612665
300.000007271999607
300.000007298110518
300.000007323943692
300.000007349497594
300.000007374770576
300.000007399761103
300.000007424467583
300.000007448888368
300.000007473021867
300.000007496866488
300.000007520420638
300.000007543682727
300.000007566651107
300.000007589324241
300.000007611700482
300.000007633778239
300.000007655555919
300.000007677031931
300.000007698204683
300.000007719072585
300.000007739633986
300.000007759887296
300.000007779830980
300.000007799463333
300.000007818782876
300.000007837787905
300.000007856476884
300.000007874848222
300.000007892900214
300.000007910631439
300.000007928040134
300.000007945124764
300.000007961883739
300.000007978315409
300.000007994418240
300.000008010190641
300.000008025630905
300.000008040737555
300.000008055508943
300.000008069943419
300.000008084039507
300.000008097795444
300.000008111209809
300.000008124280839
300.000008137007057
300.000008149386758
300.000008161418464
300.000008173100468
300.000008184431238
300.000008195409123
300.000008206032533
300.000008216299932
300.000008226209673
300.000008235760106
300.000008244949697
300.000008253776855
300.000008262239987
300.000008270337389
300.000008278067583
300.000008285428919
300.000008292419807
300.000008299038598
300.000008305283757
300.000008311153692
300.000008316646756
300.000008321761356
300.000008326495902
300.000008330848800
300.000008334818460
300.000008338403234
300.000008341601642
300.000008344411924
300.000008346832601
300.000008348861968
300.000008350498547
300.000008351740632
300.000008352586690
300.000008353035128
300.000008353084297
300.000008352732607
300.000008351978522
300.000008350820337
300.000008349256518
300.000008347285473
300.000008344905609
300.000008342115223
300.000008338912892
300.000008335296855
300.000008331265576
300.000008326817465
300.000008321950929
300.000008316664321
300.000008310956105
300.000008304824632
300.000008298268313
300.000008291285610
300.000008283874820
300.000008276034407
300.000008267762723
300.000008259058234
300.000008249919290
300.000008240344357
300.000008230331730
300.000008219879874
300.000008208987254
300.000008197652107
300.000008185872957
300.000008173648212
300.000008160976222
300.000008147855397
300.000008134284087
300.000008120260816
300.000008105783877
300.000008090851736
300.000008075462745
300.000008059615311
300.000008043307844
300.000008026538808
300.000008009306498
300.000007991609380
300.000007973445804
300.000007954814237
300.000007935712972
300.000007916140589
300.000007896095326
300.000007875575591
300.000007854579906
300.000007833106565
300.000007811154035
300.000007788720609
300.000007765804810
300.000007742404989
300.000007718519555
300.000007694146859
300.000007669285367
300.000007643933486
300.000007618089569
300.000007591751967
300.000007564919201
300.000007537589624
300.000007509761645
300.000007481433613
300.000007452603995
300.000007423271143
300.000007393433464
300.000007363089367
300.000007332237260
300.000007300875552
300.000007269002595
300.000007236616852
300.000007203716677
300.000007170300535
300.000007136366719
300.000007101913752
300.000007066939929
300.000007031443715
300.000006995423462
300.000006958877634
300.000006921804584
300.000006884202719
300.000006846070448
300.000006807406180
300.000006768208266
300.000006728475171
300.000006688205303
300.000006647396958
300.000006606048657
300.000006564158753
300.000006521725595
300.000006478747707
300.000006435223384
300.000006391151032
300.000006346529062
300.000006301355938
300.000006255630012
300.000006209349635
300.000006162513273
300.000006115119334
300.000006067166169
300.000006018652243
300.000005969575852
300.000005919935518
300.000005869729591
300.000005818956424
300.000005767614482
300.000005715702116
300.000005663217792
300.000005610159860
300.000005556526730
300.000005502316810
300.000005447528451
300.000005392160119
300.000005336210222
300.000005279677112
300.000005222559196
300.000005164854940
300.000005106562639
300.000005047680759
300.000004988207650
300.000004928141834
300.000004867481550
300.000004806225320
300.000004744371495
300.000004681918483
300.000004618864637
300.000004555208420
300.000004490948243
300.000004426082455
300.000004360609523
300.000004294527741
300.000004227835632
300.000004160531489
300.000004092613779
300.000004024080908
300.000003954931231
300.000003885163153
300.000003814775141
300.000003743765490
300.000003672132721
300.000003599875129
300.000003526991122
300.000003453479167
300.000003379337670
300.000003304564927
300.000003229159461
300.000003153119565
300.000003076443704
300.000002999130288
300.000002921177668
300.000002842584252
300.000002763348505
300.000002683468779
300.000002602943482
300.000002521770966
300.000002439949697
300.000002357478081
300.000002274354415
300.000002190577220
300.000002106144905
300.000002021055764
300.000001935308205
300.000001848900752
300.000001761831697
300.000001674099451
300.000001585702478
300.000001496639129
300.000001406907757
300.000001316506882
300.000001225434801
300.000001133689977
300.000001041270764
300.000000948175568
300.000000854402799
300.000000759950922
300.000000664818231
300.000000569003191
300.000000472504155
300.000000375319587
300.000000277447839
300.000000178887376
300.000000079636493
299.999999979693712
299.999999879064205
299.999999777768323
299.999999675828462
299.999999573267019
299.999999470106445
299.999999366369025
299.999999262077267
299.999999157253512
299.999999051920156
299.999998946099595
299.999998839814225
299.999998733086443
299.999998625938645
299.999998518393227
299.999998410472642
299.999998302199174
299.999998193595331
299.999998084683398
299.999997975485883
299.999997866025126
299.999997756323523
299.999997646403415
299.999997536287310
299.999997425997549
299.999997315556527
299.999997204986641
299.999997094310288
299.999996983549863
299.999996872727763
299.999996761866385
299.999996650988123
299.999996540115376
299.999996429270482
299.999996318475951
299.999996207754123
299.999996097127394
299.999995986618160
299.999995876248818
299.999995766041707
299.999995656019337
299.999995546204048
299.999995436618178
299.999995327284239
299.999995218224512
299.999995109461508
299.999995001017510
299.999994892914970
299.999994785176284
299.999994677823850
299.999994570880062
299.999994464367319
299.999994358308015
299.999994252724491
299.999994147639256
299.999994043074594
299.999993939052956
299.999993835596740
299.999993732728342
299.999993630470158
299.999993528844584
299.999993427873960
299.999993327580739
299.999993227987375
299.999993129116149
299.999993030989458
299.999992933629812
299.999992837059551
299.999992741301014
299.999992646376654
299.999992552308868
299.999992459119994
299.999992366832544
299.999992275468799
299.999992185051212
299.999992095602181
299.999992007144101
299.999991919699312
299.999991833290267
299.999991747939362
299.999991663668936
299.999991580501501
299.999991498459337
299.999991417564900
299.999991337840527
299.999991259308729
299.999991181991788
299.999991105912102
299.999991031092179
299.999990957554303
299.999990885320926
299.999990814414389
299.999990744857200
299.999990676671644
299.999990609880115
299.999990544505067
299.999990480568897
299.999990418094001
299.999990357102718
299.999990297617501
299.999990239660747
299.999990183254795
299.999990128422098
299.999990075184996
299.999990023565942
299.999989973587333
299.999989925271564
299.999989878640974
299.999989833717962
299.999989790524978
299.999989749084421
299.999989709418685
299.999989671550111
299.999989635501095
299.999989601294089
299.999989568951491
299.999989538495640
299.999989509948989
299.999989483333934
299.999989458672815
299.999989435988027
299.999989415302025
299.999989396637204
299.999989380015904
299.999989365460578
299.999989352993566
299.999989342637321
299.999989334414181
299.999989328346601
299.999989324456919
299.999989322767590
299.999989323300952
299.999989326079458
299.999989331125448
299.999989338461376
299.999989348109580
299.999989360092513
299.999989374432516
299.999989391152042
299.999989410273429
299.999989431819074
299.999989455811431
299.999989482272895
299.999989511225806
299.999989542692560
299.999989576695555
299.999989613257299
299.999989652400018
299.999989694146223
299.999989738518252
299.999989785538560
299.999989835229485
299.999989887613481
299.999989942712887
299.999990000550099
299.999990061147571
299.999990124527642
299.999990190712708
299.999990259725223
299.999990331587526
299.999990406322070
299.999990483951194
299.999990564497296
299.999990647982770
299.999990734430071
299.999990823861538
299.999990916299623
299.999991011766667
299.999991110285066
299.999991211877216
299.999991316565570
299.999991424372467
299.999991535320305
299.999991649431536
299.999991766728499
299.999991887233591
299.999992010969208
299.999992137957804
299.999992268221717
299.999992401783345
299.999992538665140
299.999992678889384
299.999992822478589
299.999992969455093
299.999993119841349
299.999993273659641
299.999993430932477
299.999993591682198
299.999993755931257
299.999993923701936
299.999994095016746
299.999994269898025
299.999994448368170
299.999994630449578
299.999994816164701
299.999995005535823
299.999995198585452
299.999995395335930
299.999995595809651
299.999995800029012
299.999996008016467
299.999996219794298
299.999996435385015
299.999996654810957
299.999996878094521
299.999997105258103
299.999997336324100
299.999997571314964
299.999997810252978
299.999998053160652
299.999998300060270
299.999998550974340
299.999998805925202
299.999999064935253
299.999999328026888
299.999999595222505
299.999999866544499
300.000000142009526
300.000000421500886
300.000000704768922
300.000000991558011
300.000001281612583
300.000001574677128
300.000001870496021
300.000002168813694
300.000002469374692
300.000002771923278
300.000003076204052
300.000003381961335
300.000003688939614
300.000003996883322
300.000004305536891
300.000004614644695
300.000004923951280
300.000005233201023
300.000005542138410
300.000005850507762
300.000006158053623
300.000006464520368
300.000006769652487
300.000007073194354
300.000007374890458
300.000007674485232
300.000007971723051
300.000008266348402
300.000008558105719
300.000008846739433
300.000009131993977
300.000009413613782
300.000009691343280
300.000009964926960
300.000010234109141
300.000010498634367
300.000010758247015
300.000011012691573
300.000011261712473
300.000011505054033
300.000011742460856
300.000011973677260
300.000012198447735
300.000012416516711
300.000012627628621
300.000012831527897
300.000013027958971
300.000013216666218
300.000013397394241
300.000013569887301
300.000013733889944
300.000013889146544
300.000014035401534
300.000014172399403
300.000014299884583
300.000014417601449
300.000014525294489
300.000014622708136
300.000014709586765
300.000014785674921
300.000014850716923
300.000014904457316
300.000014946640420
300.000014977010778
300.000014995312767
300.000015001290819
300.000014994689423
300.000014975252952
300.000014942725841
300.000014896852576
300.000014837377591
300.000014764045261
300.000014676600074
300.000014574786462
300.000014458348858
300.000014327031693
300.000014180579399
300.000014018736408
300.000013841247153
300.000013647856065
300.000013438307576
300.000013212346175
300.000012969716295
300.000012710162252
300.000012433428651
300.000012139259809
300.000011827400158
300.000011497594187
300.000011149586385
300.000010783121070
300.000010397942731
300.000009993795743
300.000009570424652
300.000009127573890
300.000008664987774
300.000008182410852
300.000007679587441
300.000007156262143
300.000006612179277
300.000006047083275
300.000005460718626
300.000004852829704
300.000004223161056
300.000003571457000
300.000002897462025
300.000002200920505
300.000001481576987
300.000000739175846
299.999999973462252
299.999999184511523
299.999998373247479
299.999997540728600
299.999996688013255
299.999995816159810
299.999994926226691
299.999994019272265
299.999993096354956
299.999992158533189
299.999991206865275
299.999990242409638
299.999989266224702
299.999988279368836
299.999987282900463
299.999986277877952
299.999985265359726
299.999984246404097
299.999983222069545
299.999982193414439
299.999981161497203
299.999980127376148
299.999979092109754
299.999978056756390
299.999977022374424
299.999975990022278
299.999974960758323
299.999973935640980
299.999972915728677
299.999971902079722
299.999970895752540
299.999969897805556
299.999968909297138
299.999967931285653
299.999966964829582
299.999966010987237
299.999965070817041
299.999964145377419
299.999963235726739
299.999962342923368
299.999961468025731
299.999960612092195
299.999959776181242
299.999958961351126
299.999958168660385
299.999957399167272
299.999956653930326
299.999955934007801
299.999955240458235
299.999954574339881
299.999953936711222
299.999953328630625
299.999952751156513
299.999952205347256
299.999951692261220
299.999951212956887
299.999950768492567
299.999950359926686
299.999949988317610
299.999949654723764
299.999949360203516
299.999949105815290
299.999948892617510
299.999948721668488
299.999948594026705
299.999948510750471
299.999948472898268
299.999948481528406
299.999948537699311
299.999948642469406
299.999948796897058
299.999949002040694
299.999949258958623
299.999949568709326
299.999949932351171
299.999950350942584
299.999950825541873
299.999951357207522
299.999951946997896
299.999952595971308
299.999953305186295
299.999954075701169
299.999954908574352
299.999955804864214
299.999956765629179
299.999957791927557
299.999958884817886
299.999960045358478
299.999961274607699
299.999962573623975
299.999963943465730
299.999965385191274
299.999966899859146
299.999968488527600
299.999970152255059
299.999971892100007
299.999973709120752
299.999975604375663
299.999977578923222
299.999979633821795
299.999981770129750
299.999983988905512
299.999986291207392
299.999988678093928
299.999991150623430
299.999993709854266
299.999996356844861
299.999999092653638
300.000001918338967
300.000004834016238
300.000007832831386
300.000010904806572
300.000014039949349
300.000017228267154
300.000020459767427
300.000023724457719
300.000027012345413
300.000030313438060
300.000033617743156
300.000036915268083
300.000040196020336
300.000043450007468
300.000046667236859
300.000049837716062
300.000052951452460
300.000055998453604
300.000058968726989
300.000061852279998
300.000064639120183
300.000067319254981
300.000069882691889
300.000072319438345
300.000074619501845
300.000076772889884
300.000078769609900
300.000080599669388
300.000082253075789
300.000083719836653
300.000084989959419
300.000086053451525
300.000086900320468
300.000087520573743
300.000087904218788
300.000088041263155
300.000087921714226
300.000087535579496
300.000086872866461
300.000085923582617
300.000084677735344
300.000083125332253
300.000081256380724
300.000079060888254
300.000076528862337
300.000073650310412
300.000070415239975
300.000066813658520
300.000062835573488
300.000058470992371
300.000053709922611
300.000048542371758
300.000042958347194
300.000036947856472
300.000030500907030
300.000023613952237
300.000016370955677
300.000008918947970
300.000001406351942
299.999993981590592
299.999986793086862
299.999979989263579
299.999973718543743
299.999968129350293
299.999963370106059
299.999959589234038
299.999956935157172
299.999955556298346
299.999955601080444
299.999957217926465
299.999960555259293
299.999965761501869
299.999972985077079
299.999982374407921
299.999994077917279
300.000008244028038
300.000025021163140
300.000044557745525
300.000067002198136
300.000092502943858
300.000121208405631
300.000153267006397
300.000188814129842
300.000227732132089
300.000269673931598
300.000314284139563
300.000361207367177
300.000410088225692
300.000460571326300
300.000512301280139
300.000564922698516
300.000618080192623
300.000671418373656
300.000724581852808
300.000777215241328
300.000828963150411
300.000879470191251
300.000928380975097
300.000975340113143
300.001019992216641
300.001061981896669
300.001100953764592
300.001136552431547
300.001168422508783
300.001196208607439
300.001219555338764
300.001238107314009
300.001251509144367
300.001259405441033
300.001261494864195
300.001259068108709
300.001255229883043
300.001253183577717
300.001256132583080
300.001267280289596
300.001289830087728
300.001326985367939
300.001381949520692
300.001457925936336
300.001558118005448
300.001685729118378
300.001843962665532
300.002036022037487
300.002265110624592
300.002534431817367
300.002847189006161
300.003206585581495
300.003615824933775
300.004078110453463
300.004596645530967
300.005174633556805
300.005815277921386
300.006521782015113
300.007297349228509
300.008145182951978
300.009068486575984
300.010070521722696
300.011157409131840
300.012339370259156
300.013626943281338
300.015030666375139
300.016561077717313
300.018228715484611
300.020044117853729
300.022017823001363
300.024160369104266
300.026482294339189
300.028994136882886
300.031706434911996
300.034629726603328
300.037784395492679
300.041259362363007
300.045172687473212
300.049642537892225
300.054787080688811
300.060724482931903
300.067572911690206
300.075450534032655
300.084475517028068
300.094766027745322
300.106440233253181
300.119616300620578
300.134412396916275
300.150948861990855
300.169553889771407
300.190932691805358
300.215830293293777
300.244991719437735
300.279161995438130
300.319086146496147
300.365513704707553
300.419296355368090
300.481387107586158
300.552743311483596
300.634322317182409
300.727081474804606
300.831978134472081
300.950289252197649
301.086254636063018
301.245719972802306
301.434546814970702
301.658596715123508
301.923731225816084
302.235811899603448
302.602070148869188
303.035927752404803
303.552554283364884
304.167459520904686
304.901818694551025
305.781483356767581
306.832454555195852
308.083109830830722
309.567318603317176
311.319723682301969
313.380390622685979
315.829261996006551
318.764075230294964
322.283250429903660
326.506529663936590
331.581069956336137
337.663631949782371
344.915338806665886
353.498095074021080
363.625352676240539
375.588422989398850
389.665208779016154
406.093513585450125
425.103514748460839
446.977381558661818
471.902567360933801
500.012297382898566
531.394236592757693
566.090060358173673
604.097612276889095
645.374810262876281
689.844232039304529
737.397500553527266
787.898366915078100
841.182964792860844
897.055722187945094
955.280140384078095
1015.565369476803426
1077.549262880220567
1140.785645161060529
1204.744342328192488
1268.813789750788146
1332.310954035223403
1394.498015036750985
1454.605174492500282
1511.861433654329858
1565.501086447701255
1614.863522344059220
1659.428640169755226
1698.877377072172976
1733.113781378807744
1762.248807057454997
1786.602976582962810
1806.665484139889486
1823.038419565985123
1836.343224777423757
1847.213956444055611
1856.206530405724607
1863.785444122211857
1870.300351281860912
1876.045585297496245
1881.229517957344115
1885.990825100004486
1890.428464246898557
1894.602020875048993
1898.557206544959399
1902.344004312910101
1905.983649297033935
1909.489394340074796
1912.875865330585611
1916.151567490927164
1919.320161801495033
1922.389719299025273
1925.370077222543841
1928.270956250912832
1931.098860302849744
1933.856803235349616
1936.547623756948042
1939.173765486428692
1941.736437318366370
1944.236607606869484
1946.675398802788095
1949.055541705396308
1951.380723982630798
1953.654645984616536
1955.881008061477587
1958.063510563336649
1960.205853840318468
1962.311335585384086
1964.381234990925350
1966.416200080873068
1968.416878664525257
1970.383918551181750
1972.317967550140111
1974.219673660046965
1976.089764984552630
1977.929173725050759
1979.738864114292255
1981.519800385026656
1983.272946770005547
1984.999267501979148
1986.699723115278402
1988.375113063138997
1990.026016947883136
1991.652998561818777
1993.256621697252058
1994.837450146489800
1996.396047701840644
1997.932974327362444
1999.448734779204187
2000.943792350738704
2002.418609326956130
2003.873647992844326
2005.309370633393428
2006.726239533592434
2008.124706225717773
2009.505151687604211
2010.867928454342746
2012.213388982479273
2013.541885728560601
2014.853771149131262
2016.149397696281085
2017.429098756412714
2018.693145028113122
2019.941794344999380
2021.175304540688330
2022.393933448797270
2023.597938902942587
2024.787578828407959
2025.963118614970881
2027.124836520630879
2028.273012077330577
2029.407924817013054
2030.529854271621616
2031.639079973098433
2032.735872932093798
2033.820326923268112
2034.892368317455748
2035.951916932640188
2036.998892586803095
2038.033215097927268
2039.054804283994599
2040.063613336886419
2041.059885925006938
2042.044015281269139
2043.016395874655700
2043.977422174149297
2044.927488648732833
2045.866989767389214
2046.796319999100888
2047.715873812851441
2048.626045677623097
2049.527230062398758
2050.419821436161783
2051.304214267894622
2052.180802505475640
2053.049877936332450
2053.911508367903480
2054.765731905063603
2055.612586652689060
2056.452110715654726
2057.284342198836839
2058.109319207110730
2058.927079845351727
2059.737662218435617
2060.541104431238182
2061.337444588634298
2062.126720795500205
2062.908971156711232
2063.684236785923076
2064.452594308084826
2065.214143514906482
2065.968984595888742
2066.717217740530486
2067.458943138332415
2068.194260978794773
2068.923271451416895
2069.646074745699480
2070.362771051142317
2071.073460557245653
2071.778243453509276
2072.477219929432977
2073.170490161380258
2073.858143393224964
2074.540238112523184
2075.216827437750908
2075.887964487386398
2076.553702379904735
2077.214094233783726
2077.869193167499816
2078.519052299530358
2079.163724748351342
2079.803263632440121
2080.437722070273139
2081.067153180327296
2081.691610081079489
2082.311146153521804
2082.925819123594920
2083.535690288949354
2084.140821053239506
2084.741272820118866
2085.337106993240468
2085.928384976258258
2086.515168172825724
2087.097517986596358
2087.675495821223649
2088.249163080361541
2088.818581167663524
2089.383811486783088
2089.944915440940804
2090.501938882701779
2091.054871022643965
2091.603688178750417
2092.148366669005100
2092.688882811391522
2093.225212923893196
2093.757333324493629
2094.285220331175879
2094.808850261924363
2095.328199434722137
2095.843244167552712
2096.353960778400051
2096.860325585246756
2097.362316941839708
2097.859962891658597
2098.353342815020824
2098.842538457534374
2099.327631564808144
2099.808703882451027
2100.285837156071466
2100.759113131278355
2101.228613553680134
2101.694420168885244
2102.156614722503036
2102.615278960141495
2103.070494627409971
2103.522343469916450
2103.970907233269827
2104.416267663078997
2104.858506504952402
2105.297705504498936
2105.733946407327039
2106.167310959045153
2106.597880905262627
2107.025737991587448
2107.450963963628965
2107.873640566995164
2108.293849547294940
2108.711672650137189
2109.127191621130351
2109.540487414091331
2109.951610201931544
2110.360570172079406
2110.767374839663717
2111.172031719815095
2111.574548327663251
2111.974932178338349
2112.373190786970554
2112.769331668689574
2113.163362338625575
2113.555290311908720
2113.945123103668720
2114.332868229035739
2114.718533203139941
2115.102125541111491
2115.483652758079643
2115.863122369175471
2116.240541889527776
2116.615918834267632
2116.989260718524292
2117.360575057428377
2117.729869366110051
2118.097151159698569
2118.462427953324095
2118.825707262117248
2119.186996601207284
2119.546303485724820
2119.903635386615861
2120.258996678078347
2120.612386658835931
2120.963804157145205
2121.313248001262309
2121.660717019443837
2122.006210039946382
2122.349725891025173
2122.691263400936805
2123.030821397938325
2123.368398710284509
2123.703994166233315
2124.037606594039516
2124.369234821960163
2124.698877678251392
2125.026533991168890
2125.352202588969703
2125.675882299909972
2125.997571952245380
2126.317270374232976
2126.634976394127989
2126.950688840187468
2127.264406540667551
2127.576128323824378
2127.885853017914087
2128.193579451192818
2128.499306451917164
2128.803032893577438
2129.104764768825589
2129.404522884519338
2129.702329896042556
2129.998208458779573
2130.292181228113805
2130.584270859429580
2130.874500008111227
2131.162891329541708
2131.449467479105806
2131.734251112187394
2132.017264884170345
2132.298531450438077
2132.578073466375372
2132.855913587365649
2133.132074468793235
2133.406578766042003
2133.679449134495826
2133.950708229538122
2134.220378706553674
2134.488483220926355
2134.755044428039582
2135.020084983278139
2135.283627542024988
2135.545694759664912
2135.806309291581329
2136.065493793158566
2136.323270919780498
2136.579663326830541
2136.834693669693479
2137.088384603753184
2137.340758784393074
2137.591838866997477
2137.841647506950267
2138.090207359635315
2138.337541080436495
2138.583671324738134
2138.828620747924106
2139.072412005378283
2139.315067752484538
2139.556610644626744
2139.797063337189229
2140.036448485555411
2140.274788745110072
2140.512106771236176
2140.748425219318506
2140.983766744740478
2141.218154002886422
2141.451609649140210
2141.684156338885259
2141.915816727506353
2142.146613470386910
2142.376569222911257
2142.605706640463268
2142.834048377983436
2143.061612984726253
2143.288404869128954
2143.514425397508603
2143.739675936182721
2143.964157851468826
2144.187872509683984
2144.410821277145715
2144.633005520171082
2144.854426605078515
2145.075085898184170
2145.294984765806475
2145.514124574262496
2145.732506689869297
2145.950132478944852
2146.167003307806226
2146.383120542770484
2146.598485550156056
2146.813099696279551
2147.026964347458488
2147.240080870010388
2147.452450630252315
2147.664074994502243
2147.874955329077693
2148.085093000295274
2148.294489374472960
2148.503145817927816
2148.711063696977817
2148.918244377940027
2149.124689227131512
2149.330399610870245
2149.535376895473291
2149.739622447258171
2149.943137632542403
2150.145923817643506
2150.347982368878547
2150.549314652565045
2150.749922035020063
2150.949805882561577
2151.148967561507106
2151.347408438173716
2151.545129878878470
2151.742133249939343
2151.938419917673855
2152.133991248398615
2152.328848608431599
2152.522993364090780
2152.716426881692314
2152.909150527554175
2153.101165667994337
2153.292473669329411
2153.483075897876915
2153.672973719954825
2153.862168501880205
2154.050661609970120
2154.238454321734480
2154.425547396076126
2154.611941404185018
2154.797636916991451
2154.982634505426176
2155.166934740420402
2155.350538192903969
2155.533445433808083
2155.715657034063497
2155.897173564600962
2156.077995596350775
2156.258123700243686
2156.437558447210449
2156.616300408182269
2156.794350154089443
2156.971708255862268
2157.148375284431950
2157.324351810729240
2157.499638405684436
2157.674235640228744
2157.848144085292461
2158.021364311806337
2158.193896890701126
2158.365742392907578
2158.536901389356444
2158.707374450978477
2158.877162148703974
2159.046265053464140
2159.214683736188817
2159.382418767809668
2159.549470719256988
2159.715840161461529
2159.881527665354042
2160.046533801865280
2160.210859141925539
2160.374504256465571
2160.537469716416581
2160.699756092708867
2160.861363956273635
2161.022293878040728
2161.182546428941350
2161.342122179906255
2161.501021701865739
2161.659245565751007
2161.816794342492813
2161.973668603020997
2162.129868918267221
2162.285395859161781
2162.440249996634975
2162.594431901618464
2162.747942145042089
2162.900781297837057
2163.052949930933664
2163.204448615262663
2163.355278132976764
2163.505441446800432
2163.654942805878363
2163.803786475982633
2163.951976722885320
2164.099517812357590
2164.246414010171065
2164.392669582098279
2164.538288793910851
2164.683275911380406
2164.827635200278564
2164.971370926376949
2165.114487355448091
2165.256988753263158
2165.398879385594228
2165.540163518212921
2165.680845416891316
2165.820929347401034
2165.960419575513242
2166.099320367000928
2166.237635987634803
2166.375370703187400
2166.512528779429886
2166.649114482134337
2166.785132077072831
2166.920585830016989
2167.055480006737980
2167.189818873008335
2167.323606694599675
2167.456847737283624
2167.589546266832258
2167.721706549017199
2167.853332849610069
2167.984429434382491
2168.115000569106996
2168.245050519554752
2168.374583551497835
2168.503603930707868
2168.632115922956473
2168.760123794015726
2168.887631809657250
2169.014644235653122
2169.141165337774964
2169.267199381794399
2169.392750633483047
2169.517823358613441
2169.642421822956749
2169.766550292284592
2169.890213032369502
2170.013414308982647
2170.136158387896103
2170.258449534881493
2170.380292015710893
2170.501690096155471
2170.622648041987759
2170.743170118978924
2170.863260592901042
2170.982923729526192
2171.102163794625540
2171.220985053971162
2171.339391773335137
2171.457388218488632
2171.574978655204177
2171.692167349252941
2171.808958566407000
2171.925356572437977
2172.041365633117948
2172.156990014218081
2172.272233981510908
2172.387101800768050
2172.501597737760676
2172.615726058261316
2172.729491028041593
2172.842896912872675
2172.955947978527092
2173.068648490776923
2173.181002715392879
2173.293014918147037
2173.404689364811929
2173.516030321158723
2173.627042052959041
2173.737728825985414
2173.848094906009010
2173.958144558801450
2174.067882050135267
2174.177311645781629
2174.286437611512156
2174.395264213099381
2174.503795716314926
2174.612036386929958
2174.719990490717009
2174.827662293447247
2174.935056060892748
2175.042176058825135
2175.149026553016483
2175.255611809238872
2175.361936093263012
2175.468003670861435
2175.573818807806219
2175.679385769868531
2175.784708822819994
2175.889792232433138
2175.994640264479585
2176.099257184730504
2176.203647258958426
2176.307814752934519
2176.411763932431313
2176.515499063219522
2176.619024380634528
2176.722342495106204
2176.825453607885265
2176.928357725261776
2177.031054853525347
2177.133544998966954
2177.235828167875752
2177.337904366542716
2177.439773601257912
2177.541435878310949
2177.642891203992804
2177.744139584592631
2177.845181026400951
2177.946015535708284
2178.046643118804241
2178.147063781979341
2178.247277531523650
2178.347284373727234
2178.447084314880158
2178.546677361272486
2178.646063519194740
2178.745242794936985
2178.844215194788831
2178.942980725041252
2179.041539391983406
2179.139891201906266
2179.238036161099899
2179.335974275853914
2179.433705552458832
2179.531229997204719
2179.628547616381638
2179.725658416280112
2179.822562403189750
2179.919259583401072
2180.015749963203689
2180.112033548888576
2180.208110346745343
2180.303980363064056
2180.399643604134781
2180.495100076248491
2180.590349785694343
2180.685392738762857
2180.780228941744099
2180.874858400928133
2180.969281122605935
2181.063497113066205
2181.157506378600374
2181.251308925497597
2181.344904760048848
2181.438293888543740
2181.531476317272791
2181.624452052525612
2181.717221100592724
2181.809783467764191
2181.902139160330080
2181.994288184580455
2182.086230546805837
2182.177966253296290
2182.269495310341426
2182.360817724232220
2182.451933501257827
2182.542842647709222
2182.633545169876015
2182.724041074048728
2182.814330366517424
2182.904413053572171
2182.994289141503032
2183.083958636600073
2183.173421545153360
2183.262677873453868
2183.351727627790751
2183.440570814454532
2183.529207439735274
2183.617637509923497
2183.705861031308359
2183.793878010181288
2183.881688452831440
2183.969292365549791
2184.056689754625495
2184.143880626349528
2184.230864987011500
2184.317642842901932
2184.404214200310435
2184.490579065527982
2184.576737444844184
2184.662689344549108
2184.748434770932818
2184.833973730285834
2184.919306228898222
2185.004432273060047
2185.089351869060920
2185.174065023192270
2185.258571741742799
2185.342872031003481
2185.426965897264381
2185.510853346815566
2185.594534385947100
2185.678009020949503
2185.761277258111932
2185.844339103725815
2185.927194564080310
2186.009843645465935
2186.092286354172757
2186.174522696490840
2186.256552678710705
2186.338376307122417
2186.419993588015586
2186.501404527680734
2186.582609132407924
2186.663607534448602
2186.744400369897448
2186.824988400811435
2186.905372389247077
2186.985553097259981
2187.065531286906662
2187.145307720244091
2187.224883159327874
2187.304258366214526
2187.383434102960564
2187.462411131622503
2187.541190214256403
2187.619772112918781
2187.698157589665698
2187.776347406553668
2187.854342325639209
2187.932143108978380
2188.009750518628152
2188.087165316643677
2188.164388265082380
2188.241420126000321
2188.318261661453562
2188.394913633498618
2188.471376804192005
2188.547651935589784
2188.623739789748925
2188.699641128724579
2188.775356714574173
2188.850887309353766
2188.926233675119420
2189.001396573928105
2189.076376767835427
2189.151175018897902
2189.225792089172046
2189.300228740714374
2189.374485735581402
2189.448563835828736
2189.522463803512892
2189.596186400690840
2189.669732389418186
2189.743102531751902
2189.816297589748046
2189.889318325462682
2189.962165500952779
2190.034839878273942
2190.107342219483144
2190.179673286636444
2190.251833841790358
2190.323824647000947
2190.395646464324727
2190.467300055818214
2190.538786183537468
2190.610105609539005
2190.681259095879341
2190.752247404614536
2190.823071297800652
2190.893731537494659
2190.964228885752618
2191.034564104631045
2191.104737956186000
2191.174751202473544
2191.244604605551103
2191.314298927473828
2191.383834930299145
2191.453213376082203
2191.522435026880430
2191.591500644749885
2191.660410991746630
2191.729166829926726
2191.797768921347597
2191.866218028064395
2191.934514912134091
2192.002660335613200
2192.070655060557783
2192.138499849023901
2192.206195463068525
2192.273742664747715
2192.341142216117987
2192.408394879234947
2192.475501416156021
2192.542462588936814
2192.609279159633843
2192.675951890303168
2192.742481543002214
2192.808868879786132
2192.875114662711439
2192.941219653835105
2193.007184615213191
2193.073010308901758
2193.138697496957775
2193.204246941436850
2193.269659404395497
2193.334935647890688
2193.400076433978029
2193.465082524714489
2193.529954682155676
2193.594693668358559
2193.659300245379200
2193.723775175273659
2193.788119220098906
2193.852333141911004
2193.916417702766466
2193.980373664721355
2194.044201789832186
2194.107902840155475
2194.171477577746828
2194.234926764663669
2194.298251162961606
2194.361451499059513
2194.424528058991200
2194.487480831767243
2194.550309800834839
2194.613014949639819
2194.675596261629835
2194.738053720251173
2194.800387308950576
2194.862597011174330
2194.924682810370086
2194.986644689983677
2195.048482633462299
2195.110196624252694
2195.171786645801149
2195.233252681555314
2195.294594714961022
2195.355812729465015
2195.416906708514489
2195.477876635555731
2195.538722494035937
2195.599444267401395
2195.660041939099301
2195.720515492575942
2195.780864911278059
2195.841090178652394
2195.901191278146143
2195.961168193205594
2196.021020907277034
2196.080749403808113
2196.140353666245119
2196.199833678034793
2196.259189422623422
2196.318420883458657
2196.377528043986331
2196.436510887653640
2196.495369397907325
2196.554103558193674
2196.612713351959883
2196.671198762652693
2196.729559773718393
2196.787796368604177
2196.845908530756788
2196.903896243622057
2196.961759490647637
2197.019498255280268
2197.077112520965784
2197.134602271151834
2197.191967489284707
2197.249208158811143
2197.306324263178340
2197.363315785832128
2197.420182710220161
2197.476925019788268
2197.533542697983648
2197.590035728253497
2197.646404094043646
2197.702647778801293
2197.758766765972723
2197.814761039005589
2197.870630581345722
2197.926375376439864
2197.981995407735212
2198.037490658678507
2198.092861112716037
2198.148106753294996
2198.203227563861674
2198.258223527863265
2198.313094628745603
2198.367840849956337
2198.422462174942211
2198.476958587149056
2198.531330070024524
2198.585576607014445
2198.639698181566473
2198.693694777126893
2198.747566377141993
2198.801312965059424
2198.854934524325017
2198.908431038385970
2198.961802490689024
2199.015048864680921
2199.068170143808402
2199.121166311517754
2199.174037351255720
2199.226783246469950
2199.279403980606276
2199.331899537111440
2199.384269899432638
2199.436515051016158
2199.488634975308742
2199.540629655757584
2199.592499075808973
2199.644243218909651
2199.695862068506358
2199.747355608046291
2199.798723820975283
2199.849966690740985
2199.901084200789228
2199.952076334567664
2200.002943075522126
2200.053684407099809
2200.104300312747455
2200.154790775911806
2200.205155780039149
2200.255395308577135
2200.305509344971142
2200.355497872669275
2200.405360875117367
2200.455098337316940
2200.504710364558377
2200.554197266029860
2200.603559370670155
2200.652797007417121
2200.701910505210435
2200.750900192988411
2200.799766399689815
2200.848509454252962
2200.897129685616619
2200.945627422720008
2200.994002994500988
2201.042256729899236
2201.090388957852156
2201.138400007299879
2201.186290207179809
2201.234059886431169
2201.281709373992726
2201.329238998803248
2201.376649089801049
2201.423939975924895
2201.471111986113556
2201.518165449305343
2201.565100694439934
2201.611918050455188
2201.658617846289872
2201.705200410882753
2201.751666073172146
2201.798015162097727
2201.844248006596899
2201.890364935609341
2201.936366278073365
2201.982252362927738
2202.028023519110775
2202.073680075561697
2202.119222361218817
2202.164650705020904
2202.209965435906270
2202.255166882814592
2202.300255374683729
2202.345231240452449
2202.390094809059519
2202.434846409443708
2202.479486370543327
2202.524015021297600
2202.568432690644840
2202.612739707524270
2202.656936400873747
2202.701023099632494
2202.745000132738824
2202.788867829131505
2202.832626517749759
2202.876276527531445
2202.919818187415785
2202.963251826341548
2203.006577773247045
2203.049796357070591
2203.092907906751861
2203.135912751229171
2203.178811219440831
2203.221603640325611
2203.264290342822278
2203.306871655869600
2203.349347908406344
2203.391719429371278
2203.433986547702261
2203.476149592338970
2203.518208892219718
2203.560164776282818
2203.602017573467492
2203.643767612712509
2203.685415222955726
2203.726960733136366
2203.768404472193197
2203.809746769064986
2203.850987952690048
2203.892128352007148
2203.933168295955056
2203.974108113472539
2204.014948133497910
2204.055688684969937
2204.096330096827842
2204.136872698009938
2204.177316817454539
2204.217662784101321
2204.257910926887689
2204.298061574753319
2204.338115056636070
2204.378071701475164
2204.417931838209370
2204.457695795777454
2204.497363903117275
2204.536936489168511
2204.576413882869019
2204.615796413158023
2204.655084408973835
2204.694278199255223
2204.733378112941409
2204.772384478970253
2204.811297626280975
2204.850117883811890
2204.888845580502220
2204.927481045289824
2204.966024607114377
2205.004476594913285
2205.042837337626679
2205.081107164191963
2205.119286403548813
2205.157375384635088
2205.195374436390466
2205.233283887752350
2205.271104067660417
2205.308835305052980
2205.346477928868353
2205.384032268046212
2205.421498651524416
2205.458877408241733
2205.496168867136930
2205.533373357148776
2205.570491207215582
2205.607522746277027
2205.644468303270514
2205.681328207135266
2205.718102786810505
2205.754792371234089
2205.791397289344786
2205.827917870081819
2205.864354442383501
2205.900707335188599
2205.936976877435882
2205.973163398063662
2206.009267226010707
2206.045288690215784
2206.081228119618117
2206.117085843155564
2206.152862189766893
2206.188557488391325
2206.224172067967174
2206.259706257433209
2206.295160385728195
2206.330534781790448
2206.365829774559188
2206.401045692972275
2206.436182865969386
2206.471241622488833
2206.506222291468475
2206.541125201848445
2206.575950682566145
2206.610699062561253
2206.645370670771626
2206.679965836136034
2206.714484887594153
2206.748928154083387
2206.783295964542958
2206.817588647911634
2206.851806533128183
2206.885949949130918
2206.920019224858606
2206.954014689250016
2206.987936671243915
2207.021785499779071
2207.055561503793342
2207.089265012226861
2207.122896354017030
2207.156455858103072
2207.189943853423301
2207.223360668916939
2207.256706633522754
2207.289982076178603
2207.323187325823710
2207.356322711396388
2207.389388561836313
2207.422385206080889
2207.455312973069340
2207.488172191740432
2207.520963191032934
2207.553686299885612
2207.586341847236326
2207.618930162024753
2207.651451573188751
2207.683906409667543
2207.716295000399896
2207.748617674324123
2207.780874760378538
2207.813066587502817
2207.845193484635274
2207.877255780714222
2207.909253804678428
2207.941187885466661
2207.973058352017688
2208.004865533270277
2208.036609758162740
2208.068291355634301
2208.099910654623272
2208.131467984067967
2208.162963672907608
2208.194398050080963
2208.225771444526345
2208.257084185182975
2208.288336600988714
2208.319529020882783
2208.350661773803495
2208.381735188690072
2208.412749594480829
2208.443705320114077
2208.474602694529494
2208.505442046664939
2208.536223705459179
2208.566947999851436
2208.597615258779570
2208.628225811183256
2208.658779985999900
2208.689278112169177
2208.719720518629856
2208.750107534319795
2208.780439488178217
2208.810716709143890
2208.840939517744118
2208.871108108659882
2208.901222579692785
2208.931283026152869
2208.961289543349721
2208.991242226593840
2209.021141171194813
2209.050986472462682
2209.080778225707490
2209.110516526238825
2209.140201469367184
2209.169833150402610
2209.199411664654235
2209.228937107432557
2209.258409574047619
2209.287829159809462
2209.317195960027675
2209.346510070012300
2209.375771585073380
2209.404980600520958
2209.434137211664620
2209.463241513814864
2209.492293602281279
2209.521293572373906
2209.550241519402789
2209.579137538677969
2209.607981725509035
2209.636774175206028
2209.665514983079447
2209.694204244438424
2209.722842054593457
2209.751428508854588
2209.779963702531404
2209.808447730933949
2209.836880689372265
2209.865262673155939
2209.893593777595925
2209.921874098000899
2209.950103729681814
2209.978282767948258
2210.006411308110273
2210.034489445477448
2210.062517275360278
2210.090494893068353
2210.118422393912169
2210.146299873200860
2210.174127426244468
2210.201905148353944
2210.229633134837968
2210.257311481007491
2210.284940282172101
2210.312519633641386
2210.340049630725844
2210.367530368735061
2210.394961942979535
2210.422344448768399
2210.449677981412606
2210.476962636221288
2210.504198508504487
2210.531385693572702
2210.558524286735064
2210.585614383302527
2210.612656078584223
2210.639649467890649
2210.666594646531394
2210.693491709816499
2210.720340753056007
2210.747141871559961
2210.773895160637949
2210.800600715600012
2210.827258631756649
2210.853869004417447
2210.880431928892449
2210.906947500491242
2210.933415814524324
2210.959836966300827
2210.986211051131704
2211.012538164326543
2211.038818401194931
2211.065051857047365
2211.091238627193434
2211.117378806943634
2211.143472491607099
2211.169519776494326
2211.195520756914902
2211.221475528179326
2211.247384185596729
2211.273246824478065
2211.299063540132920
2211.324834427870883
2211.350559583002450
2211.376239100836756
2211.401873076684751
2211.427461605856024
2211.453004783660163
2211.478502705407664
2211.503955466408115
2211.529363161971560
2211.554725887408040
2211.580043738027598
2211.605316809139822
2211.630545196054754
2211.655728994082892
2211.680868298533824
2211.705963204717136
2211.731013807943327
2211.756020203521985
2211.780982486763605
2211.805900752977323
2211.830775097473634
2211.855605615562581
2211.880392402554207
2211.905135553757646
2211.929835164483848
2211.954491330042401
2211.979104145742895
2212.003673706895370
2212.028200108810324
2212.052683446797801
2212.077123816166932
2212.101521312227760
2212.125876030291238
2212.150188065666498
2212.174457513663128
2212.198684469592081
2212.222869028762943
2212.247011286485304
2212.271111338069659
2212.295169278825597
2212.319185204063160
2212.343159209092391
2212.367091389222878
2212.390981839765118
2212.414830656029153
2212.438637933324117
2212.462403766960506
2212.486128252248363
2212.509811484497732
2212.533453559018199
2212.557054571119806
2212.580614616112598
2212.604133789306161
2212.627612186011447
2212.651049901537590
2212.674447031194632
2212.697803670292615
2212.721119914141582
2212.744395858051121
2212.767631597331729
2212.790827227292993
2212.813982843245412
2212.837098540498118
2212.860174414361609
2212.883210560145471
2212.906207073160203
2212.929164048715393
2212.952081582121082
2212.974959768686858
2212.997798703723674
2213.020598482540208
2213.043359200447412
2213.066080952754874
2213.088763834772180
2213.111407941810285
2213.134013369177865
2213.156580212185872
2213.179108566143896
2213.201598526361977
2213.224050188150159
2213.246463646818029
2213.268838997675630
2213.291176336033459
2213.313475757200649
2213.335737356488153
2213.357961229204648
2213.380147470661086
2213.402296176167511
2213.424407441033054
2213.446481360568214
2213.468518030083032
2213.490517544887098
2213.512480000290452
2213.534405491603593
2213.556294114135653
2213.578145963197130
2213.599961134098066
2213.621739722147595
2213.643481822656668
2213.665187530934872
2213.686856942292252
2213.708490152038394
2213.730087255483340
2213.751648347937589
2213.773173524710273
2213.794662881111890
2213.816116512452481
2213.837534514042090
2213.858916981189850
2213.880264009206712
2213.901575693401810
2213.922852129085641
2213.944093411568247
2213.965299636159216
2213.986470898168591
2214.007607292905959
2214.028708915682273
2214.049775861806665
2214.070808226589179
2214.091806105340311
2214.112769593369649
2214.133698785986780
2214.154593778502203
2214.175454666225505
2214.196281544466729
2214.217074508536371
2214.237833653743564
2214.258559075398807
2214.279250868811687
2214.299909129292701
2214.320533952151436
2214.341125432697481
2214.361683666241788
2214.382208748093035
2214.402700773562628
2214.423159837959247
2214.443586036593388
2214.463979464775093
2214.484340217814406
2214.504668391020459
2214.524964079704205
2214.545227379175685
2214.565458384743579
2214.585657191719292
2214.605823895411959
2214.625958591131621
2214.646061374188321
2214.666132339892101
2214.686171583553005
2214.706179200480619
2214.726155285985442
2214.746099935377060
2214.766013243965062
2214.785895307060400
2214.805746219972207
2214.825566078010525
2214.845354976485396
2214.865113010707319
2214.884840275985425
2214.904536867630213
2214.924202880951270
2214.943838411258639
2214.963443553862817
2214.983018404072936
2215.002563057199495
2215.022077608552536
2215.041562153441191
2215.061016787176413
2215.080441605067790
2215.099836702425364
2215.119202174558723
2215.138538116777909
2215.157844624393420
2215.177121792714388
2215.196369717051311
2215.215588492714232
2215.234778215012739
2215.253938979257327
2215.273070880757132
2215.292174014823104
2215.311248476764376
2215.330294361890992
2215.349311765513448
2215.368300782940878
2215.387261509484233
2215.406194040452647
2215.425098471156616
2215.443974896905729
2215.462823413010483
2215.481644114780011
2215.500437097524809
2215.519202456554922
2215.537940287179936
2215.556650684709894
2215.575333744454838
2215.593989561724811
2215.612618231829856
2215.631219850079560
2215.649794511783966
2215.668342312253117
2215.686863346797509
2215.705357710726275
2215.723825499349459
2215.742266807977558
2215.760681731920158
2215.779070366487304
2215.797432806988581
2215.815769148734489
2215.834079487035069
2215.852363917199455
2215.870622534538597
2215.888855434361631
2215.907062711979052
2215.925244462700903
2215.943400781836772
2215.961531764696247
2215.979637506590279
2215.997718102828003
2216.015773648719914
2216.033804239575602
2216.051809970705108
2216.069790937418475
2216.087747235025745
2216.105678958836506
2216.123586204161256
2216.141469066309583
2216.159327640591528
2216.177162022316679
2216.194972306795535
2216.212758589338137
2216.230520965254073
2216.248259529853385
2216.265974378445662
2216.283665606341856
2216.301333308850644
2216.318977581282979
2216.336598518948904
2216.354196217157551
2216.371770771218962
2216.389322276444091
2216.406850828141614
2216.424356521622485
2216.441839452196291
2216.459299715172619
2216.476737405861968
2216.494152619574379
2216.511545451618986
2216.528915997306740
2216.546264351946775
2216.563590610849587
2216.580894869325220
2216.598177222683262
2216.615437766233754
2216.632676595286284
2216.649893805151805
2216.667089491139450
2216.684263748559260
2216.701416672721280
2216.718548358936005
2216.735658902512569
2216.752748398761469
2216.769816942992293
2216.786864630515083
2216.803891556639883
2216.820897816676734
2216.837883505935679
2216.854848719726306
2216.871793553358657
2216.888718102142775
2216.905622461388703
2216.922506726406482
2216.939370992506156
2216.956215354996857
2216.973039909189538
2216.989844750393786
2217.006629973919189
2217.023395675076245
2217.040141949174540
2217.056868891524573
2217.073576597435476
2217.090265162218202
2217.106934681181883
2217.123585249636562
2217.140216962892282
2217.156829916259539
2217.173424205047468
2217.189999924566564
2217.206557170126871
2217.223096037037976
2217.239616620609468
2217.256119016152297
2217.272603318976053
2217.289069624390322
2217.305518027705148
2217.321948624231027
2217.338361509277092
2217.354756778153842
2217.371134526171318
2217.387494848639108
2217.403837840867709
2217.420163598166255
2217.436472215845697
2217.452763789214714
2217.469038413584713
2217.485296184264371
2217.501537196564641
2217.517761545795111
2217.533969327265368
2217.550160636285909
2217.566335568166323
2217.582494218216652
2217.598636681746939
2217.614763054067225
2217.630873430487554
2217.646967906317514
2217.663046576867146
2217.679109537446493
2217.695156883365598
2217.711188709934504
2217.727205112462798
2217.743206186260522
2217.759192026637720
2217.775162728904434
2217.791118388370705
2217.807059100346123
2217.822984960141184
2217.838896063065476
2217.854792504428588
2217.870674379541470
2217.886541783713255
2217.902394812253988
2217.918233560474164
2217.934058123682917
2217.949868597190743
2217.965665076307687
2217.981447656343335
2217.997216432608184
2218.012971500411822
2218.028712955063838
2218.044440891874729
2218.060155406154536
2218.075856593212848
2218.091544548359252
2218.107219366904701
2218.122881144017356
2218.138529944854326
2218.154165767615723
2218.169788601441269
2218.185398435471598
2218.200995258846433
2218.216579060705044
2218.232149830188519
2218.247707556436126
2218.263252228588044
2218.278783835783997
2218.294302367164619
2218.309807811869177
2218.325300159037852
2218.340779397810820
2218.356245517328261
2218.371698506729444
2218.387138355155003
2218.402565051744659
2218.417978585638139
2218.433378945975619
2218.448766121897279
2218.464140102542842
2218.479500877052487
2218.494848434565938
2218.510182764223828
2218.525503855164970
2218.540811696530454
2218.556106277459548
2218.571387587092431
2218.586655614569281
2218.601910349030277
2218.617151779614687
2218.632379895462691
2218.647594685714466
2218.662796139510192
2218.677984245989592
2218.693158994292844
2218.708320373559218
2218.723468372929347
2218.738602981543409
2218.753724188540673
2218.768831983061773
2218.783926354246432
2218.799007291234375
2218.814074783166234
2218.829128819181278
2218.844169388419687
2218.859196480021637
2218.874210083126854
2218.889210186875516
2218.904196780407347
2218.919169852862979
2218.934129393381681
2218.949075391103634
2218.964007835168559
2218.978926714717090
2218.993832018888952
2219.008723736823868
2219.023601857662015
2219.038466370543119
2219.053317264607813
2219.068154528994910
2219.082978152845499
2219.097788125299303
2219.112584435496046
2219.127367072575908
2219.142136025678610
2219.156891283944333
2219.171632836513254
2219.186360672524643
2219.201074781119132
2219.215775151436446
2219.230461772616763
2219.245134633800262
2219.259793724126212
2219.274439032734790
2219.289070548766631
2219.303688261360548
2219.318292159657631
2219.332882232797601
2219.347458469920184
2219.362020860165103
2219.376569392672991
2219.391104056583572
2219.405624841036570
2219.420131735172163
2219.434624728130075
2219.449103809050939
2219.463568967074025
2219.478020191339965
2219.492457470988029
2219.506880795158850
2219.521290152991696
2219.535685533627202
2219.550066926205091
2219.564434319865086
2219.578787703747821
2219.593127066992565
2219.607452398739952
2219.621763688129249
2219.636060924301091
2219.650344096394747
2219.664613193550849
2219.678868204909122
2219.693109119609744
2219.707335926792439
2219.721548615596930
2219.735747175163851
2219.749931594632926
2219.764101863143424
2219.778257969836432
2219.792399903851674
2219.806527654328420
2219.820641210407302
2219.834740561228045
2219.848825695930827
2219.862896603655827
2219.876953273542313
2219.890995694730464
2219.905023856360913
2219.919037747572929
2219.933037357506691
2219.947022675302378
2219.960993690099713
2219.974950391038419
2219.988892767259131
2220.002820807901571
2220.016734502105464
2220.030633839011443
2220.044518807758777
2220.058389397487645
2220.072245597337769
2220.086087396449784
2220.099914783963413
2220.113727749018381
2220.127526280754864
2220.141310368312588
2220.155080000832186
2220.168835167452926
2220.182575857314987
2220.196302059558548
2220.210013763323332
2220.223710957749518
2220.237393631976829
2220.251061775145445
2220.264715376395543
2220.278354424866848
2220.291978909699083
2220.305588820032426
2220.319184145007512
2220.332764873763153
2220.346330995440439
2220.359882499178639
2220.373419374117475
2220.386941609398036
2220.400449194159137
2220.413942117541410
2220.427420368684579
2220.440883936728824
2220.454332810813867
2220.467766980080341
2220.481186433667062
2220.494591160715117
2220.507981150363776
2220.521356391753216
2220.534716874023616
2220.548062586314700
2220.561393517766646
2220.574709657519179
2220.588010994712477
2220.601297518486717
2220.614569217981625
2220.627826082336924
2220.641068100692792
2220.654295262189407
2220.667507555966495
2220.680704971164687
2220.693887496922798
2220.707055122381462
2220.720207836680856
2220.733345628960706
2220.746468488361188
2220.759576404022027
2220.772669365082947
2220.785747360684582
2220.798810379966199
2220.811858412068432
2220.824891446131005
2220.837909471294097
2220.850912476696976
2220.863900451480276
2220.876873384784176
2220.889831265747944
2220.902774083511758
2220.915701827215798
2220.928614486000242
2220.941512049004814
2220.954394505369237
2220.967261844233690
2220.980114054738351
2220.992951126022945
2221.005773047227649
2221.018579807492642
2221.031371395957194
2221.044147801761937
2221.056909014046141
2221.069655021950439
2221.082385814615009
2221.095101381179120
2221.107801710782951
2221.120486792566680
2221.133156615670487
2221.145811169233639
2221.158450442396770
2221.171074424299604
2221.183683104082320
2221.196276470884186
2221.208854513846291
2221.221417222107902
2221.233964584808746
2221.246496591089453
2221.259013230089749
2221.271514490949357
2221.284000362808911
2221.296470834807678
2221.308925896085839
2221.321365535783571
2221.333789743041052
2221.346198506997553
2221.358591816793705
2221.370969661568779
2221.383332030463407
2221.395678912617768
2221.408010297170676
2221.420326173263675
2221.432626530035577
2221.444911356626562
2221.457180642176809
2221.469434375826040
2221.481672546714890
2221.493895143982627
2221.506102156769430
2221.518293574215477
2221.530469385460947
2221.542629579645109
2221.554774145908141
2221.566903073390222
2221.579016351231530
2221.591113968571790
2221.603195914550724
2221.615262178308967
2221.627312748985787
2221.639347615721817
2221.651366767656327
2221.663370193929950
2221.675357883682409
2221.687329826053428
2221.699286010183187
2221.711226425211862
2221.723151060279179
2221.735059904525315
2221.746952947089994
2221.758830177113396
2221.770691583735697
2221.782537156096168
2221.794366883335442
2221.806180754593242
2221.817978759009748
2221.829760885724681
2221.841527123877768
2221.853277462609640
2221.865011891060021
2221.876730398369091
2221.888432973676117
2221.900119606121734
2221.911790284845665
2221.923444998988089
2221.935083737688728
2221.946706490087308
2221.958313245324462
2221.969903992539912
2221.981478720873838
2221.993037419465509
2222.004580077456012
2222.016106683984162
2222.027617228190593
2222.039111699215027
2222.050590086197644
2222.062052378278622
2222.073498564597230
2222.084928634294101
2222.096342576508960
2222.107740380381529
2222.119122035052442
2222.130487529661423
2222.141836853347741
2222.153169995252483
2222.164486944514920
2222.175787690275229
2222.187072221673589
2222.198340527849723
2222.209592597943356
2222.220828421094666
2222.232047986444286
2222.243251283131031
2222.254438300295988
2222.265609027078426
2222.276763452618525
2222.287901566056007
2222.299023356531507
2222.310128813184292
2222.321217925154997
2222.332290681582890
2222.343347071608605
2222.354387084371410
2222.365410709011940
2222.376417934669917
2222.387408750485520
2222.398383145598473
2222.409341109148500
2222.420282630276233
2222.431207698121398
2222.442116301823717
2222.453008430523369
2222.463884073360077
2222.474743219474021
2222.485585858005834
2222.496411978094329
2222.507221568880141
2222.518014619502992
2222.528791119103062
2222.539551056820528
2222.550294421794661
2222.561021203166092
2222.571731390075001
2222.582424971660203
2222.593101937062784
2222.603762275422469
2222.614405975878981
2222.625033027572499
2222.635643419642747
2222.646237141230358
2222.656814181474601
2222.667374529515655
2222.677918174493698
2222.688445105547999
2222.698955311819645
2222.709448782447907
2222.719925506572963
2222.730385473334991
2222.740828671873260
2222.751255091328403
2222.761664720840145
2222.772057549548663
2222.782433566594136
2222.792792761115834
2222.803135122253934
2222.813460639148616
2222.823769300940057
2222.834061096767982
2222.844336015772114
2222.854594047093087
2222.864835179870170
2222.875059403243995
2222.885266706353832
2222.895457078340314
2222.905630508343165
2222.915786985502109
2222.925926498957779
2222.936049037849443
2222.946154591317281
2222.956243148501471
2222.966314698542192
2222.976369230578712
2222.986406733751664
2222.996427197200319
2223.006430610065763
2223.016416961486811
2223.026386240604097
2223.036338436557344
2223.046273538486730
2223.056191535531980
2223.066092416833726
2223.075976171530783
2223.085842788764239
2223.095692257673363
2223.105524567398788
2223.115339707079784
2223.125137665856528
2223.134918432869654
2223.144681997257976
2223.154428348162583
2223.164157474722742
2223.173869366078634
2223.183564011369981
2223.193241399737417
2223.202901520320665
2223.212544362259450
2223.222169914693495
2223.231778166763434
2223.241369107608989
2223.250942726370340
2223.260499012186756
2223.270037954199324
2223.279559541546860
2223.289063763369995
2223.298550608808910
2223.308020067002872
2223.317472127092515
2223.326906778217563
2223.336324009517739
2223.345723810133677
2223.355106169204646
2223.364471075870824
2223.373818519272390
2223.383148488549523
2223.392460972841491
2223.401755961288927
2223.411033443031556
2223.420293407209101
2223.429535842962196
2223.438760739430109
2223.447968085753018
2223.457157871071558
2223.466330084524543
2223.475484715253060
2223.484621752396379
2223.493741185094677
2223.502843002488135
2223.511927193716019
2223.520993747919420
2223.530042654237604
2223.539073901810752
2223.548087479778587
2223.557083377281288
2223.566061583458577
2223.575022087451089
2223.583964878398092
2223.592889945440220
2223.601797277716742
2223.610686864367835
2223.619558694534135
2223.628412757354454
2223.637249041969881
2223.646067537520139
2223.654868233144498
2223.663651117983591
2223.672416181177141
2223.681163411865327
2223.689892799188328
2223.698604332285413
2223.707298000297214
2223.715973792363457
2223.724631697623863
2223.733271705218613
2223.741893804288338
2223.750497983971854
2223.759084233409794
2223.767652541742336
2223.776202898108750
2223.784735291649667
2223.793249711504814
2223.801746146814367
2223.810224586717595
2223.818685020355588
2223.827127436867613
2223.835551825393395
2223.843958175073567
2223.852346475047852
2223.860716714455975
2223.869068882438569
2223.877402968134902
2223.885718960685153
2223.894016849229502
2223.902296622908125
2223.910558270860292
2223.918801782226637
2223.927027146146429
2223.935234351760300
2223.943423388207975
2223.951594244629632
2223.959746910164995
2223.967881373954242
2223.975997625137552
2223.984095652854194
2223.992175446244346
2224.000236994448642
2224.008280286606350
2224.016305311857650
2224.024312059342719
2224.032300518201282
2224.040270677573517
2224.048222526599147
2224.056156054418807
2224.064071250171310
2224.071968102997744
2224.079846602037378
2224.087706736430846
2224.095548495317416
2224.103371867837268
2224.111176843131034
2224.118963410337528
2224.126731558597839
2224.134481277051236
2224.142212554837897
2224.149925381098001
2224.157619744971271
2224.165295635597886
2224.172953042117570
2224.180591953670501
2224.188212359396402
2224.195814248435454
2224.203397609927833
2224.210962433013265
2224.218508706831926
2224.226036420523087
2224.233545563227835
2224.241036124085440
2224.248508092235625
2224.255961456819477
2224.263396206975813
2224.270812331844809
2224.278209820567099
2224.285588662282407
2224.292948846130457
2224.300290361250973
2224.307613196784587
2224.314917341871023
2224.322202785650006
2224.329469517261714
2224.336717525846325
2224.343946800543563
2224.351157330493606
2224.358349104836179
2224.365522112711460
2224.372676343259172
2224.379811785619495
2224.386928428932606
2224.394026262338230
2224.401105274976089
2224.408165455986818
2224.415206794509686
2224.422229279685325
2224.429232900653005
2224.436217646553359
2224.443183506526111
2224.450130469710984
2224.457058525248158
2224.463967662277810
2224.470857869940119
2224.477729137374354
2224.484581453720693
2224.491414808119316
2224.498229189710401
2224.505024587633216
2224.511800991028849
2224.518558389036116
2224.525296770795649
2224.532016125447171
2224.538716442130863
2224.545397709986446
2224.552059918154555
2224.558703055774004
2224.565327111985880
2224.571932075929908
2224.578517936745357
2224.585084683572859
2224.591632305552594
2224.598160791823830
2224.604670131527200
2224.611160313801975
2224.617631327788786
2224.624083162627358
2224.630515807457869
2224.636929251420042
2224.643323483654058
2224.649698493299638
2224.656054269496508
2224.662390801385300
2224.668708078106192
2224.675006088798000
2224.681284822601810
2224.687544268656893
2224.693784416103881
2224.700005254082043
2224.706206771732013
2224.712388958193515
2224.718551802606271
2224.724695294110006
2224.730819421845808
2224.736924174952946
2224.743009542571144
2224.749075513840580
2224.755122077901888
2224.761149223893881
2224.767156940957648
2224.773145218232457
2224.779114044858488
2224.785063409975919
2224.790993302724019
2224.796903712243875
2224.802794627674757
2224.808666038156389
2224.814517932829403
2224.820350300833525
2224.826163131308476
2224.831956413394437
2224.837730136231585
2224.843484288960099
2224.849218860718793
2224.854933840649210
2224.860629217890164
2224.866304981581834
2224.871961120864398
2224.877597624878035
2224.883214482762469
2224.888811683657877
2224.894389216703530
2224.899947071040515
2224.905485235808101
2224.911003700146011
2224.916502453195335
2224.921981484094886
2224.927440781984842
2224.932880336005837
2224.938300135297595
2224.943700168999385
2224.949080426252294
2224.954440896195592
2224.959781567969003
2224.965102430713159
2224.970403473568240
2224.975684685673059
2224.980946056168705
2224.986187574194901
2224.991409228891371
2224.996611009397839
2225.001792904854938
2225.006954904402392
2225.012096997179924
2225.017219172328168
2225.022321418986394
2225.027403726294779
2225.032466083393501
2225.037508479422286
2225.042530903521310
2225.047533344830754
2225.052515792489885
2225.057478235639337
2225.062420663418834
2225.067343064968554
2225.072245429428222
2225.077127745937560
2225.081990003637202
2225.086832191666872
2225.091654299166294
2225.096456315275645
2225.101238229135106
2225.106000029883944
2225.110741706663248
2225.115463248611832
2225.120164644870783
2225.124845884579372
2225.129506956877321
2225.134147850905265
2225.138768555803381
2225.143369060710484
2225.147949354767661
2225.152509427114637
2225.157049266890681
2225.161568863236880
2225.166068205292504
2225.170547282197731
2225.175006083092285
2225.179444597116344
2225.183862813410087
2225.188260721113693
2225.192638309365975
2225.196995567308477
2225.201332484080012
2225.205649048820760
2225.209945250670899
2225.214221078770606
2225.218476522259607
2225.222711570277625
2225.226926211965292
2225.231120436461879
2225.235294232908018
2225.239447590443433
2225.243580498207848
2225.247692945341441
2225.251784920983937
2225.255856414275968
2225.259907414356803
2225.263937910367076
2225.267947891446056
2225.271937346734376
2225.275906265371304
2225.279854636497475
2225.283782449252612
2225.287689692776894
2225.291576356209589
2225.295442428691331
2225.299287899362298
2225.303112757361760
2225.306916991830349
2225.310700591907789
2225.314463546733805
2225.318205845448574
2225.321927477192276
2225.325628431104633
2225.329308696325370
2225.332968261995120
2225.336607117253607
2225.340225251240554
2225.343822653096140
2225.347399311960544
2225.350955216973034
2225.354490357274244
2225.358004722004353
2225.361498300302628
2225.364971081309250
2225.368423054164850
2225.371854208008244
2225.375264531980520
2225.378654015220945
2225.382022646870155
2225.385370416067417
2225.388697311952910
2225.392003323666813
2225.395288440348850
2225.398552651139198
2225.401795945178037
2225.405018311604636
2225.408219739560082
2225.411400218183189
2225.414559736614592
2225.417698283994014
2225.420815849461633
2225.423912422157173
2225.426987991221267
2225.430042545792730
2225.433076075012650
2225.436088568020750
2225.439080013956300
2225.442050401959932
2225.444999721171826
2225.447927960731249
2225.450835109778836
2225.453721157453856
2225.456586092896941
2225.459429905248271
2225.462252583646659
2225.465054117233194
2225.467834495147599
2225.470593706529598
2225.473331740519370
2225.476048586256638
2225.478744232882036
2225.481418669534378
2225.484071885354751
2225.486703869482881
2225.489314611058035
2225.491904099221301
2225.494472323111950
2225.497019271869704
2225.499544934635651
2225.502049300548606
2225.504532358748747
2225.506994098376708
2225.509434508572213
2225.511853578474529
2225.514251297224746
2225.516627653962132
2225.518982637826412
2225.521316237958672
2225.523628443497728
2225.525919243584212
2225.528188627357849
2225.530436583958362
2225.532663102526385
2225.534868172201641
2225.537051782123854
2225.539213921433202
2225.541354579269864
2225.543473744773110
2225.545571407083571
2225.547647555341428
2225.549702178685948
2225.551735266257310
2225.553746807196148
2225.555736790641276
2225.557705205733782
2225.559652041612935
2225.561577287418913
2225.563480932291895
2225.565362965371605
2225.567223375798221
2225.569062152711467
2225.570879285251522
2225.572674762558563
2225.574448573771861
2225.576200708032047
2225.577931154479302
2225.579639902252438
2225.581326940492545
2225.582992258339345
2225.584635844932563
2225.586257689412378
2225.587857780918966
2225.589436108591599
2225.590992661571363
2225.592527428997073
2225.594040400009362
2225.595531563747954
2225.597000909353028
2225.598448425964762
2225.599874102722424
2225.601277928766649
2225.602659893237160
2225.604019985273681
2225.605358194016844
2225.606674508605920
2225.607968918181541
2225.609241411882977
2225.610491978850860
2225.611720608224914
2225.612927289144864
2225.614112010751342
2225.615274762183617
2225.616415532581868
2225.617534311086274
2225.618631086837013
2225.619705848973354
2225.620758586635930
2225.621789288964010
2225.622797945098682
2225.623784544178761
2225.624749075344880
2225.625691527736763
2225.626611890494587
2225.627510152758077
2225.628386303667867
2225.629240332362770
2225.630072227983874
2225.630881979670448
2225.631669576563127
2225.632435007801178
2225.633178262524780
2225.633899329874112
2225.634598198989352
2225.635274859009769
2225.635929299075997
2225.636561508327759
2225.637171475905234
2225.637759190948145
2225.638324642596217
2225.638867819990082
2225.639388712269465
2225.639887308574089
2225.640363598044132
2225.640817569819319
2225.641249213040282
2225.641658516846292
2225.642045470377525
2225.642410062774161
2225.642752283176378
2225.643072120723446
2225.643369564555996
2225.643644603813755
2225.643897227636444
2225.644127425164243
2225.644335185537329
2225.644520497895428
2225.644683351378717
2225.644823735127375
2225.644941638280670
2225.645037049979237
2225.645109959362344
2225.645160355571079
2225.645188227744256
2225.645193565022510
2225.645176356546017
2225.645136591454047
2225.645074258886780
2225.644989347984847
2225.644881847887518
2225.644751747734972
2225.644599036666932
2225.644423703824032
2225.644225738345540
2225.644005129372090
2225.643761866043405
2225.643495937498756
2225.643207332879228
2225.642896041324548
2225.642562051973982
2225.642205353968166
2225.641825936447276
2225.641423788550583
2225.640998899418264
2225.640551258190499
2225.640080854007465
2225.639587676008432
2225.639071713334488
2225.638532955124447
2225.637971390518942
2225.637387008657697
2225.636779798680891
2225.636149749728247
2225.635496850939944
2225.634821091456161
2225.634122460416165
2225.633400946960592
2225.632656540229164
2225.631889229362059
2225.631099003499457
2225.630285851780627
2225.629449763345747
2225.628590727334995
2225.627708732888550
2225.626803769146136
2225.625875825247476
2225.624924890333205
2225.623950953542590
2225.622954004015810
2225.621934030893499
2225.620891023314471
2225.619824970419813
2225.618735861348796
2225.617623685241597
2225.616488431238395
2225.615330088478913
2225.614148646103331
2225.612944093251372
2225.611716419063214
2225.610465612679036
2225.609191663238107
2225.607894559881061
2225.606574291747620
2225.605230847977509
2225.603864217711362
2225.602474390088901
2225.601061354249850
2225.599625099333934
2225.598165614482241
2225.596682888833584
2225.595176911528597
2225.593647671707004
2225.592095158508528
2225.590519361073802
2225.588920268542552
2225.587297870054499
2225.585652154749823
2225.583983111768248
2225.582290730250406
2225.580574999335568
2225.578835908163910
2225.577073445875612
2225.575287601610398
2225.573478364508446
2225.571645723709480
2225.569789668353678
2225.567910187581219
2225.566007270531827
2225.564080906345680
2225.562131084162047
2225.560157793122016
2225.558161022364402
2225.556140761030292
2225.554096998258956
2225.552029723190572
2225.549938924964863
2225.547824592722463
2225.545686715602642
2225.543525282745577
2225.541340283291447
2225.539131706380431
2225.536899541151797
2225.534643776746179
2225.532364402303301
2225.530061406962886
2225.527734779865568
2225.525384510150616
2225.523010586958208
2225.520612999428522
2225.518191736701738
2225.515746787917124
2225.513278142215313
2225.510785788736030
2225.508269716619452
2225.505729915004849
2225.503166373033309
2225.500579079843646
2225.497968024576949
2225.495333196372030
2225.492674584369979
2225.489992177710064
2225.487285965532919
2225.484555936977813
2225.481802081184924
2225.479024387294430
2225.476222844446056
2225.473397441779980
2225.470548168435926
2225.467675013554071
2225.464777966274596
2225.461857015737223
2225.458912151082131
2225.455943361449044
2225.452950635977686
2225.449933963808689
2225.446893334081778
2225.443828735936677
2225.440740158513563
2225.437627590952616
2225.434491022393559
2225.431330441976115
2225.428145838840919
2225.424937202127694
2225.421704520975709
2225.418447784526052
2225.415166981918446
2225.411862102292162
2225.408533134787831
2225.405180068545178
2225.401802892703927
2225.398401596404710
2225.394976168787252
2225.391526598991277
2225.388052876156962
2225.384554989424487
2225.381032927933120
2225.377486680823949
2225.373916237235790
2225.370321586309274
2225.366702717184580
2225.363059619000978
2225.359392280898646
2225.355700692018218
2225.351984841498961
2225.348244718481055
2225.344480312104679
2225.340691611509556
2225.336878605835864
2225.333041284223327
2225.329179635812125
2225.325293649742434
2225.321383315153525
2225.317448621186031
2225.313489556979675
2225.309506111674636
2225.305498274410638
2225.301466034327859
2225.297409380566023
2225.293328302265309
2225.289222788565439
2225.285092828607048
2225.280938411529405
2225.276759526472688
2225.272556162577075
2225.268328308982291
2225.264075954828513
2225.259799089255466
2225.255497701403328
2225.251171780412278
2225.246821315422039
2225.242446295572336
2225.238046710003800
2225.233622547855703
2225.229173798268221
2225.224700450381988
2225.220202493336274
2225.215679916270801
2225.211132708326659
2225.206560858642661
2225.201964356359440
2225.197343190616721
2225.192697350554681
2225.188026825313045
2225.183331604031991
2225.178611675851698
2225.173867029911435
2225.169097655351834
2225.164303541312620
2225.159484676933971
2225.154641051355611
2225.149772653717719
2225.144879473160017
2225.139961498822686
2225.135018719845903
2225.130051125368936
2225.125058704532421
2225.120041446476080
2225.114999340340091
2225.109932375264179
2225.104840540388523
2225.099723824853299
2225.094582217797779
2225.089415708362594
2225.084224285687014
2225.079007938912127
2225.073766657176748
2225.068500429621508
2225.063209245386588
2225.057893093611256
2225.052551963436144
2225.047185844000978
2225.041794724445481
2225.036378593909831
2225.030937441534206
2225.025471256458331
2225.019980027822385
2225.014463744766090
2225.008922396429625
2225.003355971953170
2224.997764460475992
2224.992147851138725
2224.986506133081093
2224.980839295443275
2224.975147327364994
2224.969430217985973
2224.963687956447302
2224.957920531887339
2224.952127933447628
2224.946310150266982
2224.940467171486034
2224.934598986244509
2224.928705583682586
2224.922786952939987
2224.916843083156891
2224.910873963473023
2224.904879583028560
2224.898859930963681
2224.892814996417655
2224.886744768531116
2224.880649236444242
2224.874528389296302
2224.868382216227474
2224.862210706377937
2224.856013848887869
2224.849791632896540
2224.843544047544583
2224.837271081971721
2224.830972725318134
2224.824648966723544
2224.818299795328130
2224.811925200271617
2224.805525170693727
2224.799099695735549
2224.792648764535897
2224.786172366235405
2224.779670489973341
2224.773143124890794
2224.766590260126577
2224.760011884821779
2224.753407988115669
2224.746778559147970
2224.740123587059315
2224.733443060989885
2224.726736970078491
2224.720005303466223
2224.713248050292350
2224.706465199697504
2224.699656740821410
2224.692822662803792
2224.685962954784372
2224.679077605904240
2224.672166605302209
2224.665229942118913
2224.658267605494075
2224.651279584567874
2224.644265868480034
2224.637226446370278
2224.630161307379694
2224.623070440647098
2224.615953835312666
2224.608811480517033
2224.601643365399923
2224.594449479100604
2224.587229810759709
2224.579984349517417
2224.572713084512998
2224.565416004887084
2224.558093099779398
2224.550744358329666
2224.543369769678520
2224.535969322965229
2224.528543007329972
2224.521090811912927
2224.513612725853818
2224.506108738293278
2224.498578838370122
2224.491023015225437
2224.483441257998493
2224.475833555829922
2224.468199897858995
2224.460540273225888
2224.452854671070781
2224.445143080533398
2224.437405490754372
2224.429641890872517
2224.421852270028921
2224.414036617363308
2224.406194922014947
2224.398327173124926
2224.390433359832059
2224.382513471276980
2224.374567496599866
2224.366595424940442
2224.358597245438432
2224.350572947234014
2224.342522519467366
2224.334445951278212
2224.326343231806732
2224.318214350192648
2224.310059295576139
2224.301878057096928
2224.293670623895196
2224.285436985111119
2224.277177129884421
2224.268891047354828
2224.260578726662970
2224.252240156948574
2224.243875327350906
2224.235484227011057
2224.227066845068293
2224.218623170662795
2224.210153192934740
2224.201656901023853
2224.193134284069856
2224.184585331213384
2224.176010031593705
2224.167408374351453
2224.158780348626351
2224.150125943558123
2224.141445148286948
2224.132737951953004
2224.124004343696015
2224.115244312655705
2224.106457847972706
2224.097644938786743
2224.088805574237540
2224.079939743465275
2224.071047435610126
2224.062128639811363
2224.053183345209618
2224.044211540945071
2224.035213216156990
2224.026188359985554
2224.017136961570941
2224.008059010053330
2223.998954494571990
2223.989823404268009
2223.980665728280201
2223.971481455748744
2223.962270575814273
2223.953033077616510
2223.943768950295180
2223.934478182990460
2223.925160764842531
2223.915816684990659
2223.906445932575480
2223.897048496736716
2223.887624366614546
2223.878173531348693
2223.868695980078883
2223.859191701945747
2223.849660686089010
2223.840102921648850
2223.830518397764536
2223.820907103576701
2223.811269028225070
2223.801604160849820
2223.791912490590676
2223.782194006587815
2223.772448697980963
2223.762676553910296
2223.752877563515995
2223.743051715937781
2223.733199000315381
2223.723319405789425
2223.713412921499184
2223.703479536585291
2223.693519240187015
2223.683532021444989
2223.673517869498482
2223.663476773488583
2223.653408722554104
2223.643313705835681
2223.633191712473035
2223.623042731606347
2223.612866752375339
2223.602663763920191
2223.592433755381080
2223.582176715897276
2223.571892634609412
2223.561581500657212
2223.551243303180854
2223.540878031320062
)
;

boundaryField
{
    inlet
    {
        type            fixedValue;
        value           uniform 300.00000000;
    }
    outlet
    {
        type            zeroGradient;
    }
    wall
    {
        type            empty;
    }
}


// ************************************************************************* //
