/*--------------------------------*- C++ -*----------------------------------*\
| =========                 |                                                 |
| \\      /  F ield         | OpenFOAM: The Open Source CFD Toolbox           |
|  \\    /   O peration     | Version:  5.x                                   |
|   \\  /    A nd           | Web:      www.OpenFOAM.org                      |
|    \\/     M anipulation  |                                                 |
\*---------------------------------------------------------------------------*/
FoamFile
{
    version     2.0;
    format      ascii;
    class       volScalarField;
    location    "1";
    object       C2H4;
}
// * * * * * * * * * * * * * * * * * * * * * * * * * * * * * * * * * * * * * //

dimensions      [0 0 0 0 0 0 0];

internalField   nonuniform List<scalar>
4335
(
-1.893228799583591e-15
-9.477198652317633e-15
-1.700861154289372e-14
-2.448758901839572e-14
-3.191425262590748e-14
-3.928872391251287e-14
-4.661112442529574e-14
-5.388157571133995e-14
-6.110019931772936e-14
-6.826711679154784e-14
-7.538244967987921e-14
-8.244631952980737e-14
-8.945884788841618e-14
-9.642015630278947e-14
-1.033303663200111e-13
-1.101895994871650e-13
-1.169979773513349e-13
-1.237556214596047e-13
-1.304626533590584e-13
-1.371191945967796e-13
-1.437253667198524e-13
-1.502812912753606e-13
-1.567870898103879e-13
-1.632428838720183e-13
-1.696487950073357e-13
-1.760049447634239e-13
-1.823114546873667e-13
-1.885684463262480e-13
-1.947760412271517e-13
-2.009343609371616e-13
-2.070435270033617e-13
-2.131036609728356e-13
-2.191148843926674e-13
-2.250773188099408e-13
-2.309910857717398e-13
-2.368563068251481e-13
-2.426731035172497e-13
-2.484415973951283e-13
-2.541619100058679e-13
-2.598341628965523e-13
-2.654584776142654e-13
-2.710349757060911e-13
-2.765637787191131e-13
-2.820450082004154e-13
-2.874787856970817e-13
-2.928652327561960e-13
-2.982044709248422e-13
-3.034966217501041e-13
-3.087418067790655e-13
-3.139401475588102e-13
-3.190917656364223e-13
-3.241967825589855e-13
-3.292553198735836e-13
-3.342674991273005e-13
-3.392334418672202e-13
-3.441532696404264e-13
-3.490271039940030e-13
-3.538550664750338e-13
-3.586372786306029e-13
-3.633738620077939e-13
-3.680649381536907e-13
-3.727106286153772e-13
-3.773110549399372e-13
-3.818663386744547e-13
-3.863766013660136e-13
-3.908419645616975e-13
-3.952625498085903e-13
-3.996384786537761e-13
-4.039698726443386e-13
-4.082568533273616e-13
-4.124995422499291e-13
-4.166980609591248e-13
-4.208525310020327e-13
-4.249630739257366e-13
-4.290298112773204e-13
-4.330528646038678e-13
-4.370323554524628e-13
-4.409684053701893e-13
-4.448611359041311e-13
-4.487106686013721e-13
-4.525171250089960e-13
-4.562806266740867e-13
-4.600012951437284e-13
-4.636792519650045e-13
-4.673146186849991e-13
-4.709075168507960e-13
-4.744580680094791e-13
-4.779663937081320e-13
-4.814326154938391e-13
-4.848568549136838e-13
-4.882392335147499e-13
-4.915798728441218e-13
-4.948788944488828e-13
-4.981364198761170e-13
-5.013525706729083e-13
-5.045274683863404e-13
-5.076612345634973e-13
-5.107539907514628e-13
-5.138058584973207e-13
-5.168169593481551e-13
-5.197874148510495e-13
-5.227173465530880e-13
-5.256068760013546e-13
-5.284561247429327e-13
-5.312652143249063e-13
-5.340342662943597e-13
-5.367634021983762e-13
-5.394527435840400e-13
-5.421024119984349e-13
-5.447125289886446e-13
-5.472832161017531e-13
-5.498145948848443e-13
-5.523067868850019e-13
-5.547599136493098e-13
-5.571740967248519e-13
-5.595494576587122e-13
-5.618861179979742e-13
-5.641841992897222e-13
-5.664438230810398e-13
-5.686651109190107e-13
-5.708481843507191e-13
-5.729931649232488e-13
-5.751001741836833e-13
-5.771693336791070e-13
-5.792007649566034e-13
-5.811945895632564e-13
-5.831509290461500e-13
-5.850699049523679e-13
-5.869516388289941e-13
-5.887962522231120e-13
-5.906038666818063e-13
-5.923746037521602e-13
-5.941085849812577e-13
-5.958059319161828e-13
-5.974667661040193e-13
-5.990912090918510e-13
-6.006793824267617e-13
-6.022314076558354e-13
-6.037474063261560e-13
-6.052274999848071e-13
-6.066718101788729e-13
-6.080804584554370e-13
-6.094535663615834e-13
-6.107912554443957e-13
-6.120936472509582e-13
-6.133608633283545e-13
-6.145930252236682e-13
-6.157902544839835e-13
-6.169526726563844e-13
-6.180804012879545e-13
-6.191735619257775e-13
-6.202322761169377e-13
-6.212566654085187e-13
-6.222468513476042e-13
-6.232029554812784e-13
-6.241250993566249e-13
-6.250134045207277e-13
-6.258679925206706e-13
-6.266889849035376e-13
-6.274765032164122e-13
-6.282306690063787e-13
-6.289516038205207e-13
-6.296394292059220e-13
-6.302942667096667e-13
-6.309162378788386e-13
-6.315054642605214e-13
-6.320620674017988e-13
-6.325861688497552e-13
-6.330778901514741e-13
-6.335373528540392e-13
-6.339646785045349e-13
-6.343599886500446e-13
-6.347234048376524e-13
-6.350550486144419e-13
-6.353550415274971e-13
-6.356235051239019e-13
-6.358605609507401e-13
-6.360663305550957e-13
-6.362409354840524e-13
-6.363844972846940e-13
-6.364971375041046e-13
-6.365789776893679e-13
-6.366301393875677e-13
-6.366507441457880e-13
-6.366409135111126e-13
-6.366007690306254e-13
-6.365304322514101e-13
-6.364300247205507e-13
-6.362996679851311e-13
-6.361394835922350e-13
-6.359495930889464e-13
-6.357301180223491e-13
-6.354811799395268e-13
-6.352029003875636e-13
-6.348954009135435e-13
-6.345588030645501e-13
-6.341932283876671e-13
-6.337987984299786e-13
-6.333756347385686e-13
-6.329238588605205e-13
-6.324435923429185e-13
-6.319349567328465e-13
-6.313980735773882e-13
-6.308330644236276e-13
-6.302400508186484e-13
-6.296191543095344e-13
-6.289704964433697e-13
-6.282941987672379e-13
-6.275903828282233e-13
-6.268591701734091e-13
-6.261006823498798e-13
-6.253150409047189e-13
-6.245023673850103e-13
-6.236627833378379e-13
-6.227964103102856e-13
-6.219033698494371e-13
-6.209837835023765e-13
-6.200377728161874e-13
-6.190654593379538e-13
-6.180669646147596e-13
-6.170424101936885e-13
-6.159919176218247e-13
-6.149156084462514e-13
-6.138136042140533e-13
-6.126860264723138e-13
-6.115329967681166e-13
-6.103546366485458e-13
-6.091510676606852e-13
-6.079224113516187e-13
-6.066687892684299e-13
-6.053903229582033e-13
-6.040871339680223e-13
-6.027593438449705e-13
-6.014070741361322e-13
-6.000304463885911e-13
-5.986295821494312e-13
-5.972046029657361e-13
-5.957556303845898e-13
-5.942827859530765e-13
-5.927861912182791e-13
-5.912659677272826e-13
-5.897222370271702e-13
-5.881551206650258e-13
-5.865647401879332e-13
-5.849512171429766e-13
-5.833146730772398e-13
-5.816552295378061e-13
-5.799730080717601e-13
-5.782681302261854e-13
-5.765407175481654e-13
-5.747908915847848e-13
-5.730187738831269e-13
-5.712244859902757e-13
-5.694081494533148e-13
-5.675698858193283e-13
-5.657098166354004e-13
-5.638280634486143e-13
-5.619247478060542e-13
-5.599999912548042e-13
-5.580539153419475e-13
-5.560866416145685e-13
-5.540982916197510e-13
-5.520889869045787e-13
-5.500588490161353e-13
-5.480079995015051e-13
-5.459365599077719e-13
-5.438446517820192e-13
-5.417323966713309e-13
-5.395999161227912e-13
-5.374473316834837e-13
-5.352747649004922e-13
-5.330823373209010e-13
-5.308701704917935e-13
-5.286383859602536e-13
-5.263871052733653e-13
-5.241164499782126e-13
-5.218265416218789e-13
-5.195175017514483e-13
-5.171894519140050e-13
-5.148425136566323e-13
-5.124768085264145e-13
-5.100924580704352e-13
-5.076895838357785e-13
-5.052683073695277e-13
-5.028287502187671e-13
-5.003710339305810e-13
-4.978952800520522e-13
-4.954016101302653e-13
-4.928901457123042e-13
-4.903610083452524e-13
-4.878143195761935e-13
-4.852502009522123e-13
-4.826687740203922e-13
-4.800701603278164e-13
-4.774544814215696e-13
-4.748218588487357e-13
-4.721724141563976e-13
-4.695062688916401e-13
-4.668235446015470e-13
-4.641243628332020e-13
-4.614088451336883e-13
-4.586771130500908e-13
-4.559292881294930e-13
-4.531654919189783e-13
-4.503858459656310e-13
-4.475904718165350e-13
-4.447794910187738e-13
-4.419530251194316e-13
-4.391111956655923e-13
-4.362541242043395e-13
-4.333819322827571e-13
-4.304947414479291e-13
-4.275926732469396e-13
-4.246758492268717e-13
-4.217443909348096e-13
-4.187984199178376e-13
-4.158380577230389e-13
-4.128634258974978e-13
-4.098746459882983e-13
-4.068718395425237e-13
-4.038551281072582e-13
-4.008246332295858e-13
-3.977804764565899e-13
-3.947227793353549e-13
-3.916516634129642e-13
-3.885672502365017e-13
-3.854696613530519e-13
-3.823590183096978e-13
-3.792354426535232e-13
-3.760990559316134e-13
-3.729499796910501e-13
-3.697883354789193e-13
-3.666142448423036e-13
-3.634278293282863e-13
-3.602292104839531e-13
-3.570185098563865e-13
-3.537958489926705e-13
-3.505613494398892e-13
-3.473151327451270e-13
-3.440573204554665e-13
-3.407880341179922e-13
-3.375073952797877e-13
-3.342155254879379e-13
-3.309125462895254e-13
-3.275985792316348e-13
-3.242737458613498e-13
-3.209381677257544e-13
-3.175919663719314e-13
-3.142352633469656e-13
-3.108681801979413e-13
-3.074908384719417e-13
-3.041033597160502e-13
-3.007058654773520e-13
-2.972984773029299e-13
-2.938813167398681e-13
-2.904545053352500e-13
-2.870181646361606e-13
-2.835724161896826e-13
-2.801173815429001e-13
-2.766531822428972e-13
-2.731799398367578e-13
-2.696977758715654e-13
-2.662068118944047e-13
-2.627071694523586e-13
-2.591989700925110e-13
-2.556823353619468e-13
-2.521573868077487e-13
-2.486242459770008e-13
-2.450830344167872e-13
-2.415338736741924e-13
-2.379768852962987e-13
-2.344121908301911e-13
-2.308399118229538e-13
-2.272601698216692e-13
-2.236730863734227e-13
-2.200787830252970e-13
-2.164773813243767e-13
-2.128690028177450e-13
-2.092537690524863e-13
-2.056318015756851e-13
-2.020032219344235e-13
-1.983681516757864e-13
-1.947267123468578e-13
-1.910790254947216e-13
-1.874252126664609e-13
-1.837653954091603e-13
-1.800996952699030e-13
-1.764282337957735e-13
-1.727511325338561e-13
-1.690685130312336e-13
-1.653804968349899e-13
-1.616872054922088e-13
-1.579887605499759e-13
-1.542852835553727e-13
-1.505768960554844e-13
-1.468637195973946e-13
-1.431458757281873e-13
-1.394234859949452e-13
-1.356966719447544e-13
-1.319655551246971e-13
-1.282302570818566e-13
-1.244908993633184e-13
-1.207476035161659e-13
-1.170004910874823e-13
-1.132496836243520e-13
-1.094953026738583e-13
-1.057374697830863e-13
-1.019763064991186e-13
-9.821193436903915e-14
-9.444447493993348e-14
-9.067404975888257e-14
-8.690078037297202e-14
-8.312478832928685e-14
-7.934619517490858e-14
-7.556512245692169e-14
-7.178169172241114e-14
-6.799602451845969e-14
-6.420824239215174e-14
-6.041846689057115e-14
-5.662681956080122e-14
-5.283342194992576e-14
-4.903839560502985e-14
-4.524186207319615e-14
-4.144394290150973e-14
-3.764475963705261e-14
-3.384443382690989e-14
-3.004308701816601e-14
-2.624084075790302e-14
-2.243781659320599e-14
-1.863413607115940e-14
-1.482992073884525e-14
-1.102529214334865e-14
-7.220371831754055e-15
-3.415281351144103e-15
3.898577513967398e-16
4.194923928785107e-15
7.999795633936837e-15
1.180435131976807e-14
1.560846943919471e-14
1.941202844513362e-14
2.321490679050022e-14
2.701698292821065e-14
3.081813531118176e-14
3.461824239232899e-14
3.841718262456872e-14
4.221483446081708e-14
4.601107635399023e-14
4.980578675700429e-14
5.359884412277541e-14
5.739012690421974e-14
6.117951355425341e-14
6.496688252579257e-14
6.875211227175335e-14
7.253508124505190e-14
7.631566789860436e-14
8.009375068532711e-14
8.386920805813557e-14
8.764191846994662e-14
9.141176037367637e-14
9.517861222224026e-14
9.894235246855514e-14
1.027028595655369e-13
1.064600119661018e-13
1.102136881231658e-13
1.139637664896451e-13
1.177101255184559e-13
1.214526436625144e-13
1.251911993747365e-13
1.289256711080386e-13
1.326559373153369e-13
1.363818764495469e-13
1.401033669635855e-13
1.438202873103688e-13
1.475325159428122e-13
1.512399313138325e-13
1.549424118763461e-13
1.586398360832681e-13
1.623320823875156e-13
1.660190292420045e-13
1.697005550996505e-13
1.733765384133703e-13
1.770468576360800e-13
1.807113912206952e-13
1.843700176201328e-13
1.880226152873084e-13
1.916690626751380e-13
1.953092382365385e-13
1.989430204244254e-13
2.025702876917147e-13
2.061909184913234e-13
2.098047912761667e-13
2.134117844991613e-13
2.170117766132234e-13
2.206046460712685e-13
2.241902713262136e-13
2.277685308309742e-13
2.313393030384665e-13
2.349024664016071e-13
2.384578993733118e-13
2.420054804064964e-13
2.455450879540779e-13
2.490766004689717e-13
2.525998964040941e-13
2.561148542123617e-13
2.596213523466901e-13
2.631192692599953e-13
2.666084834051943e-13
2.700888732352025e-13
2.735603172029362e-13
2.770226937613116e-13
2.804758813632449e-13
2.839197584616521e-13
2.873542035094495e-13
2.907790949595531e-13
2.941943112648791e-13
2.975997308783436e-13
3.009952322528627e-13
3.043806938413529e-13
3.077559940967299e-13
3.111210114719101e-13
3.144756244198095e-13
3.178197113933442e-13
3.211531508454305e-13
3.244758212289845e-13
3.277876009969223e-13
3.310883686021600e-13
3.343780024976139e-13
3.376563811362000e-13
3.409233829708345e-13
3.441788864544335e-13
3.474227700399131e-13
3.506549121801896e-13
3.538751913281790e-13
3.570834859367977e-13
3.602796744589612e-13
3.634636353475865e-13
3.666352470555889e-13
3.697943880358851e-13
3.729409367413914e-13
3.760747716250232e-13
3.791957711396973e-13
3.823038137383298e-13
3.853987778738363e-13
3.884805419991334e-13
3.915489845671375e-13
3.946039840307637e-13
3.976454188429294e-13
4.006731674565501e-13
4.036871083245416e-13
4.066871198998209e-13
4.096730806353038e-13
4.126448689839061e-13
4.156023633985439e-13
4.185454423321341e-13
4.214739842375922e-13
4.243878675678342e-13
4.272869707757770e-13
4.301711723143361e-13
4.330403506364276e-13
4.358943841949682e-13
4.387331514428736e-13
4.415565308330599e-13
4.443644008184437e-13
4.471566398519406e-13
4.499331263864669e-13
4.526937388749389e-13
4.554383557702729e-13
4.581668555253844e-13
4.608791165931903e-13
4.635750174266064e-13
4.662544364785483e-13
4.689172522019331e-13
4.715633430496766e-13
4.741925874746945e-13
4.768048639299036e-13
4.794000508682198e-13
4.819780267425588e-13
4.845386700058371e-13
4.870818591109711e-13
4.896074725108768e-13
4.921153886584700e-13
4.946054860066670e-13
4.970776430083844e-13
4.995317381165375e-13
5.019676497840433e-13
5.043852564638176e-13
5.067844366087761e-13
5.091650686718353e-13
5.115270311059119e-13
5.138702023639211e-13
5.161944608987796e-13
5.184996851634035e-13
5.207857536107085e-13
5.230525446936112e-13
5.252999368650279e-13
5.275278085778740e-13
5.297360382850666e-13
5.319245044395212e-13
5.340930854941537e-13
5.362416599018809e-13
5.383701061156187e-13
5.404783025882831e-13
5.425661277727906e-13
5.446334601220570e-13
5.466801780889984e-13
5.487061601265310e-13
5.507112846875713e-13
5.526954302250352e-13
5.546584751918385e-13
5.566002980408978e-13
5.585207772251290e-13
5.604197911974483e-13
5.622972184107721e-13
5.641529373180162e-13
5.659868263720967e-13
5.677987640259301e-13
5.695886287324322e-13
5.713562989445191e-13
5.731016531151075e-13
5.748245696971130e-13
5.765249271434518e-13
5.782026039070404e-13
5.798574784407943e-13
5.814894291976302e-13
5.830983346304642e-13
5.846840731922122e-13
5.862465233357904e-13
5.877855635141152e-13
5.893010721801023e-13
5.907929277866682e-13
5.922610087867288e-13
5.937051936332005e-13
5.951253607789993e-13
5.965213886770411e-13
5.978931557802424e-13
5.992405405415194e-13
6.005634214137877e-13
6.018616768499642e-13
6.031351853029645e-13
6.043838252257046e-13
6.056074750711012e-13
6.068060132920703e-13
6.079793183415277e-13
6.091272686723899e-13
6.102497427375728e-13
6.113466189899925e-13
6.124177758825655e-13
6.134630918682078e-13
6.144824453998352e-13
6.154757149303643e-13
6.164427789127110e-13
6.173835157997913e-13
6.182978040445218e-13
6.191855220998182e-13
6.200465484185969e-13
6.208807614537739e-13
6.216880396582654e-13
6.224682614849875e-13
6.232213053868563e-13
6.239470498167883e-13
6.246453732276992e-13
6.253161540725052e-13
6.259592708041226e-13
6.265746018754676e-13
6.271620257394561e-13
6.277214208490044e-13
6.282526656570286e-13
6.287556386164450e-13
6.292302181801694e-13
6.296762828011182e-13
6.300937109322074e-13
6.304823810263534e-13
6.308421715364720e-13
6.311729609154795e-13
6.314746276162921e-13
6.317470500918259e-13
6.319901067949969e-13
6.322036761787215e-13
6.323876366959157e-13
6.325418667994955e-13
6.326662449423773e-13
6.327606495774772e-13
6.328249591577112e-13
6.328590521359955e-13
6.328628069652463e-13
6.328361020983796e-13
6.327788159883117e-13
6.326908270879587e-13
6.325720138502367e-13
6.324222547280619e-13
6.322414281743504e-13
6.320294126420182e-13
6.317860865839818e-13
6.315113284531570e-13
6.312050167024601e-13
6.308670297848072e-13
6.304972461531145e-13
6.300955442602981e-13
6.296618025592741e-13
6.291958995029587e-13
6.286977135442679e-13
6.281671231361181e-13
6.276040067314252e-13
6.270082427831057e-13
6.263797097440753e-13
6.257182860672502e-13
6.250238502055468e-13
6.242962806118811e-13
6.235354557391691e-13
6.227412540403274e-13
6.219135539682716e-13
6.210522339759183e-13
6.201571725161832e-13
6.192282480419826e-13
6.182653390062331e-13
6.172683238618501e-13
6.162370810617500e-13
6.151714890588494e-13
6.140714263060636e-13
6.129367712563095e-13
6.117674023625031e-13
6.105631980775602e-13
6.093240368543969e-13
6.080497971459299e-13
6.067403574050748e-13
6.053955960847482e-13
6.040153916378660e-13
6.025996225173442e-13
6.011481671760989e-13
5.996609040670467e-13
5.981377116431035e-13
5.965784683571850e-13
5.949830526622082e-13
5.933513430110887e-13
5.916832178567427e-13
5.899785556520862e-13
5.882372348500358e-13
5.864591339035072e-13
5.846441312654165e-13
5.827921053886805e-13
5.809029347262145e-13
5.789764977309350e-13
5.770126728557583e-13
5.750113385536006e-13
5.729723732773776e-13
5.708956554800058e-13
5.687810636144010e-13
5.666284761334796e-13
5.644377714901579e-13
5.622088281373521e-13
5.599415245279777e-13
5.576357391149514e-13
5.552913503511889e-13
5.529082366896067e-13
5.504862765831212e-13
5.480253484846481e-13
5.455253308471034e-13
5.429861021234035e-13
5.404075407664648e-13
5.377895252292028e-13
5.351319339645344e-13
5.324346454253753e-13
5.296975380646414e-13
5.269204903352491e-13
5.241033806901150e-13
5.212460875821545e-13
5.183484894642842e-13
5.154104647894202e-13
5.124318920104782e-13
5.094126495803748e-13
5.063526159520264e-13
5.032516695783482e-13
5.001096889122573e-13
4.969265524066697e-13
4.937021385145007e-13
4.904363256886670e-13
4.871289923820852e-13
4.837800170476707e-13
4.803892781383402e-13
4.769566541070098e-13
4.734820234065949e-13
4.699652644900121e-13
4.664062558101777e-13
4.628048758200084e-13
4.591610029724194e-13
4.554745157203269e-13
4.517452925166477e-13
4.479732118142970e-13
4.441581520661916e-13
4.402999917252478e-13
4.363986092443815e-13
4.324538830765085e-13
4.284656916745455e-13
4.244339134914081e-13
4.203584269800125e-13
4.162391105932762e-13
4.120758427841131e-13
4.078685020054405e-13
4.036169667101751e-13
3.993211153512318e-13
3.949808263815274e-13
3.905959782539790e-13
3.861664494215006e-13
3.816921183370099e-13
3.771728634534229e-13
3.726085632236548e-13
3.679990961006225e-13
3.633443405372427e-13
3.586441749864310e-13
3.538984779011027e-13
3.491071277341747e-13
3.442700029385638e-13
3.393869819671849e-13
3.344579432729552e-13
3.294827653087903e-13
3.244613265276059e-13
3.193935053823185e-13
3.142791803258453e-13
3.091182298111012e-13
3.039105322910022e-13
2.986559662184654e-13
2.933544100464058e-13
2.880057422277404e-13
2.826098412153856e-13
2.771665854622570e-13
2.716758534212702e-13
2.661375235453427e-13
2.605514742873894e-13
2.549175841003267e-13
2.492357314370715e-13
2.435057947505396e-13
2.377276524936462e-13
2.319011831193084e-13
2.260262650804426e-13
2.201027768299639e-13
2.141305968207889e-13
2.081096035058352e-13
2.020396753380168e-13
1.959206907702500e-13
1.897525282554523e-13
1.835350662465388e-13
1.772681831964265e-13
1.709517575580311e-13
1.645856677842677e-13
1.581697923280535e-13
1.517040096423052e-13
1.451881981799378e-13
1.386222363938686e-13
1.320060027370129e-13
1.253393756622863e-13
1.186222336226057e-13
1.118544550708881e-13
1.050359184600477e-13
9.816650224300240e-14
9.124608487266770e-14
8.427454480195888e-14
7.725176048379297e-14
7.017761037108667e-14
6.305197291675469e-14
5.587472657371461e-14
4.864574979488112e-14
4.136492103317245e-14
3.403211874150202e-14
2.664722137278748e-14
1.921010737994558e-14
1.172065521589188e-14
4.178743333541876e-15
-3.415747383219776e-15
-1.106242068540094e-14
-1.875973047638005e-14
-2.650597507761551e-14
-3.429945281056760e-14
-4.213846199669666e-14
-5.002130095746007e-14
-5.794626801431915e-14
-6.591166148873226e-14
-7.391577970215676e-14
-8.195692097605597e-14
-9.003338363188725e-14
-9.814346599110895e-14
-1.062854663751824e-13
-1.144576831055660e-13
-1.226584145037170e-13
-1.308859588910988e-13
-1.391386145891688e-13
-1.474146799193863e-13
-1.557124532032096e-13
-1.640302327621001e-13
-1.723663169175150e-13
-1.807190039909149e-13
-1.890865923037601e-13
-1.974673801775088e-13
-2.058596659336194e-13
-2.142617478935532e-13
-2.226719243787677e-13
-2.310884937107231e-13
-2.395097542108798e-13
-2.479340042006962e-13
-2.563595420016306e-13
-2.647846659351432e-13
-2.732076743226947e-13
-2.816268654857421e-13
-2.900405377457469e-13
-2.984469894241675e-13
-3.068445188424620e-13
-3.152314243220910e-13
-3.236060041845149e-13
-3.319665567511908e-13
-3.403113803435801e-13
-3.486387732831413e-13
-3.569470338913336e-13
-3.652344604896144e-13
-3.734993513994470e-13
-3.817400049422888e-13
-3.899547194395982e-13
-3.981417932128364e-13
-4.062995245834619e-13
-4.144262118729320e-13
-4.225201534027099e-13
-4.305796474942532e-13
-4.386029924690200e-13
-4.465884866484718e-13
-4.545344283540659e-13
-4.624391159072627e-13
-4.703008476295224e-13
-4.781179218423035e-13
-4.858886368670643e-13
-4.936112910252661e-13
-5.012841826383664e-13
-5.089056100278252e-13
-5.164738715151032e-13
-5.239872654216586e-13
-5.314440900689499e-13
-5.388426437784381e-13
-5.461812248715809e-13
-5.534581316698394e-13
-5.606716624946712e-13
-5.678201156675374e-13
-5.749017895098963e-13
-5.819149823432068e-13
-5.888579924889285e-13
-5.957291182685221e-13
-6.025266580034451e-13
-6.092489100151585e-13
-6.158941726251208e-13
-6.224607441547906e-13
-6.289469229256280e-13
-6.353510072590931e-13
-6.416712954766437e-13
-6.479060858997409e-13
-6.540536768498429e-13
-6.601123666484087e-13
-6.660804536168980e-13
-6.719562360767711e-13
-6.777380123494860e-13
-6.834240807565032e-13
-6.890127396192814e-13
-6.945022872592789e-13
-6.998910219979574e-13
-7.051772421567750e-13
-7.103592460571904e-13
-7.154353320206643e-13
-7.204037983686554e-13
-7.252629434226221e-13
-7.300110655040249e-13
-7.346464629343236e-13
-7.391674340349765e-13
-7.435722771274429e-13
-7.478592905331832e-13
-7.520267725736553e-13
-7.560730215703195e-13
-7.599963358446354e-13
-7.637950137180620e-13
-7.674673535120581e-13
-7.710116535480839e-13
-7.744262121475978e-13
-7.777093276320600e-13
-7.808592983229296e-13
-7.838744225416662e-13
-7.867529986097283e-13
-7.894933248485759e-13
-7.920936995796685e-13
-7.945524211244648e-13
-7.968677878044249e-13
-7.990380979410078e-13
-8.010616498556726e-13
-8.029367418698786e-13
-8.046616723050860e-13
-8.062347394827531e-13
-8.076542417243400e-13
-8.089184773513057e-13
-8.100257446851095e-13
-8.109743420472107e-13
-8.117625677590691e-13
-8.123887201421436e-13
-8.128510975178937e-13
-8.131479982077788e-13
-8.132777205332580e-13
-8.132385628157909e-13
-8.130288233768367e-13
-8.126468005378549e-13
-8.120907926203047e-13
-8.113590979456455e-13
-8.104500148353368e-13
-8.093618416108378e-13
-8.080928765936076e-13
-8.066414181051059e-13
-8.050057644667922e-13
-8.031842140001252e-13
-8.011750650265649e-13
-7.989766158675704e-13
-7.965871648446007e-13
-7.940050102791155e-13
-7.912284504925741e-13
-7.882557838064361e-13
-7.850853085421609e-13
-7.817153230212067e-13
-7.781441255650344e-13
-7.743700144951025e-13
-7.703912881328701e-13
-7.662062447997975e-13
-7.618131828173435e-13
-7.572104005069670e-13
-7.523961961901281e-13
-7.473688681882853e-13
-7.421267148228985e-13
-7.366680344154278e-13
-7.309911252873316e-13
-7.250942857600689e-13
-7.189758141551002e-13
-7.126340087938834e-13
-7.060671679978785e-13
-6.992735900885468e-13
-6.922515733873443e-13
-6.849994162157317e-13
-6.775154168951695e-13
-6.697978737471151e-13
-6.618450850930286e-13
-6.536553492543708e-13
-6.452269645525999e-13
-6.365582293091740e-13
-6.276474418455537e-13
-6.184929004831992e-13
-6.090929035435679e-13
-5.994457493481211e-13
-5.895497362183173e-13
-5.794031624756148e-13
-5.690043264414736e-13
-5.583515264373546e-13
-5.474430607847147e-13
-5.362772278050156e-13
-5.248523258197155e-13
-5.131666531502725e-13
-5.012185081181471e-13
-4.890061890448002e-13
-4.765279942516894e-13
-4.637822220602730e-13
-4.507671707920132e-13
-4.374811387683662e-13
-4.239224243107931e-13
-4.100893257407545e-13
-3.959801413797087e-13
-3.815931695491123e-13
-3.669267085704275e-13
-3.519790567651148e-13
-3.367485124546301e-13
-3.212333739604348e-13
-3.054319396039918e-13
-2.893425077067523e-13
-2.729633765901804e-13
-2.562928445757349e-13
-2.393292099848796e-13
-2.220707711390653e-13
-2.045158263597579e-13
-1.866626739684120e-13
-1.685096122864892e-13
-1.500549396354492e-13
-1.312969543367511e-13
-1.122339547118593e-13
-9.286423908222556e-14
-7.318610576930973e-14
-5.319785309457261e-14
-3.289777937947444e-14
-1.228418294547459e-14
8.644197364229340e-15
2.987849070658468e-14
5.139969423866322e-14
7.318836459580071e-14
9.522505841333552e-14
1.174903323266060e-13
1.399647429709422e-13
1.626288469816992e-13
1.854632009942072e-13
2.084483616438044e-13
2.315648855658293e-13
2.547933293956202e-13
2.781142497685067e-13
3.015082033198449e-13
3.249557466849643e-13
3.484374364992033e-13
3.719338293979002e-13
3.954254820163906e-13
4.188929509900188e-13
4.423167929541142e-13
4.656775645440270e-13
4.889558223950898e-13
5.121321231426410e-13
5.351870234220159e-13
5.581010798685589e-13
5.808548491175997e-13
6.034288878044880e-13
6.258037525645567e-13
6.479600000331440e-13
6.698781868455858e-13
6.915388696372256e-13
7.129226050433938e-13
7.340099496994399e-13
7.547814602406965e-13
7.752176933025020e-13
7.952992055201925e-13
8.150065535291113e-13
8.343202939645893e-13
8.532209834619749e-13
8.716891786566015e-13
8.897054361838074e-13
9.072503126789288e-13
9.243043647773083e-13
9.408481491142827e-13
9.568622223251860e-13
9.723271410453645e-13
9.872234619101508e-13
1.001531741554889e-12
1.015232536614910e-12
1.028306403725556e-12
1.040733899522165e-12
1.052495580640076e-12
1.063572003714630e-12
1.073943725381160e-12
1.083591302275009e-12
1.092495291031511e-12
1.100636248286005e-12
1.107994730673834e-12
1.114551294830332e-12
1.120286497390841e-12
1.125180894990695e-12
1.129215044265235e-12
1.132369501849799e-12
1.134624824379726e-12
1.135961568490354e-12
1.136360290817020e-12
1.135801547995064e-12
1.134265896659824e-12
1.131733893446638e-12
1.128186094990846e-12
1.123603057927785e-12
1.117965338892791e-12
1.111253494521208e-12
1.103448081448370e-12
1.094529656309615e-12
1.084478775740288e-12
1.073275996375717e-12
1.060901874851249e-12
1.047336967802220e-12
1.032561831863963e-12
1.016557023671825e-12
9.993030998611403e-13
9.807806170672478e-13
9.609701319254808e-13
9.398522010711871e-13
9.174073811397008e-13
8.936162287663540e-13
8.684593005865032e-13
8.419171532354617e-13
8.139703433485876e-13
7.845994275612126e-13
7.537849625086670e-13
7.215075048263049e-13
6.877476111494573e-13
6.524858381134629e-13
6.157027423536493e-13
5.773788805053747e-13
5.374948092039678e-13
4.960310850847567e-13
4.529682647831003e-13
4.082869049343271e-13
3.619675621737751e-13
3.139907931367834e-13
2.643371544586775e-13
2.129872027748199e-13
1.599214947205242e-13
1.051205869311687e-13
4.856503604205157e-14
-9.764545439940535e-15
-6.986259111829569e-14
-1.316593837108077e-13
-1.950750393824622e-13
-2.600296742982909e-13
-3.264434046233103e-13
-3.942363465225372e-13
-4.633286161610055e-13
-5.336403297036969e-13
-6.050916033156634e-13
-6.776025531618673e-13
-7.510932954073794e-13
-8.254839462172167e-13
-9.006946217563587e-13
-9.766454381898596e-13
-1.053256511682698e-12
-1.130447958399909e-12
-1.208139894506509e-12
-1.286252436167515e-12
-1.364705699547962e-12
-1.443419800812830e-12
-1.522314856127173e-12
-1.601310981655967e-12
-1.680328293564231e-12
-1.759286908017039e-12
-1.838106941179349e-12
-1.916708509216217e-12
-1.995011728292620e-12
-2.072936714573594e-12
-2.150403584224156e-12
-2.227332453409322e-12
-2.303643438294129e-12
-2.379256655043553e-12
-2.454092219822650e-12
-2.528070248796399e-12
-2.601110858129817e-12
-2.673134163987974e-12
-2.744060282535834e-12
-2.813809329938447e-12
-2.882301422360796e-12
-2.949456675967915e-12
-3.015195206924837e-12
-3.079437131396528e-12
-3.142102565548071e-12
-3.203111625544434e-12
-3.262384427550650e-12
-3.319841087731748e-12
-3.375401722252717e-12
-3.428986447278589e-12
-3.480515378974379e-12
-3.529908633505117e-12
-3.577086327035793e-12
-3.621968575731438e-12
-3.664475495757078e-12
-3.704527203277699e-12
-3.742043814458357e-12
-3.776945445464039e-12
-3.809152212459773e-12
-3.838584231610581e-12
-3.865161619081465e-12
-3.888804491037450e-12
-3.909432963643552e-12
-3.926967153064792e-12
-3.941327175466178e-12
-3.952433147012730e-12
-3.960205183869467e-12
-3.964563402201400e-12
-3.965427918173551e-12
-3.962718847950936e-12
-3.956356307698568e-12
-3.946260413581464e-12
-3.932351281764644e-12
-3.914549028413119e-12
-3.892773769691919e-12
-3.866945621766039e-12
-3.836984700800514e-12
-3.802811122960356e-12
-3.764345004410567e-12
-3.721506461316187e-12
-3.674215609842221e-12
-3.622392566153686e-12
-3.565957446415601e-12
-3.504830366792963e-12
-3.438931443450822e-12
-3.368180792554158e-12
-3.292498530268047e-12
-3.211804772757446e-12
-3.126019636187373e-12
-3.035063236722883e-12
-2.938855690528948e-12
-2.837317113770634e-12
-2.730367622612934e-12
-2.617927333220863e-12
-2.499916361759439e-12
-2.376254824393646e-12
-2.246862837288562e-12
-2.111660516609141e-12
-1.970567978520465e-12
-1.823505339187556e-12
-1.670392714775318e-12
-1.511150221448879e-12
-1.345697975373177e-12
-1.173956092713311e-12
-9.958446896342558e-13
-8.112838823010313e-13
-6.201937868786499e-13
-4.224945195320798e-13
-2.181061964264362e-13
-6.948933726635618e-15
2.109819665737005e-13
4.351355322172553e-13
6.647117378899732e-13
8.989093834988858e-13
1.136927268951312e-12
1.377964194154335e-12
1.621218959015215e-12
1.865890363441217e-12
2.111177207339359e-12
2.356278290617087e-12
2.600392413181420e-12
2.842718374939682e-12
3.082454975798953e-12
3.318801015666498e-12
3.550955294449517e-12
3.778116612055213e-12
3.999483768390842e-12
4.214255563363497e-12
4.421630796880436e-12
4.620808268848908e-12
4.810986779175970e-12
4.991365127769015e-12
5.161142114535105e-12
5.319516539381488e-12
5.465687202215404e-12
5.598852902943980e-12
5.718212441474456e-12
5.822964617714034e-12
5.912308231569937e-12
5.985442082949323e-12
6.041564971759416e-12
6.079875697907429e-12
6.099573061300543e-12
6.099855861845971e-12
6.079922899450918e-12
6.038972974022583e-12
5.976204885468152e-12
5.890817433694858e-12
5.782009418609859e-12
5.648979640120448e-12
5.490926898133694e-12
5.307049992556908e-12
5.096547723297258e-12
4.858618890261881e-12
4.592462293358098e-12
4.297276732493056e-12
3.972261007573957e-12
3.616613918508005e-12
3.229534265202294e-12
2.810220847564230e-12
2.357872465500798e-12
1.871687918919553e-12
1.350866007727347e-12
7.946055318313548e-13
2.025483454159423e-13
-4.196487924721410e-13
-1.061994279740514e-12
-1.714400814573623e-12
-2.366781095155103e-12
-3.009047819669575e-12
-3.631113686301156e-12
-4.222891393233659e-12
-4.774293638651504e-12
-5.275233120738542e-12
-5.715622537678942e-12
-6.085374587657136e-12
-6.374401968856951e-12
-6.572617379462652e-12
-6.669933517658264e-12
-6.656263081627980e-12
-6.521518769555927e-12
-6.255613279626233e-12
-5.848459310022907e-12
-5.289969558930276e-12
-4.570056724532186e-12
-3.678633505013124e-12
-2.605612598557348e-12
-1.340906703348109e-12
1.255714824295816e-13
1.803909260592341e-12
3.704193932955200e-12
5.835456028077728e-12
8.186219314176724e-12
1.072641263269415e-11
1.342529156692585e-11
1.625211170016316e-11
1.917612861570078e-11
2.216659789683056e-11
2.519277512684652e-11
2.822391588904197e-11
3.122927576671021e-11
3.417811034314529e-11
3.703967520163903e-11
3.978322592548549e-11
4.237801809797859e-11
4.479330730240976e-11
4.699834912207472e-11
4.896239914026504e-11
5.065471294027461e-11
5.204454610539704e-11
5.310115421892494e-11
5.379379286415199e-11
5.409171762437151e-11
5.396418408287672e-11
5.338044782296098e-11
5.230976442791765e-11
5.072138948103952e-11
4.858457856562134e-11
4.587242576996317e-11
4.267108995336623e-11
3.919555947040174e-11
3.566783097490934e-11
3.230990112073136e-11
2.934376656170676e-11
2.699142395167811e-11
2.547486994448363e-11
2.501610119396532e-11
2.583711435396323e-11
2.815990607831866e-11
3.220647302087102e-11
3.819881183546120e-11
4.635891917592974e-11
5.690879169611717e-11
7.007042604986764e-11
8.606581889101512e-11
1.051169668734083e-10
1.274458666508721e-10
1.532745148772627e-10
1.828249082064232e-10
2.163190432921795e-10
2.539789167883889e-10
2.960265253488731e-10
3.426838656274817e-10
3.941729342780549e-10
4.507157279544336e-10
5.125408688931400e-10
5.802022881318096e-10
6.547204939395107e-10
7.371520309199074e-10
8.285534436766942e-10
9.299812768136445e-10
1.042492074934387e-09
1.167142382642680e-09
1.304988744542161e-09
1.457087705236561e-09
1.624495809329582e-09
1.808269601424925e-09
2.009465626126342e-09
2.229140428037435e-09
2.469401781730646e-09
2.739675468977029e-09
3.052498614686532e-09
3.420419748311153e-09
3.855987399302377e-09
4.371750097112173e-09
4.980256371192024e-09
5.694054750993794e-09
6.525693765969223e-09
7.487721945570051e-09
8.592687819248318e-09
9.853139916455214e-09
1.128162676664312e-08
1.289115238652850e-08
1.473829391607916e-08
1.695866392006657e-08
1.969622122841374e-08
2.309492467104462e-08
2.729873307788053e-08
3.245160527884523e-08
3.869769902613660e-08
4.618568084084491e-08
5.506868940601685e-08
6.550005500541491e-08
7.763310792280977e-08
9.162117844197378e-08
1.076175968466686e-07
1.258743202269140e-07
1.475576087108862e-07
1.743292786329009e-07
2.078560423423859e-07
2.498046121887879e-07
3.018417005215622e-07
3.656340196901062e-07
4.433793650742920e-07
5.396754845776796e-07
6.597977311461569e-07
8.092295285713030e-07
9.969196923078232e-07
1.234677408911282e-06
1.534401675916767e-06
1.909037341273175e-06
2.373946126325069e-06
2.944830106936382e-06
3.641401481717208e-06
4.512861522426531e-06
5.621570805832801e-06
7.030492665734972e-06
8.821835382641315e-06
1.110416049713345e-05
1.401005517428105e-05
1.768108633482579e-05
2.224790249957415e-05
2.794425875257386e-05
3.515933524794370e-05
4.421741698513847e-05
5.545748297253343e-05
6.931588226339644e-05
8.643819455554270e-05
1.072345278820219e-04
1.321867266590593e-04
1.617646257462143e-04
1.964170054131660e-04
2.365647919808984e-04
2.826002892929439e-04
3.348919647260479e-04
3.937907675275977e-04
4.596314896528850e-04
5.327242931517850e-04
6.133355373197865e-04
7.016554799126654e-04
7.977339208566815e-04
9.013296237941343e-04
1.011577913195041e-03
1.126391452800335e-03
1.241660783771612e-03
1.350576648582677e-03
1.443591594784791e-03
1.509439884690283e-03
1.537228783436803e-03
1.518766548805626e-03
1.451219642973451e-03
1.338666242650492e-03
1.191344095768954e-03
1.023388683802054e-03
8.496808726413726e-04
6.833439019598140e-04
5.338845633203303e-04
4.065357406152378e-04
3.029309654080143e-04
2.216270234815839e-04
1.597246217176233e-04
1.137284497862665e-04
8.042128454577416e-05
5.653737140656200e-05
3.951540093179338e-05
2.748699931036961e-05
1.901173861848460e-05
1.318121518538851e-05
9.277909250186122e-06
6.510334986673422e-06
4.540255803272348e-06
3.168759454789859e-06
2.200632668822636e-06
1.512730736435356e-06
1.045790433001835e-06
7.441070160715112e-07
5.525017965626923e-07
4.167140704339849e-07
3.070215989059559e-07
2.203254393731619e-07
1.548611311411695e-07
1.082942503057709e-07
7.650913878069837e-08
5.504313070025126e-08
3.964733547994539e-08
2.830409159275439e-08
2.032318195805929e-08
1.503198323240480e-08
1.175787207233830e-08
9.828225134409295e-09
8.570419075164752e-09
7.405574539712427e-09
6.224746181394160e-09
5.065933137543628e-09
3.967184514652022e-09
2.966549419209420e-09
2.102076957707130e-09
1.411773299991289e-09
9.154797565948347e-10
5.867558029357068e-10
3.918973845944845e-10
2.972004471518723e-10
2.689609361884209e-10
2.734747972847440e-10
2.773952465192168e-10
2.629360695016490e-10
2.335488351743093e-10
1.942123733810474e-10
1.499055139657459e-10
1.056070867722686e-10
6.629592164444503e-11
3.668533136026644e-11
1.765955471558846e-11
7.227082705189922e-12
3.326467448351976e-12
3.896261064363125e-12
6.875015672509875e-12
1.020128339208082e-11
1.205622789899087e-11
1.221292035536195e-11
1.108618052103555e-11
9.092600373812684e-12
6.648771891491824e-12
4.171287051874886e-12
2.076711715649888e-12
6.698934048323262e-13
-1.116493430397843e-13
-4.057822751243913e-13
-3.503711385794445e-13
-8.328168056280919e-14
2.576203517674031e-13
5.351845026047880e-13
6.705074837406826e-13
6.850996834401543e-13
6.104123676651022e-13
4.778968023774255e-13
3.190042535389829e-13
1.651859871117598e-13
4.694073332952482e-14
-2.504474776235109e-14
-5.879659761739113e-14
-6.307345520026701e-14
-4.663395947560053e-14
-1.823674940802315e-14
1.335953603781404e-14
4.006384136615542e-14
5.959555979180371e-14
7.266584748265974e-14
8.001058592028761e-14
8.236565658624666e-14
8.046694096210229e-14
7.505032052941567e-14
6.685167676975488e-14
5.660689116467487e-14
4.505184519574554e-14
3.292242034452740e-14
2.095449809258043e-14
9.883959921473710e-15
4.453093014245261e-16
-6.897104058064075e-15
-1.227122458466718e-14
-1.588354235548011e-14
-1.794054744760449e-14
-1.864872993814040e-14
-1.821457990418759e-14
-1.684458742284648e-14
-1.474524257121709e-14
-1.212303542639949e-14
-9.184456065493000e-15
-6.135994565599164e-15
-3.184141003816657e-15
-5.353854572476334e-16
1.616423129436180e-15
3.226633473911734e-15
4.347927455811564e-15
5.034658236493820e-15
5.341178977316191e-15
5.321842839636925e-15
5.031002984814044e-15
4.523012574205579e-15
3.852224769169359e-15
3.072992731063773e-15
2.239669621246462e-15
1.406608601075899e-15
6.281628319100682e-16
-4.133378772272195e-17
-5.635774453821426e-16
-9.453616953725423e-16
-1.201352663405683e-15
-1.346216475193652e-15
-1.394619256448328e-15
-1.361227132881733e-15
-1.260706230205762e-15
-1.107722674132419e-15
-9.169425903735834e-16
-7.030321046413065e-16
-4.806573426475503e-16
-2.644844301040976e-16
-6.917949272306753e-17
9.117940701243280e-17
2.122473852944961e-16
2.976805918446481e-16
3.513726346438326e-16
3.772171216729932e-16
3.791076609130713e-16
3.609378603450107e-16
3.266013279497478e-16
2.799916717082445e-16
2.250024996014523e-16
1.655274196102714e-16
1.054600397156888e-16
4.869396789862020e-17
-8.772125350806330e-19
-4.024656934863276e-17
-6.963672397089136e-17
-9.000539431574037e-17
-1.023102982971030e-16
-1.075091538288695e-16
-1.065596788249457e-16
-1.004195911992345e-16
-9.004660886563912e-17
-7.639844973806189e-17
-6.043283173040536e-17
-4.310747275656752e-17
-2.538009073045981e-17
-8.208403565980521e-18
7.470174994800097e-18
2.121382394095632e-17
3.309274275489273e-17
4.320072173856935e-17
5.163155119396096e-17
5.847902142303297e-17
6.383692272775734e-17
6.779904541010371e-17
7.045917977204173e-17
7.191111611554125e-17
7.224864474257121e-17
7.156555595510174e-17
6.995564005510200e-17
6.751268734454247e-17
6.433048812539242e-17
6.050283269962153e-17
5.612351136919947e-17
5.128631443609457e-17
4.608503220227898e-17
4.061345496971969e-17
3.496537304039060e-17
2.923457671625572e-17
2.351485629928898e-17
1.790000209145849e-17
1.248380439473275e-17
7.360053511083944e-18
2.622539742480384e-18
-1.636213551646671e-18
-5.372935403046378e-18
-8.608335441658150e-18
-1.136739922848611e-17
-1.367511232453738e-17
-1.555646029081612e-17
-1.703642868832997e-17
-1.814000307808340e-17
-1.889216902108256e-17
-1.931791207833326e-17
-1.944221781084102e-17
-1.929007177961165e-17
-1.888645954565110e-17
-1.825636666996488e-17
-1.742477871355858e-17
-1.641668123743835e-17
-1.525705980260942e-17
-1.397089997007813e-17
-1.258318730085029e-17
-1.111890735593056e-17
-9.603045696325745e-18
-8.060587883040843e-18
-6.516519477082357e-18
-4.995826039455251e-18
-3.523493131166423e-18
-2.124506313220463e-18
-8.238511466231500e-19
3.536450990546335e-19
1.394249484375297e-18
2.302412323680176e-18
3.084269418516527e-18
3.745956570432055e-18
4.293609580973380e-18
4.733364251687942e-18
5.071356384122683e-18
5.313721779824887e-18
5.466596240341746e-18
5.536115567220337e-18
5.528415562007893e-18
5.449632026251555e-18
5.305900761498448e-18
5.103357569295805e-18
4.848138251190761e-18
4.546378608730482e-18
4.204214443462123e-18
3.827781556932752e-18
3.423215750689716e-18
2.996652826280090e-18
2.554228585250923e-18
2.102078829149715e-18
1.646339359523171e-18
1.193145977918801e-18
7.486344858835413e-19
3.189406849647783e-19
-8.981241364027426e-20
-4.735147962758566e-19
-8.322452800851408e-19
-1.166605367138655e-18
-1.477196559506679e-18
-1.764620359259745e-18
-2.029478268468366e-18
-2.272371789202856e-18
-2.493902423533730e-18
-2.694671673531436e-18
-2.875281041266420e-18
-3.036332028809169e-18
-3.178426138230048e-18
-3.302164871599575e-18
-3.408149730988113e-18
-3.496982218466215e-18
-3.569263836104253e-18
-3.625596085972701e-18
-3.666580470142012e-18
-3.692818490682614e-18
-3.704911649664967e-18
-3.703461449159516e-18
-3.689069391236710e-18
-3.662336977966988e-18
-3.623865711420808e-18
-3.574257093668601e-18
-3.514112626780854e-18
-3.444033812827954e-18
-3.364622153880398e-18
-3.276479152008616e-18
-3.180206309283030e-18
-3.076405127774137e-18
-2.965677109552328e-18
-2.848623756688140e-18
-2.725846571251933e-18
-2.597947055314151e-18
-2.465526710945305e-18
-2.329187040215775e-18
-2.189529545196074e-18
-2.047155727956658e-18
-1.902667090567862e-18
-1.756665135100239e-18
-1.609751363624169e-18
-1.462527278210165e-18
-1.315594380928611e-18
-1.169554173850054e-18
-1.025008159044838e-18
-8.825578385834096e-19
-7.428047145362832e-19
-6.063502889738397e-19
-4.737960639665985e-19
-3.457435415849932e-19
-2.227942238993911e-19
-1.055496129803189e-19
5.388804970865408e-21
1.095664434829082e-19
2.070346687796553e-19
2.979536928502539e-19
3.824837276837632e-19
4.607849852693932e-19
5.330176775962075e-19
5.993420166533679e-19
6.599182144299662e-19
7.149064829151447e-19
7.644670340980288e-19
8.087600799677435e-19
8.479458325134229e-19
8.821845037241729e-19
9.116363055891289e-19
9.364614500974215e-19
9.568201492381590e-19
9.728726150004875e-19
9.847790593735178e-19
9.926996943463811e-19
9.967947319081987e-19
9.972243840480984e-19
9.941488627552053e-19
9.877283800186441e-19
9.781231478275374e-19
9.654933781710157e-19
9.499992830382009e-19
9.318010744182143e-19
9.110589643001900e-19
8.879331646732485e-19
8.625838875265155e-19
8.351713448491154e-19
8.058557486301664e-19
7.747973108588081e-19
7.421562435241496e-19
7.080927586153419e-19
6.727670681214758e-19
6.363393840317026e-19
5.989699183351386e-19
5.608188830208995e-19
5.220464900781289e-19
4.828129514959433e-19
4.432784792634672e-19
4.036032853698266e-19
3.639475818041360e-19
3.244715805555392e-19
2.853354936131436e-19
2.466995329661041e-19
2.087239106035048e-19
1.715688385145007e-19
1.353945286882081e-19
1.003611931137426e-19
6.662904378024688e-20
3.435829267683013e-20
3.709151792640173e-21
-2.518044833527854e-20
-5.230269305460912e-20
-7.769686407670086e-20
-1.014023080734307e-19
-1.234583717166511e-19
-1.439044016782322e-19
-1.627797446300384e-19
-1.801237472439338e-19
-1.959757561917864e-19
-2.103751181454525e-19
-2.233611797768036e-19
-2.349732877576945e-19
-2.452507887599988e-19
-2.542330294555796e-19
-2.619593565162967e-19
-2.684691166140182e-19
-2.738016564206050e-19
-2.779963226079222e-19
-2.810924618478367e-19
-2.831294208122101e-19
-2.841465461729075e-19
-2.841831846017926e-19
-2.832786827707301e-19
-2.814723873515842e-19
-2.788036450162189e-19
-2.753118024364978e-19
-2.710362062842866e-19
-2.660162032314473e-19
-2.602911399498469e-19
-2.539003631113481e-19
-2.468832193878155e-19
-2.392790554511131e-19
-2.311272179731029e-19
-2.224670536256535e-19
-2.133379090806267e-19
-2.037791310098847e-19
-1.938300660852987e-19
-1.835300609787231e-19
-1.729184623620297e-19
-1.620346169070774e-19
-1.509178712857360e-19
-1.396075721698669e-19
-1.281430662313342e-19
-1.165637001420022e-19
-1.049088205737324e-19
-9.321777419839426e-20
-8.152990768784976e-20
-6.988456771395985e-20
-5.832110094859731e-20
-4.687885406361529e-20
-3.559717373088614e-20
-2.451540662226874e-20
-1.367289940963233e-20
-3.108998764838799e-21
7.139418554996602e-21
1.706097424207281e-20
2.665933270553214e-20
3.593835277927578e-20
4.490189329721469e-20
5.355381309325951e-20
6.189797100131446e-20
6.993822585529025e-20
7.767843648909538e-20
8.512246173663840e-20
9.227416043182958e-20
9.913739140857388e-20
1.057160135007832e-19
1.120138855423613e-19
1.180348663672230e-19
1.237828148092721e-19
1.292615897024188e-19
1.344750498805728e-19
1.394270541776400e-19
1.441214614275304e-19
1.485621304641524e-19
1.527529201214145e-19
1.566976892332263e-19
1.604002966334942e-19
1.638646011561287e-19
1.670944616350365e-19
1.700937369041270e-19
1.728662857973089e-19
1.754159671484905e-19
1.777466397915811e-19
1.798621625604878e-19
1.817663942891204e-19
1.834631938113860e-19
1.849564199611944e-19
1.862499315724541e-19
1.873475874790728e-19
1.882532465149598e-19
1.889707675140230e-19
1.895040093101711e-19
1.898568307373130e-19
1.900330906293568e-19
1.900366478202112e-19
1.898713611437847e-19
1.895410894339857e-19
1.890496915247231e-19
1.884010262499050e-19
1.875989524434400e-19
1.866473289392368e-19
1.855500145712036e-19
1.843108681732494e-19
1.829337485792824e-19
1.814225146232113e-19
1.797810251389445e-19
1.780131389603901e-19
1.761227149214576e-19
1.741136118560549e-19
1.719896885980901e-19
1.697548039814733e-19
1.674128168401108e-19
1.649675860079129e-19
1.624229703187869e-19
1.597828286066425e-19
1.570510197053876e-19
1.542314024489308e-19
1.513278356711806e-19
1.483441782060447e-19
1.452842888874333e-19
1.421520265492540e-19
1.389512500254146e-19
1.356858181498260e-19
1.323595897563935e-19
1.289764236790281e-19
1.255401787516365e-19
1.220547138081292e-19
1.185238876824135e-19
1.149515592083974e-19
1.113415872199918e-19
1.076978305511019e-19
1.040241480356388e-19
1.003243985075101e-19
9.660244080062338e-20
9.286213374888916e-20
8.910733618621493e-20
8.534190694650899e-20
8.156970486368039e-20
7.779458877163628e-20
7.402041750428716e-20
7.025104989553962e-20
6.649034477930519e-20
6.274216098948859e-20
5.901035736000091e-20
5.529879272475017e-20
5.161132591764349e-20
4.795181577259163e-20
4.432412112350189e-20
4.073210080428304e-20
3.717961364884334e-20
3.367051849109060e-20
3.020867416493542e-20
2.679793950428393e-20
2.344217334304668e-20
2.014523451513146e-20
1.691098185444666e-20
1.374327419490079e-20
1.064597037040156e-20
7.622929214859404e-21
4.678009562180751e-21
1.815070246276702e-21
-9.620648587557280e-22
-3.651438202615640e-21
-6.253859359943685e-21
-8.770361831623329e-21
-1.120197911853547e-20
-1.354974472156234e-20
-1.581469214158783e-20
-1.799785487949237e-20
-2.010026643615922e-20
-2.212296031246948e-20
-2.406697000930634e-20
-2.593332902755051e-20
-2.772307086808560e-20
-2.943722903179371e-20
-3.107683701955615e-20
-3.264292833225590e-20
-3.413653647077433e-20
-3.555869493599401e-20
-3.691043722879710e-20
-3.819279685006577e-20
-3.940680730068246e-20
-4.055350208152874e-20
-4.163391469348708e-20
-4.264907863743990e-20
-4.360002741426861e-20
-4.448779452485632e-20
-4.531341347008450e-20
-4.607791775083575e-20
-4.678234086799183e-20
-4.742771632243510e-20
-4.801507761504774e-20
-4.854545824671189e-20
-4.901989171830983e-20
-4.943941153072350e-20
-4.980505118483516e-20
-5.011784418152708e-20
-5.037882402168118e-20
-5.058902420617988e-20
-5.074947823590520e-20
-5.086121961173933e-20
-5.092528183456443e-20
-5.094269840526266e-20
-5.091450282471618e-20
-5.084172859380720e-20
-5.072540921341779e-20
-5.056657818443019e-20
-5.036626900772655e-20
-5.012551518418896e-20
-4.984535021469971e-20
-4.952680760014088e-20
-4.917092084139467e-20
-4.877872343934321e-20
-4.835124889486857e-20
-4.788953070885312e-20
-4.739460238217879e-20
-4.686749741572813e-20
-4.630924931038277e-20
-4.572089156702530e-20
-4.510345768653769e-20
-4.445798116980201e-20
-4.378549551770069e-20
-4.308703423111576e-20
-4.236363081092937e-20
-4.161631875802370e-20
-4.084613157328072e-20
-4.005410275758294e-20
-3.924126581181217e-20
-3.840865423685093e-20
-3.755730153358124e-20
-3.668824120288520e-20
-3.580250674564504e-20
-3.490113166274265e-20
-3.398514945506063e-20
-3.305559362348075e-20
-3.211349766888579e-20
-3.115989509215727e-20
-3.019581939417732e-20
-2.922230407582858e-20
-2.824038263799274e-20
-2.725108858155246e-20
-2.625545540738963e-20
-2.525451661638621e-20
-2.424930570942478e-20
-2.324085618738761e-20
-2.223020155115626e-20
-2.121837530161298e-20
-2.020641093964033e-20
-1.919534196612031e-20
-1.818620188193485e-20
-1.718002418796649e-20
-1.617784238509699e-20
-1.518068997420903e-20
-1.418960045618444e-20
-1.320560733190520e-20
-1.222974410225397e-20
-1.126304426811231e-20
-1.030654133036349e-20
-9.361268789888165e-21
-8.428260147569487e-21
-7.508548904289351e-21
-6.603168560929662e-21
-5.713152618373094e-21
-4.839534577501357e-21
-3.983347939197040e-21
-3.145626204342042e-21
-2.327402873818420e-21
-1.529711448508647e-21
-7.535854292945684e-22
-5.831705900329198e-26
7.300544990655865e-22
1.436810076939253e-21
2.120483586171721e-21
2.781350196372639e-21
3.419685077151160e-21
4.035763398117091e-21
4.629860328879607e-21
5.202251039048353e-21
5.753210698232947e-21
6.283014476042599e-21
6.791937542087061e-21
7.280255065975563e-21
7.748242217317490e-21
8.196174165722907e-21
8.624326080800833e-21
9.032973132160971e-21
9.422390489412601e-21
9.792853322165403e-21
1.014463680002868e-20
1.047801609261200e-20
1.079326636952495e-20
1.109066280037683e-20
1.137048055477728e-20
1.163299480233567e-20
1.187848071266140e-20
1.210721345536429e-20
1.231946820005357e-20
1.251552011633883e-20
1.269564437382946e-20
1.286011614213499e-20
1.300921059086496e-20
1.314320288962875e-20
1.326236820803594e-20
1.336698171569594e-20
1.345731858221828e-20
1.353365397721245e-20
1.359626307028790e-20
1.364542103105413e-20
1.368140302912065e-20
1.370448423409694e-20
1.371493981559246e-20
1.371304494321670e-20
1.369907478657916e-20
1.367330451528932e-20
1.363600929895666e-20
1.358746430719067e-20
1.352794470960085e-20
1.345772567579664e-20
1.337708237538758e-20
1.328628997798315e-20
1.318562365319280e-20
1.307535857062601e-20
1.295576989989231e-20
1.282713281060116e-20
1.268972247236202e-20
1.254381405478444e-20
1.238968272747782e-20
1.222760366005174e-20
1.205785202211564e-20
1.188070298327896e-20
1.169643171315127e-20
1.150531338134198e-20
1.130762315746075e-20
1.110363621111678e-20
1.089362771191975e-20
1.067787282947910e-20
1.045664673340426e-20
1.023022459330482e-20
9.998881578790153e-21
9.762892859469860e-21
9.522533604953378e-21
9.278078984850128e-21
9.029804168769709e-21
8.777984326321489e-21
8.522894627115204e-21
8.264810240759960e-21
8.004006336865486e-21
7.740758085041223e-21
7.475340654896588e-21
7.208029216041184e-21
6.939098938084362e-21
6.668824990635766e-21
6.397482543304789e-21
6.125346765700870e-21
5.852692827433600e-21
5.579795898112353e-21
5.306931147346751e-21
5.034373744746338e-21
4.762398859920260e-21
4.491281662478274e-21
4.221297322029745e-21
3.952721008184183e-21
3.685827890551268e-21
3.420893138740169e-21
3.158191922360541e-21
2.897999411021970e-21
2.640590774333686e-21
2.386241181905321e-21
2.135225803346469e-21
1.887819808266496e-21
1.644298366274782e-21
1.404936646980913e-21
1.170009819994491e-21
9.397930549247684e-22
7.145615213813555e-22
4.945903889738524e-22
2.801548273115255e-22
7.153000600394611e-23
-1.310245748544702e-22
-3.274430481531773e-22
-5.177901450937215e-22
-7.021330432331591e-22
-8.805389201284705e-22
-1.053074953337169e-21
-1.219808320416229e-21
-1.380806198922807e-21
-1.536135766413983e-21
-1.685864200447068e-21
-1.830058678579139e-21
-1.968786378367285e-21
-2.102114477368799e-21
-2.230110153140769e-21
-2.352840583240288e-21
-2.470372945224638e-21
-2.582774416650855e-21
-2.690112175076209e-21
-2.792453398057747e-21
-2.889865263152731e-21
-2.982414947918260e-21
-3.070169629911452e-21
-3.153196486689547e-21
-3.231562695809659e-21
-3.305335434828942e-21
-3.374581881304520e-21
-3.439369212793617e-21
-3.499764606853356e-21
-3.555835241040863e-21
-3.607648292913328e-21
-3.655270940027927e-21
-3.698770359941770e-21
-3.738213730212058e-21
-3.773668228395922e-21
-3.805201032050519e-21
-3.832879318732994e-21
-3.856770266000527e-21
-3.876941051410263e-21
-3.893458852519349e-21
-3.906390846884957e-21
-3.915804212064234e-21
-3.921766125614337e-21
-3.924343765092425e-21
-3.923604308055653e-21
-3.919614932061176e-21
-3.912442814666153e-21
-3.902155133427733e-21
-3.888819065903076e-21
-3.872501789649347e-21
-3.853270482223686e-21
-3.831192321183255e-21
-3.806334484085212e-21
-3.778764148486727e-21
-3.748548491944944e-21
-3.715754692017001e-21
-3.680449926260089e-21
-3.642701372231326e-21
-3.602576207487888e-21
-3.560141609586931e-21
-3.515464756085632e-21
-3.468612824541103e-21
-3.419652992510523e-21
-3.368652437551075e-21
-3.315678337219860e-21
-3.260797869074062e-21
-3.204078210670867e-21
-3.145586539567402e-21
-3.085390033320794e-21
-3.023555869488228e-21
-2.960151225626889e-21
-2.895243279293872e-21
-2.828899208046365e-21
-2.761186189441560e-21
-2.692171401036543e-21
-2.621922020388501e-21
-2.550505225054594e-21
-2.477988192592015e-21
-2.404438100557849e-21
-2.329922126509320e-21
-2.254507448003551e-21
-2.178261242597657e-21
-2.101250687848832e-21
-2.023542961314239e-21
-1.945205240551068e-21
-1.866304703116395e-21
-1.786908526567417e-21
-1.707083888461330e-21
-1.626897966355212e-21
-1.546417937806260e-21
-1.465710980371666e-21
-1.384844271608505e-21
-1.303884989074019e-21
-1.222900310325282e-21
-1.141957412919527e-21
-1.061123474413836e-21
-9.804656723653954e-22
-9.000511843314085e-22
-8.199471878689549e-22
-7.402208605352221e-22
-6.609393798873706e-22
-5.821699234825963e-22
-5.039796688779763e-22
-4.264357936307059e-22
-3.496054752980175e-22
-2.735558914369117e-22
-1.983542196046238e-22
-1.240676373583458e-22
-5.076332225516278e-23
2.149187733391466e-23
9.265658229439577e-23
1.627325856693663e-22
2.317258623856808e-22
2.996423873700881e-22
3.664881355493393e-22
4.322690818502859e-22
4.969912011996781e-22
5.606604685242689e-22
6.232828587508751e-22
6.848643468063116e-22
7.454109076173311e-22
8.049285161106884e-22
8.634231472132275e-22
9.209007758517024e-22
9.773673769528694e-22
1.032828925443570e-21
1.087291396250559e-21
1.140760764300621e-21
1.193243004520514e-21
1.244744091837051e-21
1.295270001177039e-21
1.344826707467214e-21
1.393420185634408e-21
1.441056410605380e-21
1.487741357306917e-21
1.533481000665778e-21
1.578281315608794e-21
1.622148277062727e-21
1.665087859954338e-21
1.707106039210457e-21
1.748208789757844e-21
1.788402086523265e-21
1.827691904433525e-21
1.866084218415426e-21
1.903585003395734e-21
1.940200234301215e-21
1.975935886058689e-21
2.010797933594922e-21
2.044792351836682e-21
2.077925115710787e-21
2.110202200144004e-21
2.141629580063118e-21
2.172213230394898e-21
2.201959126066158e-21
2.230873242003654e-21
2.258961553134183e-21
2.286230034384545e-21
2.312684660681510e-21
2.338331406951861e-21
2.363176248122371e-21
2.387225159119849e-21
2.410484114871066e-21
2.432959090302797e-21
2.454656060341846e-21
2.475580999914988e-21
2.495739883948998e-21
2.515138687370678e-21
2.533783385106795e-21
2.551679952084150e-21
2.568834363229512e-21
2.585252593469681e-21
2.600940617731432e-21
2.615904410941543e-21
2.630149948026813e-21
2.643683203914019e-21
2.656510153529944e-21
2.668636771801367e-21
2.680069033655085e-21
2.690812914017876e-21
2.700874387816514e-21
2.710259429977805e-21
2.718974015428520e-21
2.727024119095446e-21
2.734415715905363e-21
2.741154780785061e-21
2.747247288661323e-21
2.752699214460930e-21
2.757516533110671e-21
2.761705219537327e-21
2.765271248667683e-21
2.768220595428524e-21
2.770559234746635e-21
2.772293141548797e-21
2.773428290761799e-21
2.773970657312421e-21
2.773926216127450e-21
2.773300942133670e-21
2.772100810257864e-21
2.770331795426817e-21
2.767999872567315e-21
2.765111016606138e-21
2.761671202470075e-21
2.757686405085907e-21
2.753162599380421e-21
2.748105760280401e-21
2.742521862712628e-21
2.736416881603891e-21
2.729796791880969e-21
2.722667568470649e-21
2.715035186299716e-21
2.706905620294956e-21
2.698284845383148e-21
2.689178836491079e-21
2.679593568545539e-21
2.669535016473301e-21
2.659009155201156e-21
2.648021959655892e-21
2.636579404764289e-21
2.624687465453127e-21
2.612352116649194e-21
2.599579333279279e-21
2.586375090270158e-21
2.572745362548619e-21
2.558696125041454e-21
2.544233352675431e-21
2.529363020377344e-21
2.514091103073978e-21
2.498423575692121e-21
2.482366413158545e-21
2.465925590400052e-21
2.449107082343414e-21
2.431916863915409e-21
2.414360910042830e-21
2.396445195652459e-21
2.378175695671093e-21
2.359558385025495e-21
2.340599238642461e-21
2.321304231448782e-21
2.301679338371224e-21
2.281730534336584e-21
2.261463794271651e-21
2.240885093103196e-21
2.220000405758015e-21
2.198815707162880e-21
2.177336972244590e-21
2.155570175929912e-21
2.133521293145641e-21
2.111196298818568e-21
2.088601167875462e-21
2.065741875243111e-21
2.042624395848305e-21
2.019254704617836e-21
1.995638776478469e-21
1.971782586356995e-21
1.947692109180228e-21
1.923373319874899e-21
1.898832193367822e-21
1.874074704585775e-21
1.849106828455559e-21
1.823934539903931e-21
1.798563813857689e-21
1.773000625243631e-21
1.747250948988513e-21
1.721320760019135e-21
1.695216033262295e-21
1.668942743644746e-21
1.642506866093290e-21
1.615914375534724e-21
1.589171246895819e-21
1.562283455103344e-21
1.535256975084098e-21
1.508097781764880e-21
1.480811850072444e-21
1.453405154933591e-21
1.425883671275103e-21
1.398253374023782e-21
1.370520238106381e-21
1.342690238449698e-21
1.314769349980533e-21
1.286763547625657e-21
1.258678806311838e-21
1.230521100965889e-21
1.202296406514566e-21
1.174010697884668e-21
1.145669950002980e-21
1.117280137796299e-21
1.088847236191384e-21
1.060377220115027e-21
1.031876064494034e-21
1.003349744255156e-21
9.748042343251930e-22
9.462455096309457e-22
9.176795450991814e-22
8.891123156566693e-22
8.605497962302087e-22
8.319979617466014e-22
8.034627871326006e-22
7.749502473150021e-22
7.464663172206103e-22
7.180169717761775e-22
6.896081859085040e-22
6.612459345443718e-22
6.329361926105783e-22
6.046849350338844e-22
5.764981367410979e-22
5.483817726589927e-22
5.203418177143352e-22
4.923842468339270e-22
4.645150349445548e-22
4.367401569730081e-22
4.090655878460543e-22
3.814973024904808e-22
3.540412758330903e-22
3.267034828006453e-22
2.994898983199355e-22
2.724064973177623e-22
2.454592547208826e-22
2.186541454561060e-22
1.919971444501958e-22
1.654942266299555e-22
1.391513669221476e-22
1.129745402535651e-22
8.696972155101004e-23
6.114288574124008e-23
3.550000775105055e-23
1.004706250722806e-23
-1.521021050784649e-23
-4.026959475790434e-23
-6.513158567749696e-23
-8.979674846247382e-23
-1.142656483087585e-22
-1.385388504122002e-22
-1.626169199686731e-22
-1.865004221740393e-22
-2.101899222241970e-22
-2.336859853150081e-22
-2.569891766423352e-22
-2.801000614020758e-22
-3.030192047900921e-22
-3.257471720022470e-22
-3.482845282344372e-22
-3.706318386825257e-22
-3.927896685423752e-22
-4.147585830098712e-22
-4.365391472808988e-22
-4.581319265513209e-22
-4.795374860170008e-22
-5.007563908738342e-22
-5.217892063176845e-22
-5.426364975444257e-22
-5.632988297499216e-22
-5.837767681300670e-22
-6.040708778807257e-22
-6.241817241977617e-22
-6.441098722770593e-22
-6.638558873145024e-22
-6.834203345059455e-22
-7.028037790472821e-22
-7.220067861343767e-22
-7.410299209631031e-22
-7.598737487293262e-22
-7.785388346289389e-22
-7.970257438578059e-22
-8.153350416117922e-22
-8.334672930867900e-22
-8.514230634786646e-22
-8.692029179832897e-22
-8.868074217965220e-22
-9.042371401142709e-22
-9.214926381323928e-22
-9.385744810467534e-22
-9.554832340532437e-22
-9.722194623477293e-22
-9.887837311260761e-22
-1.005176605584175e-21
-1.021398650917891e-21
-1.037450432323099e-21
-1.053332514995664e-21
-1.069045464131478e-21
-1.084589844926398e-21
-1.099966222576306e-21
-1.115175162277084e-21
-1.130217229224599e-21
-1.145092988614723e-21
-1.159803005643325e-21
-1.174347845506293e-21
-1.188728073399494e-21
-1.202944254518795e-21
-1.216996954060083e-21
-1.230886737219227e-21
-1.244614169192093e-21
-1.258179815174569e-21
-1.271584240362516e-21
-1.284828009951821e-21
-1.297911689138345e-21
-1.310835843117975e-21
-1.323601037086579e-21
-1.336207836240025e-21
-1.348656805774199e-21
-1.360948510884969e-21
-1.373083516768209e-21
-1.385062388619787e-21
-1.396885691635590e-21
-1.408553991011485e-21
-1.420067851943336e-21
-1.431427839627039e-21
-1.442634519258456e-21
-1.453688456033463e-21
-1.464590215147926e-21
-1.475340361797733e-21
-1.485939461178751e-21
-1.496388078486849e-21
-1.506686778917911e-21
-1.516836127667807e-21
-1.526836689932406e-21
-1.536689030907591e-21
-1.546393715789232e-21
-1.555951309773198e-21
-1.565362378055369e-21
-1.574627485831622e-21
-1.583747198297828e-21
-1.592722080649855e-21
-1.601552698083588e-21
-1.610239615794895e-21
-1.618783398979650e-21
-1.627184612833724e-21
-1.635443822552999e-21
-1.643561593333345e-21
-1.651538490370633e-21
-1.659375078860739e-21
-1.667071923999543e-21
-1.674629590982910e-21
-1.682048645006723e-21
-1.689329651266851e-21
-1.696473174959169e-21
-1.703479781279547e-21
-1.710350035423866e-21
-1.717084502587997e-21
-1.723683747967812e-21
-1.730148336759189e-21
-1.736478834158001e-21
-1.742675805360122e-21
-1.748739815561418e-21
-1.754671429957778e-21
-1.760471213745068e-21
-1.766139732119161e-21
-1.771677550275935e-21
-1.777085233411261e-21
-1.782363346721013e-21
-1.787512455401068e-21
-1.792533124647299e-21
-1.797425919655579e-21
-1.802191405621780e-21
-1.806830147741781e-21
-1.811342711211452e-21
-1.815729661226669e-21
-1.819991562983307e-21
-1.824128981677240e-21
-1.828142482504341e-21
-1.832032630660482e-21
-1.835799991341541e-21
-1.839445129743391e-21
-1.842968611061904e-21
-1.846371000492957e-21
-1.849652863232423e-21
-1.852814764476175e-21
-1.855857269420089e-21
-1.858780943260036e-21
-1.861586351191894e-21
-1.864274058411534e-21
-1.866844630114832e-21
-1.869298631497662e-21
-1.871636627755897e-21
-1.873859184085412e-21
-1.875966865682081e-21
-1.877960237741779e-21
-1.879839865460377e-21
-1.881606314033751e-21
-1.883260148657777e-21
-1.884801934528325e-21
-1.886232236841273e-21
-1.887551620792494e-21
-1.888760651577861e-21
-1.889859894393249e-21
-1.890849914434531e-21
-1.891731276897583e-21
-1.892504546978277e-21
-1.893170289872489e-21
-1.893729070776092e-21
-1.894181454884960e-21
-1.894528007394968e-21
-1.894769293501988e-21
-1.894905878401897e-21
-1.894938327290568e-21
-1.894867205363875e-21
-1.894693077817691e-21
-1.894416509847892e-21
-1.894038066650350e-21
-1.893558313420941e-21
-1.892977815355538e-21
-1.892297137650016e-21
-1.891516845500248e-21
-1.890637504102109e-21
-1.889659678651473e-21
-1.888583934344215e-21
-1.887410836376206e-21
-1.886140949943323e-21
-1.884774840241439e-21
-1.883313072466428e-21
-1.881756211814164e-21
-1.880104823480523e-21
-1.878359472661376e-21
-1.876520724552599e-21
-1.874589144350067e-21
-1.872565297249652e-21
-1.870449748447228e-21
-1.868243063138672e-21
-1.865945806519857e-21
-1.863558543786655e-21
-1.861081840134940e-21
-1.858516260760590e-21
-1.855862370859475e-21
-1.853120735627470e-21
-1.850291920260453e-21
-1.847376489954292e-21
-1.844375009904864e-21
-1.841288045308044e-21
-1.838116161359706e-21
-1.834859923255722e-21
-1.831519896191969e-21
-1.828096645364320e-21
-1.824590735968647e-21
-1.821002733200825e-21
-1.817333202256729e-21
-1.813582708332235e-21
-1.809751816623213e-21
-1.805841092325540e-21
-1.801851100635091e-21
-1.797782406747736e-21
-1.793635575859352e-21
-1.789411173165813e-21
-1.785109763862994e-21
-1.780731913146765e-21
-1.776278186213004e-21
-1.771749148257586e-21
-1.767145364476380e-21
-1.762467400065263e-21
-1.757715820220113e-21
-1.752891190136797e-21
-1.747994075011192e-21
-1.743025040039174e-21
-1.737984650416617e-21
-1.732873471339392e-21
-1.727692068003374e-21
-1.722441005604444e-21
-1.717120849338466e-21
-1.711732164401316e-21
-1.706275515988871e-21
-1.700751469297007e-21
-1.695160589521594e-21
-1.689503441858506e-21
-1.683780591503623e-21
-1.677992603652811e-21
-1.672140043501948e-21
-1.666223476246912e-21
-1.660243467083569e-21
-1.654200581207800e-21
-1.648095383815475e-21
-1.641928440102471e-21
-1.635700315264658e-21
-1.629411574497912e-21
-1.623062782998112e-21
-1.616654505961124e-21
-1.610187308582826e-21
-1.603661756059092e-21
-1.597078413585800e-21
-1.590437846358816e-21
-1.583740619574019e-21
-1.576987298427286e-21
-1.570178448114488e-21
-1.563314633831494e-21
-1.556396420774187e-21
-1.549424374138432e-21
-1.542399059120111e-21
-1.535321040915093e-21
-1.528190884719258e-21
-1.521009155728472e-21
-1.513776419138615e-21
-1.506493240145561e-21
-1.499160183945181e-21
-1.491777815733350e-21
-1.484346700705947e-21
-1.476867404058840e-21
-1.469340490987903e-21
-1.461766526689012e-21
-1.454146076358045e-21
-1.446479705190868e-21
-1.438767978383359e-21
-1.431011461131397e-21
-1.423210718630849e-21
-1.415366316077590e-21
-1.407478818667496e-21
-1.399548791596445e-21
-1.391576800060304e-21
-1.383563409254952e-21
-1.375509184376263e-21
-1.367414690620105e-21
-1.359280493182357e-21
-1.351107157258892e-21
-1.342895248045588e-21
-1.334645330738312e-21
-1.326357970532942e-21
-1.318033732625356e-21
-1.309673182211421e-21
-1.301276884487013e-21
-1.292845404648012e-21
-1.284379307890287e-21
-1.275879159409709e-21
-1.267345524402154e-21
-1.258778968063504e-21
-1.250180055589620e-21
-1.241549352176386e-21
-1.232887423019674e-21
-1.224194833315356e-21
-1.215472148259304e-21
-1.206719933047397e-21
-1.197938752875512e-21
-1.189129172939513e-21
-1.180291758435281e-21
-1.171427074558696e-21
-1.162535686505617e-21
-1.153618159471926e-21
-1.144675058653496e-21
-1.135706949246207e-21
-1.126714396445924e-21
-1.117697965448526e-21
-1.108658221449889e-21
-1.099595729645882e-21
-1.090511055232381e-21
-1.081404763405265e-21
-1.072277419360400e-21
-1.063129588293667e-21
-1.053961835400933e-21
-1.044774725878081e-21
-1.035568824920976e-21
-1.026344697725497e-21
-1.017102909487520e-21
-1.007844025402913e-21
-9.985686106675534e-22
-9.892772304773165e-22
-9.799704500280784e-22
-9.706488345157072e-22
-9.613129491360799e-22
-9.519633590850754e-22
-9.426006295585623e-22
-9.332253257524116e-22
-9.238380128625004e-22
-9.144392560847092e-22
-9.050296206149018e-22
-8.956096716489572e-22
-8.861799743827552e-22
-8.767410940121582e-22
-8.672935957330462e-22
-8.578380447412991e-22
-8.483750062327793e-22
-8.389050454033679e-22
-8.294287274489419e-22
-8.199466175653723e-22
-8.104592809485282e-22
-8.009672827942877e-22
-7.914711882985285e-22
-7.819715626571176e-22
-7.724689710659319e-22
-7.629639787208517e-22
-7.534571508177403e-22
-7.439490525524790e-22
-7.344402491209392e-22
-7.249313057190015e-22
-7.154227875425288e-22
-7.059152597874065e-22
-6.964092876495030e-22
-6.869054363246868e-22
-6.774042710088377e-22
-6.679063568978316e-22
-6.584122591875445e-22
-6.489225430738420e-22
-6.394377737526029e-22
-6.299585164197062e-22
-6.204853362710163e-22
-6.110187985024132e-22
-6.015594683097738e-22
-5.921079108889694e-22
-5.826646914358680e-22
-5.732303751463498e-22
-5.638055272162909e-22
-5.543907128415593e-22
-5.449864972180302e-22
-5.355934455415868e-22
-5.262121230080898e-22
-5.168430948134217e-22
-5.074869261534524e-22
-4.981441822240643e-22
-4.888154282211191e-22
-4.795012293404989e-22
-4.702021507780859e-22
-4.609187577297335e-22
-4.516516153913276e-22
-4.424012889587402e-22
-4.331683436278510e-22
-4.239533445945271e-22
-4.147568570546440e-22
-4.055794462040816e-22
-3.964216772387047e-22
-3.872841153543930e-22
-3.781673257470243e-22
-3.690718736124633e-22
-3.599983241465915e-22
-3.509472425452776e-22
-3.419191940044032e-22
-3.329147437198328e-22
-3.239344568874443e-22
-3.149788987031198e-22
-3.060486343627215e-22
-2.971442290621275e-22
-2.882662479972137e-22
-2.794152563638584e-22
-2.705918193579235e-22
-2.617965021752934e-22
-2.530298700118419e-22
-2.442924880634414e-22
-2.355849215259598e-22
-2.269077355952773e-22
-2.182614954672699e-22
-2.096467663378057e-22
-2.010641134027608e-22
-1.925141018580156e-22
-1.839972968994359e-22
-1.755142637229000e-22
-1.670655675242817e-22
-1.586517734994512e-22
-1.502734468442867e-22
-1.419311527546644e-22
-1.336254564264565e-22
-1.253569230555304e-22
-1.171261178377668e-22
-1.089336059690419e-22
-1.007799526452256e-22
-9.266572306219181e-23
-8.459148241581246e-23
-7.655779590197277e-23
-6.856522871653351e-23
-6.061434605537546e-23
-5.270571311437496e-23
-4.483989508940168e-23
-3.701745717633189e-23
-2.923896457103747e-23
-2.150498246939256e-23
-1.381607606727349e-23
-6.172810560549758e-24
1.424249716146362e-24
8.974723013388256e-24
1.647863495340492e-23
2.393606627848186e-23
3.134709773091581e-23
3.871181005299226e-23
4.603028398699679e-23
5.330260027522236e-23
6.052883965996181e-23
6.770908288350074e-23
7.484341068812482e-23
8.193190381613045e-23
8.897464300980329e-23
9.597170901142910e-23
1.029231825633041e-22
1.098291444077140e-22
1.166896752869482e-22
1.235048559432923e-22
1.302747671190426e-22
1.369994895564848e-22
1.436791039979014e-22
1.503136911855953e-22
1.569033318618487e-22
1.634481067689510e-22
1.699480966491882e-22
1.764033822448561e-22
1.828140442982406e-22
1.891801635516278e-22
1.955018207473133e-22
2.017790966275832e-22
2.080120719347236e-22
2.142008274110299e-22
2.203454437987853e-22
2.264460018402851e-22
2.325025822778125e-22
2.385152658536626e-22
2.444841333101220e-22
2.504092653894766e-22
2.562907428340218e-22
2.621286463860438e-22
2.679230567878318e-22
2.736740547816723e-22
2.793817211098601e-22
2.850461365146817e-22
2.906673817384237e-22
2.962455375233778e-22
3.017806846118363e-22
3.072729037460856e-22
3.127222756684121e-22
3.181288811211106e-22
3.234928008464676e-22
3.288141155867697e-22
3.340929060843114e-22
3.393292530813794e-22
3.445232373202602e-22
3.496749395432483e-22
3.547844404926304e-22
3.598518209106932e-22
3.648771615397284e-22
3.698605431220279e-22
3.748020463998783e-22
3.797017521155664e-22
3.845597410113865e-22
3.893760938296251e-22
3.941508913125717e-22
3.988842142025131e-22
4.035761432417432e-22
4.082267591725490e-22
4.128361427372174e-22
4.174043746780422e-22
4.219315357373080e-22
4.264177066573066e-22
4.308629681803293e-22
4.352674010486632e-22
4.396310860045973e-22
4.439541037904189e-22
4.482365351484215e-22
4.524784608208922e-22
4.566799615501181e-22
4.608411180783927e-22
4.649620111480031e-22
4.690427215012385e-22
4.730833298803843e-22
4.770839170277376e-22
4.810445636855838e-22
4.849653505962101e-22
4.888463585019095e-22
4.926876681449696e-22
4.964893602676774e-22
5.002515156123262e-22
5.039742149212032e-22
5.076575389365979e-22
5.113015684007973e-22
5.149063840560946e-22
5.184720666447772e-22
5.219986969091307e-22
5.254863555914514e-22
5.289351234340252e-22
5.323450811791411e-22
5.357163095690869e-22
5.390488893461550e-22
5.423429012526331e-22
5.455984260308087e-22
5.488155444229744e-22
5.519943371714178e-22
5.551348850184266e-22
5.582372687062930e-22
5.613015689773034e-22
5.643278665737499e-22
5.673162422379190e-22
5.702667767121025e-22
5.731795507385885e-22
5.760546450596647e-22
5.788921404176232e-22
5.816921175547519e-22
5.844546572133398e-22
5.871798401356751e-22
5.898677470640495e-22
5.925184587407511e-22
5.951320559080677e-22
5.977086193082899e-22
6.002482296837084e-22
6.027509677766107e-22
6.052169143292852e-22
6.076461500840235e-22
6.100387557831136e-22
6.123948121688435e-22
6.147143999835050e-22
6.169975999693860e-22
6.192444928687747e-22
6.214551594239625e-22
6.236296803772376e-22
6.257681364708882e-22
6.278706084472045e-22
6.299371770484769e-22
6.319679230169935e-22
6.339629270950427e-22
6.359222700249156e-22
6.378460325489004e-22
6.397342954092864e-22
6.415871393483621e-22
6.434046451084184e-22
6.451868934317436e-22
6.469339650606261e-22
6.486459407373571e-22
6.503229012042238e-22
6.519649272035165e-22
6.535720994775252e-22
6.551444987685383e-22
6.566822058188452e-22
6.581853013707341e-22
6.596538661664960e-22
6.610879809484192e-22
6.624877264587924e-22
6.638531834399063e-22
6.651844326340492e-22
6.664815547835106e-22
6.677446306305783e-22
6.689737409175441e-22
6.701689663866960e-22
6.713303877803227e-22
6.724580858407146e-22
6.735521413101603e-22
6.746126349309487e-22
6.756396474453699e-22
6.766332595957125e-22
6.775935521242662e-22
6.785206057733192e-22
6.794145012851622e-22
6.802753194020836e-22
6.811031408663722e-22
6.818980464203185e-22
6.826601168062111e-22
6.833894327663392e-22
6.840860750429919e-22
6.847501243784588e-22
6.853816615150290e-22
6.859807671949914e-22
6.865475221606360e-22
6.870820071542513e-22
6.875843029181268e-22
6.880544901945520e-22
6.884926497258156e-22
6.888988622542075e-22
6.892732085220164e-22
6.896157692715319e-22
6.899266252450434e-22
6.902058571848393e-22
6.904535458332098e-22
6.906697719324437e-22
6.908546162248302e-22
6.910081594526585e-22
6.911304823582182e-22
6.912216656837982e-22
6.912817901716878e-22
6.913109365641765e-22
6.913091856035532e-22
6.912766180321073e-22
6.912133145921281e-22
6.911193560259049e-22
6.909948230757266e-22
6.908397964838829e-22
6.906543569926626e-22
6.904385853443552e-22
6.901925622812501e-22
6.899163685456361e-22
6.896100848798028e-22
6.892737920260395e-22
6.889075707266352e-22
6.885115017238792e-22
6.880856657600605e-22
6.876301435774690e-22
6.871450159183934e-22
6.866303635251229e-22
6.860862671399472e-22
6.855128075051554e-22
6.849100653630364e-22
6.842781214558795e-22
6.836170565259746e-22
6.829269513156102e-22
6.822078865670763e-22
6.814599430226613e-22
6.806832014246545e-22
6.798777425153458e-22
6.790436470370236e-22
6.781809957319784e-22
6.772898693424982e-22
6.763703486108726e-22
6.754225142793914e-22
6.744464470903431e-22
6.734422277860170e-22
6.724099371087028e-22
6.713496558006906e-22
6.702614646042674e-22
6.691454442617237e-22
6.680016755153492e-22
6.668302391074320e-22
6.656312157802622e-22
6.644046862761292e-22
6.631507313373213e-22
6.618694317061283e-22
6.605608681248394e-22
6.592251213357446e-22
6.578622720811318e-22
6.564724011032907e-22
6.550555891445122e-22
6.536119169470826e-22
6.521414652532927e-22
6.506443148054317e-22
6.491205463457894e-22
6.475702406166537e-22
6.459934783603147e-22
6.443903403190622e-22
6.427609072351840e-22
6.411052598509700e-22
6.394234789087105e-22
6.377156451506929e-22
6.359818393192084e-22
6.342221421565441e-22
6.324366344049913e-22
6.306253968068375e-22
6.287885101043726e-22
6.269260550398869e-22
6.250381123556679e-22
6.231247627940053e-22
6.211860870971890e-22
6.192221660075090e-22
6.172330802672521e-22
6.152189106187094e-22
6.131797378041703e-22
6.111156425659237e-22
6.090267056462575e-22
6.069130077874620e-22
6.047746297318274e-22
6.026116522216411e-22
6.004241559991928e-22
5.982122218067738e-22
5.959759303866704e-22
5.937153624811732e-22
5.914305988325725e-22
5.891217201831555e-22
5.867888072752121e-22
5.844319408510334e-22
5.820512016529068e-22
5.796466704231208e-22
5.772184279039658e-22
5.747665548377320e-22
5.722911319667062e-22
5.697922400331791e-22
5.672699597794398e-22
5.647243719477791e-22
5.621555572804835e-22
5.595635965198434e-22
5.569485704081492e-22
5.543105596876879e-22
5.516496451007514e-22
5.489659073896273e-22
5.462594272966038e-22
5.435302855639712e-22
5.407785629340192e-22
5.380043401490380e-22
5.352076979513140e-22
5.323887170831381e-22
5.295474782868010e-22
5.266840623045890e-22
5.237985498787927e-22
5.208910217517014e-22
5.179615586656073e-22
5.150102413627939e-22
5.120371505855532e-22
5.090423670761757e-22
5.060259715769483e-22
5.029880448301609e-22
4.999286675781053e-22
4.968479205630669e-22
4.937458845273369e-22
4.906226402132040e-22
4.874782683629595e-22
4.843128497188893e-22
4.811264650232860e-22
4.779191950184372e-22
4.746911204466299e-22
4.714423220501564e-22
4.681728805713046e-22
4.648828767523657e-22
4.615723913356261e-22
4.582415050633763e-22
4.548902986779071e-22
4.515188529215050e-22
4.481272485364604e-22
4.447155662650643e-22
4.412838868496023e-22
4.378322910323677e-22
4.343608595556463e-22
4.308696731617297e-22
4.273588125929048e-22
4.238283585914626e-22
4.202783918996937e-22
4.167089932598835e-22
4.131202434143234e-22
4.095122231053027e-22
4.058850130751122e-22
4.022386940660379e-22
3.985733468203710e-22
3.948890520804035e-22
3.911858905884181e-22
3.874639430867075e-22
3.837232903175605e-22
3.799640130232690e-22
3.761861919461178e-22
3.723899078283989e-22
3.685752414124027e-22
3.647422734404151e-22
3.608910846547265e-22
3.570217557976285e-22
3.531343676114066e-22
3.492290008383525e-22
3.453057362207562e-22
3.413646545009057e-22
3.374058364210883e-22
3.334293627235951e-22
3.294353141507173e-22
3.254237714447403e-22
3.213948153479552e-22
3.173485266026513e-22
3.132849859511198e-22
3.092042741356461e-22
3.051064718985208e-22
3.009916599820362e-22
2.968599191284785e-22
2.927113300801355e-22
2.885459735792988e-22
2.843639303682589e-22
2.801652811893013e-22
2.759501067847178e-22
2.717184878967989e-22
2.674705052678299e-22
2.632062396401024e-22
2.589257717559075e-22
2.546291823575305e-22
2.503165521872625e-22
2.459879619873928e-22
2.416434925002147e-22
2.372832244680095e-22
2.329072386330704e-22
2.285156157376883e-22
2.241084365241491e-22
2.196857817347432e-22
2.152477321117608e-22
2.107943683974931e-22
2.063257713342240e-22
2.018420216642458e-22
1.973432001298500e-22
1.928293874733211e-22
1.883006644369531e-22
1.837571117630329e-22
1.791988101938473e-22
1.746258404716879e-22
1.700382833388441e-22
1.654362195376074e-22
1.608197298102618e-22
1.561888948991000e-22
1.515437955464131e-22
1.468845124944854e-22
1.422111264856082e-22
1.375237182620737e-22
1.328223685661661e-22
1.281071581401803e-22
1.233781677263994e-22
1.186354780671183e-22
1.138791699046210e-22
1.091093239811999e-22
1.043260210391458e-22
9.952934182074274e-23
9.471936706828363e-23
8.989617752405716e-23
8.505985393035525e-23
8.021047702946183e-23
7.534812756366878e-23
7.047288627527023e-23
6.558483390654571e-23
6.068405119978875e-23
5.577061889728971e-23
5.084461774133890e-23
4.590612847422233e-23
4.095523183823085e-23
3.599200857565594e-23
3.101653942878182e-23
2.602890513990052e-23
2.102918645130414e-23
1.601746410527624e-23
1.099381884410948e-23
5.958331410094243e-24
9.110825455180755e-25
-4.147847007331505e-24
-9.218376506164187e-24
-1.430042520868757e-23
-1.939391237261750e-23
-2.449875725566219e-23
-2.961487911553240e-23
-3.474219720993631e-23
-3.988063079658982e-23
-4.503009913320111e-23
-5.019052147747834e-23
-5.536181708713487e-23
-6.054390521988402e-23
-6.573670513343400e-23
-7.094013608549293e-23
-7.615411733377677e-23
-8.137856813599370e-23
-8.661340774985182e-23
-9.185855543306716e-23
-9.711393044334783e-23
-1.023794520384020e-22
-1.076550394759456e-22
-1.129406120136868e-22
-1.182360889093364e-22
-1.235413894205998e-22
-1.288564328051984e-22
-1.341811383208376e-22
-1.395154252252255e-22
-1.448592127760783e-22
-1.502124202311039e-22
-1.555749668480132e-22
-1.609467718845143e-22
-1.663277545983231e-22
-1.717178342471479e-22
-1.771169300886967e-22
-1.825249613806856e-22
-1.879418473808200e-22
-1.933675073468133e-22
-1.988018605363790e-22
-2.042448262072252e-22
-2.096963236170627e-22
-2.151562720235993e-22
-2.206245906845514e-22
-2.261011988576270e-22
-2.315860158005341e-22
-2.370789607709889e-22
-2.425799530266995e-22
-2.480889118253765e-22
-2.536057564247280e-22
-2.591304060824676e-22
-2.646627800563087e-22
-2.702027976039566e-22
-2.757503779831275e-22
-2.813054404515294e-22
-2.868679042668704e-22
-2.924376886868667e-22
-2.980147129692263e-22
-3.035988963716599e-22
-3.091901581518756e-22
-3.147884175675896e-22
-3.203935938765100e-22
-3.260056063363418e-22
-3.316243742048071e-22
-3.372498167396110e-22
-3.428818531984642e-22
-3.485204028390748e-22
-3.541653849191590e-22
-3.598167186964249e-22
-3.654743234285802e-22
-3.711381183733416e-22
-3.768080227884168e-22
-3.824839559315138e-22
-3.881658370603491e-22
-3.938535854326305e-22
-3.995471203060659e-22
-4.052463609383691e-22
-4.109512265872535e-22
-4.166616365104271e-22
-4.223775099655978e-22
-4.280987662104819e-22
-4.338253245027876e-22
-4.395571041002255e-22
-4.452940242605034e-22
-4.510360042413379e-22
-4.567829633004370e-22
-4.625348206955083e-22
-4.682914956842655e-22
-4.740529075244225e-22
-4.798189754736870e-22
-4.855896187897667e-22
-4.913647567303784e-22
-4.971443085532298e-22
-5.029281935160289e-22
-5.087163308764921e-22
-5.145086398923273e-22
-5.203050398212425e-22
-5.261054499209540e-22
-5.319097894491698e-22
-5.377179776636008e-22
-5.435299338219516e-22
-5.493455771819450e-22
-5.551648270012855e-22
-5.609876025376813e-22
-5.668138230488487e-22
-5.726434077924958e-22
-5.784762760263333e-22
-5.843123470080688e-22
-5.901515399954192e-22
-5.959937742460921e-22
-6.018389690177955e-22
-6.076870435682460e-22
-6.135379171551484e-22
-6.193915090362164e-22
-6.252477384691637e-22
-6.311065247116981e-22
-6.369677870215306e-22
-6.428314446563688e-22
-6.486974168739291e-22
-6.545656229319197e-22
-6.604359820880484e-22
-6.663084136000315e-22
-6.721828367255771e-22
-6.780591707223961e-22
-6.839373348481958e-22
-6.898172483606904e-22
-6.956988305175933e-22
-7.015820005766094e-22
-7.074666777954557e-22
-7.133527814318394e-22
-7.192402307434688e-22
-7.251289449880603e-22
-7.310188434233219e-22
-7.369098453069642e-22
-7.428018698966949e-22
-7.486948364502310e-22
-7.545886642252801e-22
-7.604832724795470e-22
-7.663785804707543e-22
-7.722745074566070e-22
-7.781709726948156e-22
-7.840678954430881e-22
-7.899651949591411e-22
-7.958627905006825e-22
-8.017606013254199e-22
-8.076585466910701e-22
-8.135565458553409e-22
-8.194545180759400e-22
-8.253523826105842e-22
-8.312500587169813e-22
-8.371474656528388e-22
-8.430445226758709e-22
-8.489411490437911e-22
-8.548372640143070e-22
-8.607327868451265e-22
-8.666276367939666e-22
-8.725217331185346e-22
-8.784149950765415e-22
-8.843073419256951e-22
-8.901986929237122e-22
-8.960889673283002e-22
-9.019780843971674e-22
-9.078659633880270e-22
-9.137525235585932e-22
-9.196376841665735e-22
-9.255213644696759e-22
-9.314034837256167e-22
-9.372839611921042e-22
-9.431627161268458e-22
-9.490396677875583e-22
-9.549147354319496e-22
-9.607878383177273e-22
-9.666588957026083e-22
-9.725278268443003e-22
-9.783945510005139e-22
-9.842589874289540e-22
-9.901210553873435e-22
-9.959806741333869e-22
-1.001837762924792e-21
-1.007692241019276e-21
-1.013544027674546e-21
-1.019393042148313e-21
-1.025239203698284e-21
-1.031082431582178e-21
-1.036922645057700e-21
-1.042759763382560e-21
-1.048593705814473e-21
-1.054424391611145e-21
-1.060251740030290e-21
-1.066075670329620e-21
-1.071896101766844e-21
-1.077712953599673e-21
-1.083526145085814e-21
-1.089335595482985e-21
-1.095141224048892e-21
-1.100942950041243e-21
-1.106740692717756e-21
-1.112534371336139e-21
-1.118323905154101e-21
-1.124109213429350e-21
-1.129890215419601e-21
-1.135666830382568e-21
-1.141438977575954e-21
-1.147206576257477e-21
-1.152969545684844e-21
-1.158727805115763e-21
-1.164481273807952e-21
-1.170229871019116e-21
-1.175973516006969e-21
-1.181712128029216e-21
-1.187445626343576e-21
-1.193173930207755e-21
-1.198896958879459e-21
-1.204614631616410e-21
-1.210326867676313e-21
-1.216033586316878e-21
-1.221734706795814e-21
-1.227430148370837e-21
-1.233119830299656e-21
-1.238803671839977e-21
-1.244481592249517e-21
-1.250153510785985e-21
-1.255819346707088e-21
-1.261479019270543e-21
-1.267132447734057e-21
-1.272779551355338e-21
-1.278420249392101e-21
-1.284054461102058e-21
-1.289682105742918e-21
-1.295303102572388e-21
-1.300917370848185e-21
-1.306524829828017e-21
-1.312125398769594e-21
-1.317718996930625e-21
-1.323305543568826e-21
-1.328884957941905e-21
-1.334457159307569e-21
-1.340022066923533e-21
-1.345579600047510e-21
-1.351129677937208e-21
-1.356672219850334e-21
-1.362207145044606e-21
-1.367734372777730e-21
-1.373253822307416e-21
-1.378765412891379e-21
-1.384269063787328e-21
-1.389764694252970e-21
-1.395252223546022e-21
-1.400731570924191e-21
-1.406202655645189e-21
-1.411665396966721e-21
-1.417119714146508e-21
-1.422565526442255e-21
-1.428002753111672e-21
-1.433431313412473e-21
-1.438851126602367e-21
-1.444262111939065e-21
-1.449664188680275e-21
-1.455057276083712e-21
-1.460441293407086e-21
-1.465816159908104e-21
-1.471181794844481e-21
-1.476538117473925e-21
-1.481885047054147e-21
-1.487222502842862e-21
-1.492550404097777e-21
-1.497868670076604e-21
-1.503177220037050e-21
-1.508475973236831e-21
-1.513764848933656e-21
-1.519043766385233e-21
-1.524312644849277e-21
-1.529571403583497e-21
-1.534819961845604e-21
-1.540058238893305e-21
-1.545286153984315e-21
-1.550503626376346e-21
-1.555710575327104e-21
-1.560906920094304e-21
-1.566092579935656e-21
-1.571267474108867e-21
-1.576431521871654e-21
-1.581584642481723e-21
-1.586726755196787e-21
-1.591857779274554e-21
-1.596977633972738e-21
-1.602086238549048e-21
-1.607183512261191e-21
-1.612269374366887e-21
-1.617343744123841e-21
-1.622406540789765e-21
-1.627457683622367e-21
-1.632497091879361e-21
-1.637524684818458e-21
-1.642540381697364e-21
-1.647544101773797e-21
-1.652535764305463e-21
-1.657515288550071e-21
-1.662482593765338e-21
-1.667437599208970e-21
-1.672380224138677e-21
-1.677310387812172e-21
-1.682228009487168e-21
-1.687133008421373e-21
-1.692025303872495e-21
-1.696904815098250e-21
-1.701771461356348e-21
-1.706625161904497e-21
-1.711465836000407e-21
-1.716293402901793e-21
-1.721107781866364e-21
-1.725908892151827e-21
-1.730696653015897e-21
-1.735470983716286e-21
-1.740231803510702e-21
-1.744979031656855e-21
-1.749712587412458e-21
-1.754432390035222e-21
-1.759138358782854e-21
-1.763830412913069e-21
-1.768508471683576e-21
-1.773172454352085e-21
-1.777822280176309e-21
-1.782457868413957e-21
-1.787079138322740e-21
-1.791686009160365e-21
-1.796278400184551e-21
-1.800856230653004e-21
-1.805419419823433e-21
-1.809967886953554e-21
-1.814501551301074e-21
-1.819020332123704e-21
-1.823524148679153e-21
-1.828012920225137e-21
-1.832486566019363e-21
-1.836945005319540e-21
-1.841388157383384e-21
-1.845815941468600e-21
-1.850228276832904e-21
-1.854625082734003e-21
-1.859006278429611e-21
-1.863371783177437e-21
-1.867721516235189e-21
-1.872055396860583e-21
-1.876373344311327e-21
-1.880675277845130e-21
-1.884961116719707e-21
-1.889230780192767e-21
-1.893484187522020e-21
-1.897721257965174e-21
-1.901941910779944e-21
-1.906146065224041e-21
-1.910333640555172e-21
-1.914504556031052e-21
-1.918658730909390e-21
-1.922796084447895e-21
-1.926916535904280e-21
-1.931020004536257e-21
-1.935106409601533e-21
-1.939175670357819e-21
-1.943227706062830e-21
-1.947262435974274e-21
-1.951279779349858e-21
-1.955279655447300e-21
-1.959261983524307e-21
-1.963226682838591e-21
-1.967173672647859e-21
-1.971102872209827e-21
-1.975014200782203e-21
-1.978907577622697e-21
-1.982782921989022e-21
-1.986640153138888e-21
-1.990479190330004e-21
-1.994299952820083e-21
-1.998102359866834e-21
-2.001886330727970e-21
-2.005651784661198e-21
-2.009398640924234e-21
-2.013126818774785e-21
-2.016836237470562e-21
-2.020526816269277e-21
-2.024198474428642e-21
-2.027851131206364e-21
-2.031484705860155e-21
-2.035099117647728e-21
-2.038694285826792e-21
-2.042270129655056e-21
-2.045826568390233e-21
-2.049363521290036e-21
-2.052880907612172e-21
-2.056378646614352e-21
-2.059856657554289e-21
-2.063314859689693e-21
-2.066753172278272e-21
-2.070171514577741e-21
-2.073569805845809e-21
-2.076947965340185e-21
-2.080305912318583e-21
-2.083643566038712e-21
-2.086960845758280e-21
-2.090257670735002e-21
-2.093533960226588e-21
-2.096789633490748e-21
-2.100024609785192e-21
-2.103238808367633e-21
-2.106432148495780e-21
-2.109604549427344e-21
-2.112755930420034e-21
-2.115886210731565e-21
-2.118995309619645e-21
-2.122083146341983e-21
-2.125149640156294e-21
-2.128194710320285e-21
-2.131218276091670e-21
-2.134220256728157e-21
-2.137200571487459e-21
-2.140159139627285e-21
-2.143095880405346e-21
-2.146010713079354e-21
-2.148903556907019e-21
-2.151774331146050e-21
-2.154622955054161e-21
-2.157449347889062e-21
-2.160253428908461e-21
-2.163035117370070e-21
-2.165794332531602e-21
-2.168530993650767e-21
-2.171245019985273e-21
-2.173936330792834e-21
-2.176604845331160e-21
-2.179250482857961e-21
-2.181873162630946e-21
-2.184472803907830e-21
-2.187049325946321e-21
-2.189602648004129e-21
-2.192132689338968e-21
-2.194639369208546e-21
-2.197122606870572e-21
-2.199582321582762e-21
-2.202018432602824e-21
-2.204430859188468e-21
-2.206819520597405e-21
-2.209184336087348e-21
-2.211525224916005e-21
-2.213842106341088e-21
-2.216134899620307e-21
-2.218403524011375e-21
-2.220647898771999e-21
-2.222867943159893e-21
-2.225063576432766e-21
-2.227234717848330e-21
-2.229381286664294e-21
-2.231503202138371e-21
-2.233600383528271e-21
-2.235672750091703e-21
-2.237720221086380e-21
-2.239742715770012e-21
-2.241740153400309e-21
-2.243712453234982e-21
-2.245659534531744e-21
-2.247581316548302e-21
-2.249477718542369e-21
-2.251348659771655e-21
-2.253194059493872e-21
-2.255013836966730e-21
-2.256807911447940e-21
-2.258576202195212e-21
-2.260318628466258e-21
-2.262035109518786e-21
-2.263725564610510e-21
-2.265389912999139e-21
-2.267028073942385e-21
-2.268639966697957e-21
-2.270225510523568e-21
-2.271784624676926e-21
-2.273317228415743e-21
-2.274823240997732e-21
-2.276302581680600e-21
-2.277755169722060e-21
-2.279180924379823e-21
-2.280579764911598e-21
-2.281951610575098e-21
-2.283296380628031e-21
-2.284613994328111e-21
-2.285904370933046e-21
-2.287167429700547e-21
-2.288403089888327e-21
-2.289611270754094e-21
-2.290791891555561e-21
-2.291944871550438e-21
-2.293070129996434e-21
-2.294167586151263e-21
-2.295237159272634e-21
-2.296278768618257e-21
-2.297292333445844e-21
-2.298277773013105e-21
-2.299235006577753e-21
-2.300163953397495e-21
-2.301064532730044e-21
-2.301936663833110e-21
-2.302780265964404e-21
-2.303595258381638e-21
-2.304381560342521e-21
-2.305139091104764e-21
-2.305867769926079e-21
-2.306567516064175e-21
-2.307238248776765e-21
-2.307879887321557e-21
-2.308492350956264e-21
-2.309075558938596e-21
-2.309629430526263e-21
-2.310153884976977e-21
-2.310648841548447e-21
-2.311114219498387e-21
-2.311549938084504e-21
-2.311955916564512e-21
-2.312332074196119e-21
-2.312678330237038e-21
-2.312994603944978e-21
-2.313280814577651e-21
-2.313536881392766e-21
-2.313762723648036e-21
-2.313958260601171e-21
-2.314123411509882e-21
-2.314258095631878e-21
-2.314362232224871e-21
-2.314435740546573e-21
-2.314478539854692e-21
-2.314490549406941e-21
-2.314471688461031e-21
-2.314421876274671e-21
-2.314341032105572e-21
-2.314229075211446e-21
-2.314085924850003e-21
-2.313911500278954e-21
-2.313705720756009e-21
-2.313468505538880e-21
-2.313199773885276e-21
-2.312899445052910e-21
-2.312567438299492e-21
-2.312203672882732e-21
-2.311808068060340e-21
-2.311380543090029e-21
-2.310921017229508e-21
-2.310429409736489e-21
-2.309905639868681e-21
-2.309349626883797e-21
-2.308761290039547e-21
-2.308140548593640e-21
-2.307487321803789e-21
-2.306801528927705e-21
-2.306083089223095e-21
-2.305331921947675e-21
-2.304547946359152e-21
-2.303731081715238e-21
-2.302881247273644e-21
-2.301998362292080e-21
-2.301082346028258e-21
-2.300133117739887e-21
-2.299150596684679e-21
-2.298134702120345e-21
-2.297085353304595e-21
-2.296002469495140e-21
-2.294885969949691e-21
-2.293735773925959e-21
-2.292551800681653e-21
-2.291333969474485e-21
-2.290082199562166e-21
-2.288796410202407e-21
-2.287476520652918e-21
-2.286122450171410e-21
-2.284734118015594e-21
-2.283311443443180e-21
-2.281854345711880e-21
-2.280362744079405e-21
-2.278836557803463e-21
-2.277275706141767e-21
-2.275680108352028e-21
-2.274049683691956e-21
-2.272384351419261e-21
-2.270684030791655e-21
-2.268948641066849e-21
-2.267178101502552e-21
-2.265372331356476e-21
-2.263531249886333e-21
-2.261654776349831e-21
-2.259742830004682e-21
-2.257795330108599e-21
-2.255812195919289e-21
-2.253793346694464e-21
-2.251738701691835e-21
-2.249648180169115e-21
-2.247521701384011e-21
-2.245359184594235e-21
-2.243160549057499e-21
-2.240925714031513e-21
-2.238654598773987e-21
-2.236347122542632e-21
-2.234003204595162e-21
-2.231622764189283e-21
-2.229205720582708e-21
-2.226751993033148e-21
-2.224261500798311e-21
-2.221734163135912e-21
-2.219169899303660e-21
-2.216568628559264e-21
-2.213930270160437e-21
-2.211254743364888e-21
-2.208541967430331e-21
-2.205791861614473e-21
-2.203004345175025e-21
-2.200179337369702e-21
-2.197316757456211e-21
-2.194416524692263e-21
-2.191478558335568e-21
-2.188502777643841e-21
-2.185489101874787e-21
-2.182437450286120e-21
-2.179347742135553e-21
-2.176219896680791e-21
-2.173053833179548e-21
-2.169849470889537e-21
-2.166606729068464e-21
-2.163325526974042e-21
-2.160005783863984e-21
-2.156647418995999e-21
-2.153250351627794e-21
-2.149814501017085e-21
-2.146339786421582e-21
-2.142826127098993e-21
-2.139273442307030e-21
-2.135681651303404e-21
-2.132050673345828e-21
-2.128380427692008e-21
-2.124670833599659e-21
-2.120921810326491e-21
-2.117133277130213e-21
-2.113305153268538e-21
-2.109437357999173e-21
-2.105529810579834e-21
-2.101582430268226e-21
-2.097595136322063e-21
-2.093567847999058e-21
-2.089500484556916e-21
-2.085392965253353e-21
-2.081245209346079e-21
-2.077057136092801e-21
-2.072828664751232e-21
-2.068559714579083e-21
-2.064250204834069e-21
-2.059900054773893e-21
-2.055509183656269e-21
-2.051077510738911e-21
-2.046604955279522e-21
-2.042091436535820e-21
-2.037536873765512e-21
-2.032941186226313e-21
-2.028304293175928e-21
-2.023626113872071e-21
-2.018906567572454e-21
-2.014145573534785e-21
-2.009343051016774e-21
-2.004498919276140e-21
-1.999613097570582e-21
-1.994685505157815e-21
-1.989716061295552e-21
-1.984704685241505e-21
-1.979651296253380e-21
-1.974555813588889e-21
-1.969418156505748e-21
-1.964238244261660e-21
-1.959015996114339e-21
-1.953751331321498e-21
-1.948444169140847e-21
-1.943094428830096e-21
-1.937702029646953e-21
-1.932266890849133e-21
-1.926788931694343e-21
-1.921268071440295e-21
-1.915704229344704e-21
-1.910097324665274e-21
-1.904447276659719e-21
-1.898754004585749e-21
-1.893017427701080e-21
-1.887237465263414e-21
-1.881414036530466e-21
-1.875547060759950e-21
-1.869636457209573e-21
-1.863682145137044e-21
-1.857684043800076e-21
-1.851642072456382e-21
-1.845556150363667e-21
-1.839426196779647e-21
-1.833252130962033e-21
-1.827033872168531e-21
-1.820771339656854e-21
-1.814464452684717e-21
-1.808113130509824e-21
-1.801717292389888e-21
-1.795276857582624e-21
-1.788791745345739e-21
-1.782261874936941e-21
-1.775687165613945e-21
-1.769067536634463e-21
-1.762402907256199e-21
-1.755693196736869e-21
-1.748938324334184e-21
-1.742138209305856e-21
-1.735292770909589e-21
-1.728401928403099e-21
-1.721465601044100e-21
-1.714483708090294e-21
-1.707456168799400e-21
-1.700382902429122e-21
-1.693263828237177e-21
-1.686098865481269e-21
-1.678887933419113e-21
-1.671630951308423e-21
-1.664327838406901e-21
-1.656978513972263e-21
-1.649582897262224e-21
-1.642140907534486e-21
-1.634652464046764e-21
-1.627117486056768e-21
-1.619535892822218e-21
-1.611907603600808e-21
-1.604232537650257e-21
-1.596510614228280e-21
-1.588741752592579e-21
-1.580925872000869e-21
-1.573062891710862e-21
-1.565152730980271e-21
-1.557195309066799e-21
-1.549190545228162e-21
-1.541138358722074e-21
-1.533038668806237e-21
-1.524891394738368e-21
-1.516696455776184e-21
-1.508453771177379e-21
-1.500163260199673e-21
-1.491824842100776e-21
-1.483438436138405e-21
-1.475003961570260e-21
-1.466521337654056e-21
-1.457990483647510e-21
-1.449411318808322e-21
-1.440783762394209e-21
-1.432107733662881e-21
-1.423383151872052e-21
-1.414609936279430e-21
-1.405788006142720e-21
-1.396917280719643e-21
-1.387997679267900e-21
-1.379029121045206e-21
-1.370011525309277e-21
-1.360944811317814e-21
-1.351828898328533e-21
-1.342663705599144e-21
-1.333449152387363e-21
-1.324185157950891e-21
-1.314871641547444e-21
-1.305508522434737e-21
-1.296095719870476e-21
-1.286633153112367e-21
-1.277120741418126e-21
-1.267558404045468e-21
-1.257946060252094e-21
-1.248283629295721e-21
-1.238571030434063e-21
-1.228808182924822e-21
-1.218995006025713e-21
-1.209131418994452e-21
-1.199217341088739e-21
-1.189252691566291e-21
-1.179237389684823e-21
-1.169171354702041e-21
-1.159054505875651e-21
-1.148886762463368e-21
-1.138668043722910e-21
-1.128398268911974e-21
-1.118077357288278e-21
-1.107705228109533e-21
-1.097281800633454e-21
-1.086806994117742e-21
-1.076280727820113e-21
-1.065702920998283e-21
-1.055073492909952e-21
-1.044392362812841e-21
-1.033659449964651e-21
-1.022874673623102e-21
-1.012037953045895e-21
-1.001149207490747e-21
-9.902083562153722e-22
-9.792153184774733e-22
-9.681700135347627e-22
-9.570723606449593e-22
-9.459222790657637e-22
-9.347196880548889e-22
-9.234645068700491e-22
-9.121566547689633e-22
-9.007960510093207e-22
-8.893826148488442e-22
-8.779162655452510e-22
-8.663969223562379e-22
-8.548245045395238e-22
-8.431989313528171e-22
-8.315201220538357e-22
-8.197879959002801e-22
-8.080024721498637e-22
-7.961634700603055e-22
-7.842709088893048e-22
-7.723247078945761e-22
-7.603247863338372e-22
-7.482710634647882e-22
-7.361634585451434e-22
-7.240018908326164e-22
-7.117862795849208e-22
-6.995165440597567e-22
-6.871926035148538e-22
-6.748143772079056e-22
-6.623817843966197e-22
-6.498947443387139e-22
-6.373531762919017e-22
-6.247569995138962e-22
-6.121061332623991e-22
-5.994004967951241e-22
-5.866400093697898e-22
-5.738245902440967e-22
-5.609541586757574e-22
-5.480286339224915e-22
-5.350479352419980e-22
-5.220119818919918e-22
-5.089206931301860e-22
-4.957739882142947e-22
-4.825717864020177e-22
-4.693140069510735e-22
-4.560005691191767e-22
-4.426313921640256e-22
-4.292063953433403e-22
-4.157254979148272e-22
-4.021886191362066e-22
-3.885956782651759e-22
-3.749465945594506e-22
-3.612412872767639e-22
-3.474796756747857e-22
-3.336616790112446e-22
-3.197872165438532e-22
-3.058562075303314e-22
-2.918685712283714e-22
-2.778242268956937e-22
-2.637230937900176e-22
-2.495650911690353e-22
-2.353501382904695e-22
-2.210781544120346e-22
-2.067490587914274e-22
-1.923627706863685e-22
-1.779192093545649e-22
-1.634182940537371e-22
-1.488599440415817e-22
-1.342440785758147e-22
-1.195706169141551e-22
-1.048394783143008e-22
-9.005058203396648e-23
-7.520384733087199e-23
-6.029919346271499e-23
-4.533653968721076e-23
-3.031580526207238e-23
-1.523690944501578e-23
-9.977149374540393e-26
)
;

boundaryField
{
    inlet
    {
        type            fixedValue;
        value           uniform 0;
    }
    outlet
    {
        type            zeroGradient;
    }
    wall
    {
        type            empty;
    }
}


// ************************************************************************* //
