/*--------------------------------*- C++ -*----------------------------------*\
  =========                 |
  \\      /  F ield         | OpenFOAM: The Open Source CFD Toolbox
   \\    /   O peration     | Website:  https://openfoam.org
    \\  /    A nd           | Version:  7
     \\/     M anipulation  |
\*---------------------------------------------------------------------------*/
FoamFile
{
    version     2.0;
    format      ascii;
    class       volScalarField;
    location    "1";
    object       C2H5;
}
// * * * * * * * * * * * * * * * * * * * * * * * * * * * * * * * * * * * * * //

dimensions      [0 0 0 0 0 0 0];

internalField   nonuniform List<scalar>
4335
(
2.017804510583352e-27
3.853026953292460e-19
7.679352383143600e-19
1.147903806158900e-18
1.525214574048619e-18
1.899873717169271e-18
2.271887410706611e-18
2.641261829846390e-18
3.008003149774362e-18
3.372117545676282e-18
3.733611192737902e-18
4.092490266144976e-18
4.448760941083260e-18
4.802429392738503e-18
5.153501796296461e-18
5.501984326942887e-18
5.847883159863536e-18
6.191204470244160e-18
6.531954433270514e-18
6.870139224128349e-18
7.205765018003420e-18
7.538837990081481e-18
7.869364315548283e-18
8.197350169589584e-18
8.522801727391135e-18
8.845725164138690e-18
9.166126655018001e-18
9.484012375214823e-18
9.799388499914908e-18
1.011226120430401e-17
1.042263666356789e-17
1.073052105289229e-17
1.103592054746297e-17
1.133884132246568e-17
1.163928955308617e-17
1.193727141451021e-17
1.223279308192353e-17
1.252586073051191e-17
1.281648053546108e-17
1.310465867195680e-17
1.339040131518483e-17
1.367371464033093e-17
1.395460482258083e-17
1.423307803712031e-17
1.450914045913510e-17
1.478279826381097e-17
1.505405762633367e-17
1.532292472188894e-17
1.558940572566255e-17
1.585350681284026e-17
1.611523415860780e-17
1.637459393815093e-17
1.663159232665542e-17
1.688623549930701e-17
1.713852963129146e-17
1.738848089779451e-17
1.763609547400193e-17
1.788137953509946e-17
1.812433925627287e-17
1.836498081270789e-17
1.860331037959030e-17
1.883933413210583e-17
1.907305824544026e-17
1.930448889477932e-17
1.953363225530876e-17
1.976049450221436e-17
1.998508181068185e-17
2.020740035589699e-17
2.042745631304555e-17
2.064525585731325e-17
2.086080516388588e-17
2.107411040794917e-17
2.128517776468887e-17
2.149401340929075e-17
2.170062351694056e-17
2.190501426282405e-17
2.210719182212696e-17
2.230716237003507e-17
2.250493208173412e-17
2.270050713240987e-17
2.289389369724806e-17
2.308509795143445e-17
2.327412607015480e-17
2.346098422859485e-17
2.364567860194037e-17
2.382821536537710e-17
2.400860069409080e-17
2.418684076326723e-17
2.436294174809213e-17
2.453690982375126e-17
2.470875116543037e-17
2.487847194831523e-17
2.504607834759156e-17
2.521157653844515e-17
2.537497269606173e-17
2.553627299562706e-17
2.569548361232690e-17
2.585261072134699e-17
2.600766049787310e-17
2.616063911709097e-17
2.631155275418636e-17
2.646040758434501e-17
2.660720978275271e-17
2.675196552459517e-17
2.689468098505817e-17
2.703536233932745e-17
2.717401576258877e-17
2.731064743002789e-17
2.744526351683056e-17
2.757787019818252e-17
2.770847364926954e-17
2.783708004527736e-17
2.796369556139174e-17
2.808832637279845e-17
2.821097865468322e-17
2.833165858223180e-17
2.845037233062997e-17
2.856712607506346e-17
2.868192599071804e-17
2.879477825277945e-17
2.890568903643344e-17
2.901466451686579e-17
2.912171086926223e-17
2.922683426880851e-17
2.933004089069040e-17
2.943133691009365e-17
2.953072850220401e-17
2.962822184220723e-17
2.972382310528907e-17
2.981753846663527e-17
2.990937410143161e-17
2.999933618486383e-17
3.008743089211767e-17
3.017366439837890e-17
3.025804287883326e-17
3.034057250866652e-17
3.042125946306442e-17
3.050010991721273e-17
3.057713004629718e-17
3.065232602550354e-17
3.072570403001757e-17
3.079727023502500e-17
3.086703081571161e-17
3.093499194726313e-17
3.100115980486532e-17
3.106554056370395e-17
3.112814039896474e-17
3.118896548583348e-17
3.124802199949592e-17
3.130531611513778e-17
3.136085400794484e-17
3.141464185310285e-17
3.146668582579756e-17
3.151699210121473e-17
3.156556685454011e-17
3.161241626095945e-17
3.165754649565851e-17
3.170096373382303e-17
3.174267415063878e-17
3.178268392129151e-17
3.182099922096696e-17
3.185762622485091e-17
3.189257110812908e-17
3.192584004598725e-17
3.195743921361117e-17
3.198737478618657e-17
3.201565293889923e-17
3.204227984693490e-17
3.206726168547933e-17
3.209060462971827e-17
3.211231485483747e-17
3.213239853602270e-17
3.215086184845969e-17
3.216771096733421e-17
3.218295206783201e-17
3.219659132513884e-17
3.220863491444047e-17
3.221908901092262e-17
3.222795978977109e-17
3.223525342617159e-17
3.224097609530989e-17
3.224513397237174e-17
3.224773323254291e-17
3.224878005100914e-17
3.224828060295618e-17
3.224624106356980e-17
3.224266760803572e-17
3.223756641153973e-17
3.223094364926757e-17
3.222280549640499e-17
3.221315812813775e-17
3.220200771965160e-17
3.218936044613229e-17
3.217522248276557e-17
3.215960000473721e-17
3.214249918723295e-17
3.212392620543854e-17
3.210388723453975e-17
3.208238844972233e-17
3.205943602617203e-17
3.203503613907459e-17
3.200919496361577e-17
3.198191867498134e-17
3.195321344835703e-17
3.192308545892863e-17
3.189154088188185e-17
3.185858589240246e-17
3.182422666567623e-17
3.178846937688889e-17
3.175132020122620e-17
3.171278531387392e-17
3.167287089001781e-17
3.163158310484361e-17
3.158892813353707e-17
3.154491215128396e-17
3.149954133327001e-17
3.145282185468100e-17
3.140475989070266e-17
3.135536161652077e-17
3.130463320732107e-17
3.125258083828930e-17
3.119921068461124e-17
3.114452892147262e-17
3.108854172405919e-17
3.103125526755674e-17
3.097267572715099e-17
3.091280927802769e-17
3.085166209537263e-17
3.078924035437153e-17
3.072555023021014e-17
3.066059789807424e-17
3.059438953314958e-17
3.052693131062189e-17
3.045822940567695e-17
3.038828999350049e-17
3.031711924927829e-17
3.024472334819607e-17
3.017110846543962e-17
3.009628077619466e-17
3.002024645564697e-17
2.994301167898229e-17
2.986458262138637e-17
2.978496545804498e-17
2.970416636414386e-17
2.962219151486876e-17
2.953904708540545e-17
2.945473925093967e-17
2.936927418665717e-17
2.928265806774372e-17
2.919489706938506e-17
2.910599736676695e-17
2.901596513507514e-17
2.892480654949538e-17
2.883252778521345e-17
2.873913501741507e-17
2.864463442128599e-17
2.854903217201200e-17
2.845233444477884e-17
2.835454741477223e-17
2.825567725717796e-17
2.815573014718178e-17
2.805471225996943e-17
2.795262977072667e-17
2.784948885463927e-17
2.774529568689295e-17
2.764005644267348e-17
2.753377729716662e-17
2.742646442555811e-17
2.731812400303372e-17
2.720876220477919e-17
2.709838520598030e-17
2.698699918182276e-17
2.687461030749235e-17
2.676122475817482e-17
2.664684870905593e-17
2.653148833532141e-17
2.641514981215704e-17
2.629783931474857e-17
2.617956301828173e-17
2.606032709794231e-17
2.594013772891602e-17
2.581900108638867e-17
2.569692334554596e-17
2.557391068157366e-17
2.544996926965754e-17
2.532510528498333e-17
2.519932490273681e-17
2.507263429810370e-17
2.494503964626979e-17
2.481654712242081e-17
2.468716290174251e-17
2.455689315942068e-17
2.442574407064101e-17
2.429372181058931e-17
2.416083255445130e-17
2.402708247741276e-17
2.389247775465944e-17
2.375702456137707e-17
2.362072907275142e-17
2.348359746396824e-17
2.334563591021329e-17
2.320685058667231e-17
2.306724766853105e-17
2.292683333097531e-17
2.278561374919079e-17
2.264359509836325e-17
2.250078355367848e-17
2.235718529032219e-17
2.221280648348016e-17
2.206765330833813e-17
2.192173194008188e-17
2.177504855389711e-17
2.162760932496963e-17
2.147942042848517e-17
2.133048803962949e-17
2.118081833358831e-17
2.103041748554743e-17
2.087929167069260e-17
2.072744706420954e-17
2.057488984128401e-17
2.042162617710180e-17
2.026766224684863e-17
2.011300422571024e-17
1.995765828887243e-17
1.980163061152093e-17
1.964492736884148e-17
1.948755473601986e-17
1.932951888824180e-17
1.917082600069306e-17
1.901148224855943e-17
1.885149380702659e-17
1.869086685128035e-17
1.852960755650647e-17
1.836772209789065e-17
1.820521665061867e-17
1.804209738987632e-17
1.787837049084927e-17
1.771404212872337e-17
1.754911847868431e-17
1.738360571591787e-17
1.721751001560981e-17
1.705083755294585e-17
1.688359450311176e-17
1.671578704129331e-17
1.654742134267621e-17
1.637850358244628e-17
1.620903993578921e-17
1.603903657789082e-17
1.586849968393680e-17
1.569743542911293e-17
1.552584998860494e-17
1.535374953759861e-17
1.518114025127972e-17
1.500802830483396e-17
1.483441987344714e-17
1.466032113230497e-17
1.448573825659322e-17
1.431067742149767e-17
1.413514480220402e-17
1.395914657389805e-17
1.378268891176555e-17
1.360577799099223e-17
1.342841998676385e-17
1.325062107426617e-17
1.307238742868491e-17
1.289372522520588e-17
1.271464063901480e-17
1.253513984529744e-17
1.235522901923954e-17
1.217491433602688e-17
1.199420197084516e-17
1.181309809888018e-17
1.163160889531767e-17
1.144974053534339e-17
1.126749919414312e-17
1.108489104690256e-17
1.090192226880752e-17
1.071859903504371e-17
1.053492752079689e-17
1.035091390125284e-17
1.016656435159727e-17
9.981885047016009e-18
9.796882162694726e-18
9.611561873819246e-18
9.425930355575259e-18
9.239993783148531e-18
9.053758331724852e-18
8.867230176489942e-18
8.680415492629569e-18
8.493320455329523e-18
8.305951239775504e-18
8.118314021153236e-18
7.930414974648568e-18
7.742260275447173e-18
7.553856098734840e-18
7.365208619697316e-18
7.176324013520378e-18
6.987208455389744e-18
6.797868120491199e-18
6.608309184010447e-18
6.418537821133243e-18
6.228560207045424e-18
6.038382516932675e-18
5.848010925980787e-18
5.657451609375456e-18
5.466710742302476e-18
5.275794499947597e-18
5.084709057496591e-18
4.893460590135142e-18
4.702055273049107e-18
4.510499281424190e-18
4.318798790446108e-18
4.126959975300665e-18
3.934989011173564e-18
3.742892073250576e-18
3.550675336717524e-18
3.358344976760075e-18
3.165907168564017e-18
2.973368087315121e-18
2.780733908199105e-18
2.588010806401723e-18
2.395204957108763e-18
2.202322535505926e-18
2.009369716779038e-18
1.816352676113797e-18
1.623277588695994e-18
1.430150629711327e-18
1.236977974345605e-18
1.043765797784525e-18
8.505202752138975e-19
6.572475818194758e-19
4.639538927869571e-19
2.706453833021701e-19
7.732822855079309e-20
-1.159913962814028e-19
-3.093073160086240e-19
-5.026133554451405e-19
-6.959033394051987e-19
-8.891710927030328e-19
-1.082410440152926e-18
-1.275615206569088e-18
-1.468779216765765e-18
-1.661896295557241e-18
-1.854960267757725e-18
-2.047964958181476e-18
-2.240904191642740e-18
-2.433771792955765e-18
-2.626561586934796e-18
-2.819267398394079e-18
-3.011883052147862e-18
-3.204402373010391e-18
-3.396819185795912e-18
-3.589127315318672e-18
-3.781320586392916e-18
-3.973392823832893e-18
-4.165337852452860e-18
-4.357149497067027e-18
-4.548821582489678e-18
-4.740347933535057e-18
-4.931722375017377e-18
-5.122938731750920e-18
-5.313990828549919e-18
-5.504872490228622e-18
-5.695577541601274e-18
-5.886099807482124e-18
-6.076433112685415e-18
-6.266571282025396e-18
-6.456508140316313e-18
-6.646237512372412e-18
-6.835753223007951e-18
-7.025049097037142e-18
-7.214118959274266e-18
-7.402956634533572e-18
-7.591555947629267e-18
-7.779910723375635e-18
-7.968014786586923e-18
-8.155861962077341e-18
-8.343446074661171e-18
-8.530760949152661e-18
-8.717800410366019e-18
-8.904558283115529e-18
-9.091028392215437e-18
-9.277204562479955e-18
-9.463080618723376e-18
-9.648650385759910e-18
-9.833907688403806e-18
-1.001884635146934e-17
-1.020346019977073e-17
-1.038774305812222e-17
-1.057168875133810e-17
-1.075529110423255e-17
-1.093854394161986e-17
-1.112144108831429e-17
-1.130397636913004e-17
-1.148614360888139e-17
-1.166793663238258e-17
-1.184934926444783e-17
-1.203037532989144e-17
-1.221100865352762e-17
-1.239124306017060e-17
-1.257107237463468e-17
-1.275049042173406e-17
-1.292949102628300e-17
-1.310806801309576e-17
-1.328621520698657e-17
-1.346392643276967e-17
-1.364119551525933e-17
-1.381801627926979e-17
-1.399438254961528e-17
-1.417028815111006e-17
-1.434572690856837e-17
-1.452069264680447e-17
-1.469517919063259e-17
-1.486918036486699e-17
-1.504268999432190e-17
-1.521570190381158e-17
-1.538820991815026e-17
-1.556020786215223e-17
-1.573168956063168e-17
-1.590264883840290e-17
-1.607307952028011e-17
-1.624297543107756e-17
-1.641233039560951e-17
-1.658113823869019e-17
-1.674939278513386e-17
-1.691708785975476e-17
-1.708421728736713e-17
-1.725077489278524e-17
-1.741675450082331e-17
-1.758214993629560e-17
-1.774695502401635e-17
-1.791116358879981e-17
-1.807476945546023e-17
-1.823776644881186e-17
-1.840014839366892e-17
-1.856190911484569e-17
-1.872304243715639e-17
-1.888354218541529e-17
-1.904340218443663e-17
-1.920261625903463e-17
-1.936117823402357e-17
-1.951908193421770e-17
-1.967632118443122e-17
-1.983288980947843e-17
-1.998878163417355e-17
-2.014399048333081e-17
-2.029851018176451e-17
-2.045233455428885e-17
-2.060545742571807e-17
-2.075787262086646e-17
-2.090957396454825e-17
-2.106055528157767e-17
-2.121081039676896e-17
-2.136033313493640e-17
-2.150911732089421e-17
-2.165715677945664e-17
-2.180444533543796e-17
-2.195097681365238e-17
-2.209674503891417e-17
-2.224174383603758e-17
-2.238596702983684e-17
-2.252940844512619e-17
-2.267206190671991e-17
-2.281392123943223e-17
-2.295498026807737e-17
-2.309523281746961e-17
-2.323467271242320e-17
-2.337329377775235e-17
-2.351108983827135e-17
-2.364805471879443e-17
-2.378418224413579e-17
-2.391946623910976e-17
-2.405390052853054e-17
-2.418747893721237e-17
-2.432019528996952e-17
-2.445204341161622e-17
-2.458301712696671e-17
-2.471311026083525e-17
-2.484231663803609e-17
-2.497063008338348e-17
-2.509804442169164e-17
-2.522455347777483e-17
-2.535015107644732e-17
-2.547483104252331e-17
-2.559858720081710e-17
-2.572141337614290e-17
-2.584330339331496e-17
-2.596425107714752e-17
-2.608425025245486e-17
-2.620329474405120e-17
-2.632137837675079e-17
-2.643849497536789e-17
-2.655463836471671e-17
-2.666980236961153e-17
-2.678398081486659e-17
-2.689716752529613e-17
-2.700935632571441e-17
-2.712054104093567e-17
-2.723071549577414e-17
-2.733987351504407e-17
-2.744800892355974e-17
-2.755511554613536e-17
-2.766118720758519e-17
-2.776621773272349e-17
-2.787020094636447e-17
-2.797313067332240e-17
-2.807500073841154e-17
-2.817580496644612e-17
-2.827553718224038e-17
-2.837419121060858e-17
-2.847176087636494e-17
-2.856824000432374e-17
-2.866362241929923e-17
-2.875790194610564e-17
-2.885107240955720e-17
-2.894312763446818e-17
-2.903406144565281e-17
-2.912386766792535e-17
-2.921254012610006e-17
-2.930007264499116e-17
-2.938645904941289e-17
-2.947169316417953e-17
-2.955576881410529e-17
-2.963867982400445e-17
-2.972042001869124e-17
-2.980098322297991e-17
-2.988036326168470e-17
-2.995855395961987e-17
-3.003554914159964e-17
-3.011134263243829e-17
-3.018592825695004e-17
-3.025929983994915e-17
-3.033145120624987e-17
-3.040237618066643e-17
-3.047206858801308e-17
-3.054052225310409e-17
-3.060773100075367e-17
-3.067368865577610e-17
-3.073838904298562e-17
-3.080182598719644e-17
-3.086399331322285e-17
-3.092488484587909e-17
-3.098449440997938e-17
-3.104281583033800e-17
-3.109984293176919e-17
-3.115556953908716e-17
-3.120998947710619e-17
-3.126309657064054e-17
-3.131488464450442e-17
-3.136534752351210e-17
-3.141447903247782e-17
-3.146227299621581e-17
-3.150872323954035e-17
-3.155382358726567e-17
-3.159756786420601e-17
-3.163994989517562e-17
-3.168096350498875e-17
-3.172060251845964e-17
-3.175886076040254e-17
-3.179573205563171e-17
-3.183121022896138e-17
-3.186528910520580e-17
-3.189796250917921e-17
-3.192922426569588e-17
-3.195906819957002e-17
-3.198748813561591e-17
-3.201447789864779e-17
-3.204003131347988e-17
-3.206414220492646e-17
-3.208680439780176e-17
-3.210801171692002e-17
-3.212775798709550e-17
-3.214603703314245e-17
-3.216284267987511e-17
-3.217816875210771e-17
-3.219200907465452e-17
-3.220435747232978e-17
-3.221520776994773e-17
-3.222455379232263e-17
-3.223238936426870e-17
-3.223870831060022e-17
-3.224350445613142e-17
-3.224677162567653e-17
-3.224850364404983e-17
-3.224869433606554e-17
-3.224733752653791e-17
-3.224442704028120e-17
-3.223995670210965e-17
-3.223392033683752e-17
-3.222631176927902e-17
-3.221712482424842e-17
-3.220635332655998e-17
-3.219399110102792e-17
-3.218003197246650e-17
-3.216446976568996e-17
-3.214729830551256e-17
-3.212851141674853e-17
-3.210810292421213e-17
-3.208606665271760e-17
-3.206239642707917e-17
-3.203708607211111e-17
-3.201012941262768e-17
-3.198152027344309e-17
-3.195125247937160e-17
-3.191931985522747e-17
-3.188571622582493e-17
-3.185043541597822e-17
-3.181347125050161e-17
-3.177481755420933e-17
-3.173446815191564e-17
-3.169241686843477e-17
-3.164865752858098e-17
-3.160318395716850e-17
-3.155598997901159e-17
-3.150706941892451e-17
-3.145641610172148e-17
-3.140402385221675e-17
-3.134988649522458e-17
-3.129399785555920e-17
-3.123635175803487e-17
-3.117694202746585e-17
-3.111576248866635e-17
-3.105280696645064e-17
-3.098806928563297e-17
-3.092154327102756e-17
-3.085322274744868e-17
-3.078310153971059e-17
-3.071117347262750e-17
-3.063743237101368e-17
-3.056187205968338e-17
-3.048448636345081e-17
-3.040526910713026e-17
-3.032421411553596e-17
-3.024131521348216e-17
-3.015656622578310e-17
-3.006996097725303e-17
-2.998149329270619e-17
-2.989115699695685e-17
-2.979894591481922e-17
-2.970485387110757e-17
-2.960887469063614e-17
-2.951100219821918e-17
-2.941123021867094e-17
-2.930955257680566e-17
-2.920596309743759e-17
-2.910045560538098e-17
-2.899302392545005e-17
-2.888366188245907e-17
-2.877236330122230e-17
-2.865912200655397e-17
-2.854393182326831e-17
-2.842678657617960e-17
-2.830768009010205e-17
-2.818660618984993e-17
-2.806355870023750e-17
-2.793853144607898e-17
-2.781151825218862e-17
-2.768251294338066e-17
-2.755150934446939e-17
-2.741850128026900e-17
-2.728348257559378e-17
-2.714644705525795e-17
-2.700738854407575e-17
-2.686630086686144e-17
-2.672317784842929e-17
-2.657801331359351e-17
-2.643080108716837e-17
-2.628153499396810e-17
-2.613020885880695e-17
-2.597681650649916e-17
-2.582135176185901e-17
-2.566380844970071e-17
-2.550418039483852e-17
-2.534246142208669e-17
-2.517864535625945e-17
-2.501272602217106e-17
-2.484469724463578e-17
-2.467455284846782e-17
-2.450228665848146e-17
-2.432789249949094e-17
-2.415136419631049e-17
-2.397269557375435e-17
-2.379188045663680e-17
-2.360891266977208e-17
-2.342378603797444e-17
-2.323649438605807e-17
-2.304703153883730e-17
-2.285539132112630e-17
-2.266156755773937e-17
-2.246555407349074e-17
-2.226734469319467e-17
-2.206693324166537e-17
-2.186431354371712e-17
-2.165947942416414e-17
-2.145242470782068e-17
-2.124314321950106e-17
-2.103162878401942e-17
-2.081787522619004e-17
-2.060187637082720e-17
-2.038362604274509e-17
-2.016311806675800e-17
-1.994034626768023e-17
-1.971530447032590e-17
-1.948798649950932e-17
-1.925838618004477e-17
-1.902649733674642e-17
-1.879231379442856e-17
-1.855582937790547e-17
-1.831703791199136e-17
-1.807593322150045e-17
-1.783250913124702e-17
-1.758675946604533e-17
-1.733867805070958e-17
-1.708825871005409e-17
-1.683549526889305e-17
-1.658038155204068e-17
-1.632291138431127e-17
-1.606307859051909e-17
-1.580087699547835e-17
-1.553630042400328e-17
-1.526934270090818e-17
-1.499999765100722e-17
-1.472825909911471e-17
-1.445412087004490e-17
-1.417757678861204e-17
-1.389862067963029e-17
-1.361724636791400e-17
-1.333344767827734e-17
-1.304721843553460e-17
-1.275855246450004e-17
-1.246744358998788e-17
-1.217388563681236e-17
-1.187787242978771e-17
-1.157939779372826e-17
-1.127845555344815e-17
-1.097503953376168e-17
-1.066914355948317e-17
-1.036076145542672e-17
-1.004988704640663e-17
-9.736514157237205e-18
-9.420636612732624e-18
-9.102248237707178e-18
-8.781342856975118e-18
-8.457914295350603e-18
-8.131956377647957e-18
-7.803462928681443e-18
-7.472427773265237e-18
-7.138844736213667e-18
-6.802707642340934e-18
-6.464010316461260e-18
-6.122746583388916e-18
-5.778910267938182e-18
-5.432495194923237e-18
-5.083495189158415e-18
-4.731904075457910e-18
-4.377715678635931e-18
-4.020923823506742e-18
-3.661522334884682e-18
-3.299505037583868e-18
-2.934865756418649e-18
-2.567598316203198e-18
-2.197696541751824e-18
-1.825154257878701e-18
-1.449965289398122e-18
-1.072123461124360e-18
-6.916225978716255e-19
-3.084565244541366e-19
7.738081081008728e-20
4.658692768156576e-19
8.569303252000961e-19
1.250477503363176e-18
1.646424358704771e-18
2.044684438624754e-18
2.445171290522849e-18
2.847798461798979e-18
3.252479499852919e-18
3.659127952084388e-18
4.067657365893416e-18
4.477981288679724e-18
4.890013267843083e-18
5.303666850783420e-18
5.718855584900508e-18
6.135493017594065e-18
6.553492696264125e-18
6.972768168310403e-18
7.393232981132728e-18
7.814800682130868e-18
8.237384818704753e-18
8.660898938254098e-18
9.085256588178782e-18
9.510371315878682e-18
9.936156668753567e-18
1.036252619420321e-17
1.078939343962753e-17
1.121667195242626e-17
1.164427527999927e-17
1.207211696974644e-17
1.250011056906753e-17
1.292816962536232e-17
1.335620768603069e-17
1.378413829847250e-17
1.421187501008748e-17
1.463933136827556e-17
1.506642092043651e-17
1.549305721397010e-17
1.591915379627620e-17
1.634462421475470e-17
1.676938201680530e-17
1.719334074982794e-17
1.761641396122239e-17
1.803851519838848e-17
1.845955800872591e-17
1.887945593963473e-17
1.929812253851466e-17
1.971547135276546e-17
2.013141592978706e-17
2.054586981697923e-17
2.095874656174170e-17
2.136995971147450e-17
2.177942281357734e-17
2.218704941544999e-17
2.259275306449239e-17
2.299644730810426e-17
2.339804569368546e-17
2.379746176863588e-17
2.419460908035528e-17
2.458940117624345e-17
2.498175160370029e-17
2.537157391012554e-17
2.575878164291907e-17
2.614328834948076e-17
2.652500757721037e-17
2.690385287350769e-17
2.727973778577263e-17
2.765257586140491e-17
2.802228064780447e-17
2.838876569237102e-17
2.875194454250449e-17
2.911173074560465e-17
2.946803784907129e-17
2.982077940030426e-17
3.016986894670344e-17
3.051522003566855e-17
3.085674621459953e-17
3.119436103089614e-17
3.152797803195816e-17
3.185751076518546e-17
3.218287277797791e-17
3.250397761773525e-17
3.282073883185738e-17
3.313306996774407e-17
3.344088457279513e-17
3.374409619441041e-17
3.404261837998978e-17
3.433636467693298e-17
3.462524863263990e-17
3.490918379451034e-17
3.518808370994406e-17
3.546186192634100e-17
3.573043199110093e-17
3.599370745162363e-17
3.625160185530900e-17
3.650402874955683e-17
3.675090168176691e-17
3.699213419933909e-17
3.722763984967324e-17
3.745733218016912e-17
3.768112473822656e-17
3.789893107124543e-17
3.811066472662549e-17
3.831623925176659e-17
3.851556819406860e-17
3.870856510093129e-17
3.889514351975447e-17
3.907521699793802e-17
3.924869908288170e-17
3.941550332198538e-17
3.957554326264889e-17
3.972873245227203e-17
3.987498443825461e-17
4.001421276799647e-17
4.014633098889745e-17
4.027125264835734e-17
4.038889129377601e-17
4.049916047255324e-17
4.060197373208886e-17
4.069724461978270e-17
4.078488668303461e-17
4.086481346924437e-17
4.093693852581183e-17
4.100117540013681e-17
4.105743763961912e-17
4.110563879165859e-17
4.114569240365506e-17
4.117751202300833e-17
4.120101119711823e-17
4.121610347338460e-17
4.122270239920725e-17
4.122072152198600e-17
4.121007438912068e-17
4.119067454801111e-17
4.116243554605712e-17
4.112527093065853e-17
4.107909424921516e-17
4.102381904912684e-17
4.095935887779338e-17
4.088562728261461e-17
4.080253781099037e-17
4.071000401032047e-17
4.060793942800474e-17
4.049625761144298e-17
4.037487210803503e-17
4.024369646518072e-17
4.010264423027985e-17
3.995162895073230e-17
3.979056417393785e-17
3.961936344729630e-17
3.943794031820752e-17
3.924620833407130e-17
3.904408104228748e-17
3.883147199025590e-17
3.860829472537639e-17
3.837446279504870e-17
3.812988974667273e-17
3.787448912764826e-17
3.760817448537511e-17
3.733085936725318e-17
3.704245732068223e-17
3.674288189306205e-17
3.643204663179255e-17
3.610986508427347e-17
3.577625079790466e-17
3.543111732008605e-17
3.507437819821728e-17
3.470594697969826e-17
3.432573721192886e-17
3.393366244230882e-17
3.352963621823799e-17
3.311357208711627e-17
3.268538359634342e-17
3.224498429331921e-17
3.179228772544350e-17
3.132720744011621e-17
3.084965698473700e-17
3.035954990670585e-17
2.985679975342251e-17
2.934132007228677e-17
2.881302441069846e-17
2.827182631605749e-17
2.771763933576357e-17
2.715037701721665e-17
2.656995290781648e-17
2.597628055496282e-17
2.536927350605555e-17
2.474884530849458e-17
2.411490950967966e-17
2.346737965701053e-17
2.280616929788718e-17
2.213119197970926e-17
2.144236124987668e-17
2.073959065578936e-17
2.002279374484701e-17
1.929188406444939e-17
1.854677516199642e-17
1.778738058488797e-17
1.701361388052374e-17
1.622538859630359e-17
1.542261827962759e-17
1.460521647789514e-17
1.377309673850624e-17
1.292617260886077e-17
1.206435763635870e-17
1.118756536839950e-17
1.029570935238325e-17
9.388703135709609e-18
8.466460265778483e-18
7.528894289989664e-18
6.575918755743039e-18
5.607447210438621e-18
4.623393201475923e-18
3.623670276254701e-18
2.608191982174969e-18
1.576871866636522e-18
5.296234770391467e-19
-5.336172541687489e-19
-1.612399538429661e-18
-2.705757731075777e-18
-3.812703802390904e-18
-4.932249722658981e-18
-6.063407462163947e-18
-7.205188991189313e-18
-8.356606280019873e-18
-9.516671298939142e-18
-1.068439601823106e-17
-1.185879240817957e-17
-1.303887243906861e-17
-1.422364808118166e-17
-1.541213130480357e-17
-1.660333408021783e-17
-1.779626837770837e-17
-1.898994616755915e-17
-2.018337942005394e-17
-2.137558010547698e-17
-2.256556019411178e-17
-2.375233165624286e-17
-2.493490646215386e-17
-2.611229658212873e-17
-2.728351398645126e-17
-2.844757064540568e-17
-2.960347852927550e-17
-3.075024960834524e-17
-3.188689585289854e-17
-3.301242923321934e-17
-3.412586171959144e-17
-3.522620528229908e-17
-3.631247189162576e-17
-3.738367351785599e-17
-3.843882213127341e-17
-3.947692970216199e-17
-4.049700820080551e-17
-4.149806959748819e-17
-4.247912586249358e-17
-4.343918896610613e-17
-4.437727087860952e-17
-4.529238357028769e-17
-4.618353901142448e-17
-4.704974917230402e-17
-4.789002602321019e-17
-4.870338153442668e-17
-4.948882767623787e-17
-5.024537641892739e-17
-5.097203973277944e-17
-5.166782958807762e-17
-5.233175795510605e-17
-5.296283680414866e-17
-5.356007810548941e-17
-5.412249382941235e-17
-5.464909594620115e-17
-5.513889642614003e-17
-5.559090723951266e-17
-5.600414035660302e-17
-5.637760774769535e-17
-5.671032138307330e-17
-5.700129323302095e-17
-5.724953526782211e-17
-5.745405945776080e-17
-5.761387777312096e-17
-5.772800218418652e-17
-5.779544466124144e-17
-5.781521717456963e-17
-5.778633169445502e-17
-5.770780019118161e-17
-5.757863463503327e-17
-5.739784699629399e-17
-5.716444924524772e-17
-5.687745335217829e-17
-5.653587128736979e-17
-5.613871502110608e-17
-5.568499652367102e-17
-5.517372776534888e-17
-5.460392071642309e-17
-5.397458734717802e-17
-5.328473962789745e-17
-5.253338952886512e-17
-5.171954902036537e-17
-5.084223007268196e-17
-4.990044465609880e-17
-4.889320474089960e-17
-4.781952229736879e-17
-4.667840929579007e-17
-4.546887770644704e-17
-4.418993949962464e-17
-4.284060664560546e-17
-4.141989111467447e-17
-3.992680487711526e-17
-3.836035990321140e-17
-3.671956816324758e-17
-3.500344162750736e-17
-3.321099226627470e-17
-3.134123204983304e-17
-2.939317294846726e-17
-2.736582693246086e-17
-2.525820597209721e-17
-2.306932203766135e-17
-2.079818709943667e-17
-1.844381312770712e-17
-1.600521209275665e-17
-1.348139596486854e-17
-1.087137671432799e-17
-8.174166311417637e-18
-5.388776726423507e-18
-2.514219929627445e-18
4.504892742763938e-19
3.505070148993158e-18
6.645987530375630e-18
9.869190496586552e-18
1.317062812579102e-17
1.654624949615335e-17
1.999200368583787e-17
2.350383977300978e-17
2.707770683583163e-17
3.070955395246954e-17
3.439533020108507e-17
3.813098465984530e-17
4.191246640691457e-17
4.573572452045532e-17
4.959670807863378e-17
5.349136615961231e-17
5.741564784155621e-17
6.136550220262981e-17
6.533687832099740e-17
6.932572527482433e-17
7.332799214227288e-17
7.733962800150940e-17
8.135658193069622e-17
8.537480300799761e-17
8.939024031158094e-17
9.339884291960749e-17
9.739655991024360e-17
1.013793403616516e-16
1.053431333519967e-16
1.092838879594434e-16
1.131975532621559e-16
1.170800783382995e-16
1.209274122660366e-16
1.247355041235334e-16
1.285003029889524e-16
1.322177579404578e-16
1.358838180562169e-16
1.394944324143911e-16
1.430455500931465e-16
1.465331201706458e-16
1.499530917250540e-16
1.533014138345364e-16
1.565740355772548e-16
1.597669060313768e-16
1.628759742750642e-16
1.658971893864823e-16
1.688265004437960e-16
1.716598565251683e-16
1.743932067087640e-16
1.770225000727476e-16
1.795436856952841e-16
1.819527126545364e-16
1.842455300286696e-16
1.864180868958484e-16
1.884663323342357e-16
1.903862154219977e-16
1.921736852372973e-16
1.938246908582994e-16
1.953351813631686e-16
1.967011058300685e-16
1.979184133371637e-16
1.989830529626186e-16
1.998909737845977e-16
2.006381248812650e-16
2.012204553307849e-16
2.016339142113218e-16
2.018744506010400e-16
2.019380135781037e-16
2.018205522206773e-16
2.015180156069252e-16
2.010263528150116e-16
2.003415129231009e-16
1.994594450093571e-16
1.983760981519454e-16
1.970874214290289e-16
1.955893639187729e-16
1.938778746993414e-16
1.919489028488981e-16
1.897983974456084e-16
1.874223075676361e-16
1.848165822931456e-16
1.819771707003012e-16
1.789000218672664e-16
1.755810848722069e-16
1.720163087932856e-16
1.682016427086695e-16
1.641330356965202e-16
1.598064368350016e-16
1.552177952022805e-16
1.503630598765187e-16
1.452381799358830e-16
1.398391044585366e-16
1.341617825226438e-16
1.282021632063688e-16
1.219561955878745e-16
1.154198287453282e-16
1.085890117568909e-16
1.014596937007306e-16
9.402782365501167e-17
8.628935069789273e-17
7.824022390754378e-17
6.987639236212503e-17
6.119380513980531e-17
5.218841131874655e-17
4.285615997711318e-17
3.319300019306953e-17
2.319488104477737e-17
1.285775161040601e-17
2.177560968114535e-18
-8.845846595570786e-18
-2.018383876987009e-17
-3.179488036633159e-17
-4.363737533385569e-17
-5.566972762135735e-17
-6.785034117773961e-17
-8.013761995191449e-17
-9.248996789279415e-17
-1.048657889492784e-16
-1.172234870702885e-16
-1.295214662047244e-16
-1.417181303015012e-16
-1.537718833095219e-16
-1.656411291776985e-16
-1.772842718549401e-16
-1.886597152901558e-16
-1.997258634322573e-16
-2.104411202301482e-16
-2.207638896327403e-16
-2.306525755889451e-16
-2.400655820476643e-16
-2.489613129578165e-16
-2.572981722683038e-16
-2.650345639280376e-16
-2.721288918859285e-16
-2.785395600908822e-16
-2.842249724918094e-16
-2.891435330376193e-16
-2.932536456772218e-16
-2.965137143595240e-16
-2.988821430334359e-16
-3.003173356478669e-16
-3.007776961517253e-16
-3.002216284939207e-16
-2.986075366233620e-16
-2.958938244889584e-16
-2.920388960396178e-16
-2.870011552242511e-16
-2.807390059917648e-16
-2.732108522910733e-16
-2.643750980710780e-16
-2.541901472806939e-16
-2.426144038688283e-16
-2.296062717843867e-16
-2.151241549762847e-16
-1.991264573934281e-16
-1.815715829847261e-16
-1.624179356990878e-16
-1.416239194854166e-16
-1.191479382926322e-16
-9.494839606963230e-17
-6.898369676534482e-17
-4.121224432865992e-17
-1.159244270848502e-17
1.989661968807841e-17
5.299504224974825e-17
8.724054762640546e-17
1.221663906249983e-16
1.573058260524319e-16
1.921921087156640e-16
2.263584934216256e-16
2.593382349772310e-16
2.906645881894278e-16
3.198708078651317e-16
3.464901488112758e-16
3.700558658348105e-16
3.901012137426483e-16
4.061594473417302e-16
4.177638214389798e-16
4.244475908413329e-16
4.257440103557210e-16
4.211863347890752e-16
4.103078189483238e-16
3.926417176404032e-16
3.677212856722359e-16
3.350797778507658e-16
2.942504489829300e-16
2.447665538756262e-16
1.861613473358197e-16
1.179680841704123e-16
3.972001918636959e-17
-4.898803727121513e-17
-1.473667852529872e-16
-2.535437967897387e-16
-3.656074275833752e-16
-4.816460333356141e-16
-5.997479697483127e-16
-7.180015925232110e-16
-8.344952573621382e-16
-9.473173199668941e-16
-1.054556136039279e-15
-1.154300061281116e-15
-1.244637451394155e-15
-1.323656662080222e-15
-1.389446049041131e-15
-1.440093967978637e-15
-1.473688774594592e-15
-1.488318824590763e-15
-1.482072473668960e-15
-1.453038077530973e-15
-1.399303991878616e-15
-1.318958572413684e-15
-1.210090174837977e-15
-1.070787154853257e-15
-8.991378681613919e-16
-6.932306704641512e-16
-4.511539174632691e-16
-1.709959648607418e-16
1.490167620513483e-16
5.065909404245893e-16
8.947992986147916e-16
1.306462479072390e-15
1.734401124247505e-15
2.171435876590676e-15
2.610387378551902e-15
3.044076272581949e-15
3.465323201130817e-15
3.866948806648945e-15
4.241773731586751e-15
4.582618618394374e-15
4.882304109522242e-15
5.133650847420683e-15
5.329479474540026e-15
5.462610633330623e-15
5.525864966242738e-15
5.512063115726724e-15
5.414025724232954e-15
5.224573434211712e-15
4.936526888113260e-15
4.542706728388067e-15
4.035933597486261e-15
3.409028137858424e-15
2.654810991954771e-15
1.766102802225631e-15
7.357242111213289e-16
-4.428645288019441e-16
-1.744799014236213e-15
-3.100173141009084e-15
-4.435601985799152e-15
-5.677700625285751e-15
-6.753084136149055e-15
-7.588367595067470e-15
-8.110166078720672e-15
-8.245094663787672e-15
-7.919768426947937e-15
-7.060802444880754e-15
-5.594811794265419e-15
-3.448411551780590e-15
-5.482167941066222e-16
3.145487632902443e-15
7.438028956324788e-15
1.203508141727358e-14
1.664195398161653e-14
2.096395561521439e-14
2.470639528393336e-14
2.757458195363574e-14
2.927382459018677e-14
2.950943215945068e-14
2.798671362729169e-14
2.441097795957284e-14
1.848753412216009e-14
9.921691080914535e-15
-1.568496785780645e-15
-1.504571503999804e-14
-2.736108556498857e-14
-3.513218564158320e-14
-3.497659255061157e-14
-2.351188357290403e-14
2.644364010707348e-15
4.657425902111348e-14
1.045530005082670e-13
1.661041434456375e-13
2.204619822774399e-13
2.568608114479506e-13
2.645349254014282e-13
2.327186185821275e-13
1.557862529992234e-13
7.576231307513399e-14
6.049785593227002e-14
1.780991010524271e-13
4.966722679173642e-13
1.084323576009042e-12
2.009159244808673e-12
3.337946583949860e-12
5.131402398928870e-12
7.448535189737136e-12
1.040602975401152e-11
1.508134968739298e-11
2.334499561424710e-11
3.708975110361152e-11
5.784398388111562e-11
8.629392694071340e-11
1.230072202371202e-10
1.707453064651698e-10
2.484021044495351e-10
3.820705444205055e-10
5.982056459923111e-10
9.349392272592311e-10
1.451996793105823e-09
2.277174777860215e-09
3.574917567878176e-09
5.513627729156758e-09
8.601134340343359e-09
1.387186056443771e-08
2.258740225791860e-08
3.697722826036383e-08
6.117067655879936e-08
1.030501249977074e-07
1.741425635921619e-07
2.931854987654907e-07
4.877214429873374e-07
7.948617960586806e-07
1.260129811173838e-06
1.935228003346900e-06
2.878151991244518e-06
4.160471931657058e-06
5.883537815115480e-06
8.196587508911742e-06
1.129883792771647e-05
1.540281676604074e-05
2.064360197749214e-05
2.694522129952364e-05
3.390005099858288e-05
4.074878006391358e-05
4.651307864624655e-05
5.023517625725419e-05
5.121869508623617e-05
4.919522791459361e-05
4.439996857344116e-05
3.753856668606878e-05
2.964560985927715e-05
2.183452204874308e-05
1.500697307859286e-05
9.633266531331300e-06
5.795030383720447e-06
3.288409943782097e-06
1.778177861425885e-06
9.274453566561457e-07
4.774140513828708e-07
2.476298385985917e-07
1.321862184026617e-07
7.364750662433926e-08
4.351747631257424e-08
2.704164033927365e-08
1.734780767843726e-08
1.137794705786583e-08
7.550299667323407e-09
5.076039938161891e-09
3.503630677946079e-09
2.416682755131344e-09
1.655609777961769e-09
1.137841098715109e-09
7.795251579181056e-10
5.281136069536203e-10
3.593249237125083e-10
2.517711529764962e-10
1.848061399104108e-10
1.381289436822160e-10
1.006364884468962e-10
7.120503003740541e-11
4.921103630637277e-11
3.382195497242480e-11
2.355200947402554e-11
1.678816659287237e-11
1.199658399020009e-11
8.469955447360311e-12
5.992713045154970e-12
4.355806285448963e-12
3.350184670108026e-12
2.766797700998541e-12
2.396594879986115e-12
2.059475586895994e-12
1.720463517217075e-12
1.389961541612231e-12
1.078387962144604e-12
7.961610808770160e-13
5.536991998726377e-13
3.614085668121347e-13
2.245956792344402e-13
1.355734963791940e-13
8.461575512384426e-14
6.199619234587163e-14
5.798854492271603e-14
6.286654973183469e-14
6.700767810951430e-14
6.530745499440638e-14
5.882785336535639e-14
4.907429054971085e-14
3.755218387482398e-14
2.576695066804556e-14
1.522400825671596e-14
7.349899968389634e-15
2.433711621116489e-15
-8.973519570120173e-17
-8.063948033669207e-16
-3.022215231825648e-16
8.368303235499535e-16
2.024806415528987e-15
2.745397385338003e-15
2.939272605601090e-15
2.731324130316270e-15
2.246952752800520e-15
1.611559266370130e-15
9.505444643422575e-16
3.893013828687825e-16
2.004107504175508e-17
-1.741274951497244e-16
-2.324856005163303e-16
-1.943145138687370e-16
-9.889550801759152e-17
1.449014422637662e-17
1.067668172051040e-16
1.556050183402365e-16
1.675443118437267e-16
1.519822766208743e-16
1.183164915769790e-16
7.594453561732948e-17
3.426398764724850e-17
2.390480407971170e-18
-1.642460478023510e-17
-2.446881877607397e-17
-2.424652830914376e-17
-1.826210010903129e-17
-9.019900905324338e-18
9.757025723825453e-19
9.412198668246106e-18
1.564692544234298e-17
1.989701591486250e-17
2.238670884946642e-17
2.334024300981489e-17
2.298185715957008e-17
2.153579006239286e-17
1.922628048194601e-17
1.627756718188864e-17
1.291388892588408e-17
9.359484477593031e-18
5.838592600675953e-18
2.575452058796006e-18
-2.061163978609229e-19
-2.364241933960761e-18
-3.936723447363507e-18
-4.985186301512943e-18
-5.571255859854717e-18
-5.756557485834008e-18
-5.602716542895918e-18
-5.171358394485720e-18
-4.524108404048592e-18
-3.722591935029721e-18
-2.828434350874044e-18
-1.903261015027217e-18
-1.008697290933973e-18
-2.063685420401622e-19
4.458795919834160e-19
9.348118696760852e-19
1.276295858867506e-18
1.486698843952106e-18
1.582388109324178e-18
1.579730939378181e-18
1.495094618508506e-18
1.344846431109546e-18
1.145353661575639e-18
9.129835943012793e-19
6.641035136807520e-19
4.150807041085749e-19
1.822824499791380e-19
-1.792975984684499e-20
-1.740173470057210e-19
-2.880100048367965e-19
-3.643060170332530e-19
-4.073036672883689e-19
-4.214012392953609e-19
-4.109970167474880e-19
-3.804892833379710e-19
-3.342763227600640e-19
-2.767564187069838e-19
-2.123278548719980e-19
-1.453889149483482e-19
-8.033788262922107e-20
-2.157304160790610e-20
2.668375293694343e-20
6.313075742624952e-20
8.886666821917202e-20
1.050614230073143e-19
1.128849594822800e-19
1.135072153356717e-19
1.080981282590929e-19
9.782763594414483e-20
8.386567608243651e-20
6.738218636557365e-20
4.954710448514662e-20
3.153036813277190e-20
1.450191500004464e-20
-3.683246342690454e-22
-1.217678628687242e-20
-2.099012099798812e-20
-2.709581590313209e-20
-3.078135813783205e-20
-3.233423483760588e-20
-3.204193313797598e-20
-3.019194017446410e-20
-2.707174308259187e-20
-2.296882899788080e-20
-1.817068505585239e-20
-1.296479839202681e-20
-7.638656141928282e-21
-2.479745441076976e-21
2.230541832489556e-21
6.359589398600923e-21
9.928488144743230e-21
1.296541085864643e-20
1.549853032804489e-20
1.755601934067018e-20
1.916605068425583e-20
2.035679714653469e-20
2.115643151523958e-20
2.159312657810340e-20
2.169505512285879e-20
2.149038993723872e-20
2.100730380897588e-20
2.027396952580336e-20
1.931855987545389e-20
1.816924764566032e-20
1.685420562415548e-20
1.540160659867184e-20
1.383962335694294e-20
1.219642868670086e-20
1.050019537567972e-20
8.779096211610627e-21
7.061303982227722e-21
5.374991475263404e-21
3.748331478450114e-21
2.209496779521513e-21
7.866601662100129e-22
-4.923861294461243e-22
-1.614643978035599e-21
-2.586333312723812e-21
-3.414958442144678e-21
-4.108023674933016e-21
-4.673033319722755e-21
-5.117491685148860e-21
-5.448903079845355e-21
-5.674771812446766e-21
-5.802602191587511e-21
-5.839898525901928e-21
-5.794165124024441e-21
-5.672906294589513e-21
-5.483626346231478e-21
-5.233829587584690e-21
-4.931020327283671e-21
-4.582702873962675e-21
-4.196381536256284e-21
-3.779560622798914e-21
-3.339744442224644e-21
-2.884437303168204e-21
-2.421143514263762e-21
-1.957367384145948e-21
-1.500613221448944e-21
-1.058385334807481e-21
-6.381880328556228e-22
-2.475256242277889e-22
1.061451249024398e-22
4.186996043692848e-22
6.914745015880592e-22
9.263127360991210e-22
1.125057227442962e-21
1.289550895159748e-21
1.421636658789891e-21
1.523157437873655e-21
1.595956151951405e-21
1.641875720563478e-21
1.662759063250179e-21
1.660449099551858e-21
1.636788749008836e-21
1.593620931161432e-21
1.532788565549997e-21
1.456134571714851e-21
1.365501869196323e-21
1.262733377534740e-21
1.149672016270404e-21
1.028160704943700e-21
9.000423630949307e-22
7.671599102643881e-22
6.313562659925042e-22
4.944743498194742e-22
3.583570812857275e-22
2.248473799315247e-22
9.578816529726300e-23
-2.698148472050379e-23
-1.422271058212031e-22
-2.499723693950151e-22
-3.503979377906204e-22
-4.436844733566250e-22
-5.300126384417113e-22
-6.095630953945548e-22
-6.825165065637718e-22
-7.490535342980398e-22
-8.093548409460150e-22
-8.636010888563536e-22
-9.119729403777235e-22
-9.546510578587568e-22
-9.918161036481313e-22
-1.023648740094478e-21
-1.050329629546484e-21
-1.072039434352784e-21
-1.088958816862043e-21
-1.101268439422919e-21
-1.109148964384061e-21
-1.112781054094131e-21
-1.112345370901784e-21
-1.108022577155677e-21
-1.099993335204464e-21
-1.088438307396805e-21
-1.073538156081350e-21
-1.055473543606770e-21
-1.034425132321701e-21
-1.010573584574814e-21
-9.840995627147626e-22
-9.551837290901939e-22
-9.240067460497792e-22
-8.907492759421601e-22
-8.555919811160171e-22
-8.187155239199818e-22
-7.803005667027087e-22
-7.405277718128744e-22
-6.995778015991148e-22
-6.576313184101069e-22
-6.148689845945081e-22
-5.714714625009420e-22
-5.276194144780967e-22
-4.834935028746076e-22
-4.392743900391535e-22
-3.951427383203671e-22
-3.512792100669395e-22
-3.078644676274932e-22
-2.650791733506849e-22
-2.231039895851927e-22
-1.821195786796524e-22
-1.423066029827399e-22
-1.038457248431097e-22
-6.691760660939243e-23
-3.170291063027235e-23
1.617705511914465e-24
3.290770587164640e-23
6.218251843860091e-23
8.949026325248883e-23
1.148790603529946e-22
1.383970297798480e-22
1.600922915727348e-22
1.800129657713701e-22
1.982071724154484e-22
2.147230315446790e-22
2.296086631987661e-22
2.429121874174141e-22
2.546817242403299e-22
2.649653937072119e-22
2.738113158577674e-22
2.812676107317024e-22
2.873823983687161e-22
2.922037988085189e-22
2.957799320908108e-22
2.981589182552980e-22
2.993888773416837e-22
2.995179293896724e-22
2.985941944389689e-22
2.966657925292771e-22
2.937808437003006e-22
2.899874679917450e-22
2.853337854433140e-22
2.798679160947102e-22
2.736379799856409e-22
2.666920971558090e-22
2.590783876449184e-22
2.508449714926738e-22
2.420399687387770e-22
2.327114994229366e-22
2.229076835848521e-22
2.126766412642356e-22
2.020664925007809e-22
1.911253573342002e-22
1.799013558041948e-22
1.684426079504668e-22
1.567972338127253e-22
1.450133534306721e-22
1.331390868440117e-22
1.212225540924483e-22
1.093118752156825e-22
9.745517025342528e-23
8.570055924537479e-23
7.409616223124368e-23
6.269009925072503e-23
5.153049034353144e-23
4.066545554936454e-23
3.014311490792573e-23
2.001158845892487e-23
1.031899624206068e-23
1.113458297045192e-24
-7.563597621626203e-24
-1.570982436370100e-23
-2.333702027971274e-23
-3.045700323123854e-23
-3.708159107984811e-23
-4.322260168711658e-23
-4.889185291461723e-23
-5.410116262392335e-23
-5.886234867660938e-23
-6.318722893424617e-23
-6.708762125840922e-23
-7.057534351066903e-23
-7.366221355260165e-23
-7.636004924578007e-23
-7.868066845177622e-23
-8.063588903216458e-23
-8.223752884851741e-23
-8.349740576240830e-23
-8.442733763541132e-23
-8.503914232909895e-23
-8.534463770504477e-23
-8.535564162482194e-23
-8.508397195000384e-23
-8.454144654216375e-23
-8.373988326287496e-23
-8.269109997371045e-23
-8.140691453624407e-23
-7.989914481204843e-23
-7.817960866269755e-23
-7.626012394976441e-23
-7.415250853482229e-23
-7.186858027944443e-23
-6.942015704520358e-23
-6.681905669367411e-23
-6.407709708642879e-23
-6.120609608504017e-23
-5.821787155108380e-23
-5.512424134612980e-23
-5.193702333175393e-23
-4.866803536952769e-23
-4.532909532102615e-23
-4.193202104782181e-23
-3.848863041148782e-23
-3.501074127359747e-23
-3.151017149572337e-23
-2.799873893944028e-23
-2.448826146632085e-23
-2.099055693793729e-23
-1.751744321586573e-23
-1.408073816167580e-23
-1.069225963694332e-23
-7.363825503240076e-24
-4.107253622140920e-24
-9.343618552183034e-25
2.143773780418317e-24
5.123735784400755e-24
8.006624770311422e-24
1.079359974764728e-23
1.348581972590822e-23
1.608444371459404e-23
1.859063072320259e-23
2.100553976123372e-23
2.333032983818656e-23
2.556615996356030e-23
2.771418914685461e-23
2.977557639756757e-23
3.175148072519939e-23
3.364306113924777e-23
3.545147664921375e-23
3.717788626459513e-23
3.882344899489151e-23
4.038932384960246e-23
4.187666983822632e-23
4.328664597026269e-23
4.462041125521070e-23
4.587912470256952e-23
4.706394532183861e-23
4.817603212251653e-23
4.921654411410300e-23
5.018664030609665e-23
5.108747970799691e-23
5.192022132930295e-23
5.268602417951393e-23
5.338604726812917e-23
5.402144960464750e-23
5.459339019856838e-23
5.510302805939058e-23
5.555152219661363e-23
5.594003161973669e-23
5.626971533825871e-23
5.654173236167902e-23
5.675724169949663e-23
5.691740236121074e-23
5.702337335632065e-23
5.707631369432536e-23
5.707738238472411e-23
5.702773843701603e-23
5.692854086070030e-23
5.678094866527611e-23
5.658612086024257e-23
5.634521645509878e-23
5.605939445934404e-23
5.572981388247737e-23
5.535763373399808e-23
5.494401302340527e-23
5.449011076019810e-23
5.399708595387570e-23
5.346609761393714e-23
5.289830474988183e-23
5.229486637120878e-23
5.165694148741700e-23
5.098568910800617e-23
5.028226824247474e-23
4.954783790032239e-23
4.878355709104793e-23
4.799058482415091e-23
4.717008010913028e-23
4.632320195548521e-23
4.545110937271484e-23
4.455496137031816e-23
4.363591695779473e-23
4.269513514464353e-23
4.173377494036342e-23
4.075299535445433e-23
3.975395539641443e-23
3.873781407574363e-23
3.770573040194058e-23
3.665886338450495e-23
3.559837203293567e-23
3.452541535673157e-23
3.344115236539270e-23
3.234674206841707e-23
3.124334347530469e-23
3.013211559555447e-23
2.901421743866523e-23
2.789080801413670e-23
2.676304633146781e-23
2.563209140015769e-23
2.449910222970549e-23
2.336523782961014e-23
2.223165720937132e-23
2.109951937848762e-23
1.996998334645909e-23
1.884420812278373e-23
1.772335271696154e-23
1.660857613849142e-23
1.550103739687224e-23
1.440189550160372e-23
1.331230946218474e-23
1.223343828811447e-23
1.116644098889203e-23
1.011247657401638e-23
9.072704052987209e-24
8.048282435303045e-24
7.040370730463764e-24
6.050127947968088e-24
5.078713097315171e-24
4.127285188004315e-24
3.197003229534407e-24
2.289026231405011e-24
1.404513203114877e-24
5.446231541637977e-25
-2.894954062075493e-25
-1.097254523335113e-24
-1.878897354794539e-24
-2.634734314915345e-24
-3.365075818026273e-24
-4.070232278456466e-24
-4.750514110535567e-24
-5.406231728592178e-24
-6.037695546955751e-24
-6.645215979955091e-24
-7.229103441919628e-24
-7.789668347178052e-24
-8.327221110059916e-24
-8.842072144894328e-24
-9.334531866010151e-24
-9.804910687736756e-24
-1.025351902440303e-23
-1.068066729033821e-23
-1.108666589987143e-23
-1.147182526733181e-23
-1.183645580704855e-23
-1.218086793335061e-23
-1.250537206056718e-23
-1.281027860302748e-23
-1.309589797506041e-23
-1.336254059099537e-23
-1.361051686516127e-23
-1.384013721188737e-23
-1.405171204550267e-23
-1.424555178033636e-23
-1.442196683071756e-23
-1.458126761097539e-23
-1.472376453543899e-23
-1.484976801843745e-23
-1.495958847429990e-23
-1.505353631735550e-23
-1.513192196193329e-23
-1.519505582236249e-23
-1.524324831297217e-23
-1.527680984809146e-23
-1.529605084204948e-23
-1.530128170917535e-23
-1.529281286379821e-23
-1.527095472024717e-23
-1.523601769285135e-23
-1.518831219593989e-23
-1.512814864384190e-23
-1.505583745088649e-23
-1.497168903140281e-23
-1.487601379971997e-23
-1.476912217016710e-23
-1.465132455707331e-23
-1.452293137476770e-23
-1.438425303757946e-23
-1.423559995983762e-23
-1.407728255587145e-23
-1.390961124000989e-23
-1.373289642658220e-23
-1.354744852991745e-23
-1.335357796434472e-23
-1.315159514419324e-23
-1.294181048379206e-23
-1.272453439747034e-23
-1.250007729955716e-23
-1.226874960438161e-23
-1.203086172627292e-23
-1.178672407956011e-23
-1.153664707857239e-23
-1.128094113763886e-23
-1.101991667108862e-23
-1.075388409325081e-23
-1.048315381845447e-23
-1.020803626102886e-23
-9.928841835302972e-24
-9.645880955606128e-24
-9.359464036267256e-24
-9.069901491615463e-24
-8.777503735980028e-24
-8.482581183689920e-24
-8.185444249074409e-24
-7.886403346462540e-24
-7.585768890183371e-24
-7.283851294566168e-24
-6.980960973940060e-24
-6.677408342634019e-24
-6.373503814977169e-24
-6.069557805298769e-24
-5.765880727927865e-24
-5.462782997193549e-24
-5.160575027425031e-24
-4.859567232951313e-24
-4.560070028101702e-24
-4.262393827205184e-24
-3.966849044590845e-24
-3.673746094587942e-24
-3.383395391525476e-24
-3.096107349732822e-24
-2.812192383538692e-24
-2.531960907272494e-24
-2.255723335263281e-24
-1.983790081840078e-24
-1.716471561332199e-24
-1.454078188068590e-24
-1.196920376378536e-24
-9.453085405910630e-25
-6.995530950352594e-25
-4.599644540403492e-25
-2.268530319353343e-25
-5.292430495865034e-28
2.187620086455633e-25
4.310378606080136e-25
6.363809606533797e-25
8.348739565972733e-25
1.026599496255157e-24
1.211640227442689e-24
1.390078797975341e-24
1.561997855668720e-24
1.727480048338431e-24
1.886608023799954e-24
2.039464429868930e-24
2.186131914360845e-24
2.326693125091232e-24
2.461230709875828e-24
2.589827316530055e-24
2.712565592869541e-24
2.829528186709786e-24
2.940797745866412e-24
3.046456918154925e-24
3.146588351390916e-24
3.241274693389972e-24
3.330598591967607e-24
3.414642694939428e-24
3.493489650120957e-24
3.567222105327740e-24
3.635922708375432e-24
3.699674107079523e-24
3.758558949255606e-24
3.812659882719215e-24
3.862059555285927e-24
3.906840614771315e-24
3.947085708990922e-24
3.982877485760327e-24
4.014298592895078e-24
4.041431678210743e-24
4.064359389522892e-24
4.083164374647077e-24
4.097929281398863e-24
4.108736757593819e-24
4.115669451047504e-24
4.118810009575479e-24
4.118241080993308e-24
4.114045313116550e-24
4.106305353760773e-24
4.095103850741533e-24
4.080523451874400e-24
4.062646804974934e-24
4.041556557858691e-24
4.017335358341242e-24
3.990065854238156e-24
3.959830693364980e-24
3.926712523537271e-24
3.890793992570615e-24
3.852157748280563e-24
3.810886438482664e-24
3.767062710992505e-24
3.720769213625628e-24
3.672088594197612e-24
3.621103500524016e-24
3.567896580420383e-24
3.512550481702306e-24
3.455147852185317e-24
3.395771339685041e-24
3.334503592016945e-24
3.271427256996659e-24
3.206624982439728e-24
3.140179416161693e-24
3.072173205978156e-24
3.002688999704644e-24
2.931809445156750e-24
2.859617190150024e-24
2.786194882500011e-24
2.711625170022303e-24
2.635990700532433e-24
2.559374121846038e-24
2.481858081778562e-24
2.403525228145648e-24
2.324458208762838e-24
2.244739671445676e-24
2.164452264009761e-24
2.083678634270617e-24
2.002501430043851e-24
1.921003299144998e-24
1.839266889389606e-24
1.757374848593274e-24
1.675409824571525e-24
1.593454465139967e-24
1.511591418114177e-24
1.429903331309615e-24
1.348472852541929e-24
1.267382629626645e-24
1.186715310379335e-24
1.106553542615606e-24
1.026979974150945e-24
9.480772528009503e-25
8.699280263812233e-25
7.926149427072487e-25
7.162206495946317e-25
6.408277948589688e-25
5.665190263157779e-25
4.933769917805984e-25
4.214843390690270e-25
3.509237159966501e-25
2.817777703789743e-25
2.141291500315899e-25
1.480605027700896e-25
8.365447640997607e-26
2.099371876684595e-26
-3.984382871811562e-26
-9.883838270914752e-26
-1.560093853694764e-25
-2.113770136307430e-25
-2.649614444245652e-25
-3.167828546827212e-25
-3.668614213368272e-25
-4.152173213185539e-25
-4.618707315595491e-25
-5.068418289915302e-25
-5.501507905461443e-25
-5.918177931550416e-25
-6.318630137499346e-25
-6.703066292624727e-25
-7.071688166243087e-25
-7.424697527671504e-25
-7.762296146226328e-25
-8.084685791224608e-25
-8.392068231982725e-25
-8.684645237817699e-25
-8.962618578046075e-25
-9.226190021984435e-25
-9.475561338949751e-25
-9.710934298258590e-25
-9.932510669227665e-25
-1.014049222117358e-24
-1.033508072341325e-24
-1.051647794526328e-24
-1.068488565604029e-24
-1.084050562506109e-24
-1.098353962164245e-24
-1.111418941510092e-24
-1.123265677475337e-24
-1.133914346991641e-24
-1.143385126990676e-24
-1.151698194404109e-24
-1.158873726163619e-24
-1.164931899200872e-24
-1.169892890447536e-24
-1.173776876835288e-24
-1.176604035295795e-24
-1.178394542760728e-24
-1.179168576161759e-24
-1.178946312430558e-24
-1.177747928498795e-24
-1.175593601298143e-24
-1.172503507760269e-24
-1.168497824816847e-24
-1.163596729399548e-24
-1.157820398440039e-24
-1.151189008869993e-24
-1.143722737621080e-24
-1.135441761624977e-24
-1.126366257813348e-24
-1.116516403117862e-24
-1.105912374470197e-24
-1.094574348802015e-24
-1.082522503044991e-24
-1.069777014130796e-24
-1.056358058991107e-24
-1.042285814557582e-24
-1.027580457761898e-24
-1.012262165535734e-24
-9.963511148107442e-25
-9.798674825186079e-25
-9.628314455910046e-25
-9.452631809595962e-25
-9.271828655560457e-25
-9.086106763120313e-25
-8.895667901592327e-25
-8.700713840293027e-25
-8.501446348539212e-25
-8.298067195647697e-25
-8.090778150934984e-25
-7.879780983717870e-25
-7.665277463313071e-25
-7.447469359037413e-25
-7.226558440207368e-25
-7.002746476139880e-25
-6.776235236151534e-25
-6.547226489558938e-25
-6.315922005678893e-25
-6.082523553828123e-25
-5.847232903323439e-25
-5.610251823481328e-25
-5.371782083618595e-25
-5.132025453052084e-25
-4.891183701098265e-25
-4.649458597073948e-25
-4.407051910295984e-25
-4.164165410080815e-25
-3.921000865745411e-25
-3.677760046606229e-25
-3.434644721980214e-25
-3.191856661183830e-25
-2.949597633533919e-25
-2.708069408347296e-25
-2.467473754940428e-25
-2.228012442630155e-25
-1.989887240733176e-25
-1.753299918566314e-25
-1.518452245446036e-25
-1.285545990689184e-25
-1.054782923612693e-25
-8.263648135327887e-26
-6.004934297664331e-26
-3.773705416304324e-26
-1.571979184412663e-26
5.982365920242213e-27
2.735699081942175e-26
4.840462139865264e-26
6.912705224149256e-26
8.952607793146742e-26
1.096034930521038e-25
1.293610921869585e-25
1.488006699195578e-25
1.679240208334289e-25
1.867329395121180e-25
2.052292205391710e-25
2.234146584981151e-25
2.412910479724777e-25
2.588601835458134e-25
2.761238598016497e-25
2.930838713235148e-25
3.097420126949623e-25
3.261000784995202e-25
3.421598633207249e-25
3.579231617421054e-25
3.733917683472061e-25
3.885674777195713e-25
4.034520844427223e-25
4.180473831002105e-25
4.323551682755652e-25
4.463772345523227e-25
4.601153765140129e-25
4.735713887441860e-25
4.867470658263719e-25
4.996442023441003e-25
5.122645928809212e-25
5.246100320203643e-25
5.366823143459603e-25
5.484832344412520e-25
5.600145868897817e-25
5.712781662750800e-25
5.822757671806779e-25
5.930091841901232e-25
6.034802118869467e-25
6.136906448546801e-25
6.236422776768701e-25
6.333369049370479e-25
6.427763212187504e-25
6.519623211055096e-25
6.608966991808709e-25
6.695812500283625e-25
6.780177682315249e-25
6.862080483738992e-25
6.941538850390173e-25
7.018570728104159e-25
7.093194062716280e-25
7.165426800061977e-25
7.235286885976575e-25
7.302792266295408e-25
7.367960886853909e-25
7.430810693487411e-25
7.491359632031246e-25
7.549625648320842e-25
7.605626688191511e-25
7.659380697478667e-25
7.710905622017629e-25
7.760219407643808e-25
7.807340000192547e-25
7.852285345499190e-25
7.895073389399146e-25
7.935722077727759e-25
7.974249356320392e-25
8.010673171012396e-25
8.045011467639173e-25
8.077282192036067e-25
8.107503290038419e-25
8.135692707481651e-25
8.161868390201100e-25
8.186048284032131e-25
8.208250334810098e-25
8.228492488370389e-25
8.246792690548359e-25
8.263168887179366e-25
8.277639024098793e-25
8.290221047141994e-25
8.300932902144334e-25
8.309792534941186e-25
8.316817891367911e-25
8.322026917259872e-25
8.325437558452439e-25
8.327067760780977e-25
8.326935470080853e-25
8.325058632187433e-25
8.321455192936076e-25
8.316143098162153e-25
8.309140293701031e-25
8.300464725388072e-25
8.290134339058642e-25
8.278167080548107e-25
8.264580895691842e-25
8.249393730325202e-25
8.232623530283550e-25
8.214288241402263e-25
8.194405809516696e-25
8.172994180462215e-25
8.150071300074188e-25
8.125655114187998e-25
8.099763568638981e-25
8.072414609262517e-25
8.043626181893983e-25
8.013416232368723e-25
7.981802706522109e-25
7.948803550189528e-25
7.914436709206327e-25
7.878720129407859e-25
7.841671756629502e-25
7.803309536706639e-25
7.763651415474607e-25
7.722715338768776e-25
7.680519252424547e-25
7.637081102277238e-25
7.592418834162231e-25
7.546550393914899e-25
7.499493727370628e-25
7.451266780364737e-25
7.401887498732640e-25
7.351373828309678e-25
7.299743714931187e-25
7.247015104432569e-25
7.193205942649181e-25
7.138334175416414e-25
7.082417748569586e-25
7.025474607944086e-25
6.967522699375311e-25
6.908579968698569e-25
6.848664361749245e-25
6.787793824362751e-25
6.725986302374379e-25
6.663259741619564e-25
6.599632087933610e-25
6.535121287151934e-25
6.469745285109850e-25
6.403522027642751e-25
6.336469460586041e-25
6.268605529775009e-25
6.199948181045060e-25
6.130515360231558e-25
6.060325013169911e-25
5.989395085695406e-25
5.917743523643449e-25
5.845388272849468e-25
5.772347279148695e-25
5.698638488376568e-25
5.624279846368449e-25
5.549289298959738e-25
5.473684791985727e-25
5.397484271281824e-25
5.320705682683434e-25
5.243366972025842e-25
5.165486085144442e-25
5.087080967874655e-25
5.008169566051766e-25
4.928769825511174e-25
4.848899692088288e-25
4.768577111618431e-25
4.687820029936926e-25
4.606646392879191e-25
4.525074146280624e-25
4.443121235976504e-25
4.360805607802239e-25
4.278145207593210e-25
4.195157981184810e-25
4.111861874412324e-25
4.028274833111158e-25
3.944414803116715e-25
3.860299730264339e-25
3.775947560389331e-25
3.691376239327149e-25
3.606603712913079e-25
3.521647926982519e-25
3.436526827370850e-25
3.351258359913468e-25
3.265860470445652e-25
3.180351104802815e-25
3.094748208820363e-25
3.009069728333584e-25
2.923333609177883e-25
2.837557797188659e-25
2.751760238201241e-25
2.665958878050956e-25
2.580171662573213e-25
2.494416537603410e-25
2.408711448976839e-25
2.323074342528899e-25
2.237523164095006e-25
2.152075859510437e-25
2.066750374610594e-25
1.981564655230859e-25
1.896536647206621e-25
1.811684296373178e-25
1.727025548565975e-25
1.642578349620323e-25
1.558360645371556e-25
1.474390381655085e-25
1.390685504306271e-25
1.307263959160528e-25
1.224143692053120e-25
1.141342648819472e-25
1.058878775294988e-25
9.767700173149556e-26
8.950343207147636e-26
8.136896313298294e-26
7.327538949954424e-26
6.522450575470507e-26
5.721810648199315e-26
4.925798626495234e-26
4.134593968711238e-26
3.348376133201405e-26
2.567324578319720e-26
1.791618762419133e-26
1.021438143853514e-26
2.569621809766295e-27
-5.016367394853692e-27
-1.254292043314932e-26
-2.001018610970952e-26
-2.741833418209143e-26
-3.476753440787440e-26
-4.205795654461549e-26
-4.928977034987923e-26
-5.646314558122656e-26
-6.357825199622916e-26
-7.063525935244795e-26
-7.763433740744396e-26
-8.457565591878872e-26
-9.145938464404322e-26
-9.828569334076856e-26
-1.050547517665361e-25
-1.117667296789069e-25
-1.184217968354422e-25
-1.250201229937100e-25
-1.315618779112778e-25
-1.380472313457070e-25
-1.444763530545589e-25
-1.508494127954044e-25
-1.571665803258048e-25
-1.634280254033245e-25
-1.696339177855252e-25
-1.757844272299774e-25
-1.818797234942426e-25
-1.879199763358822e-25
-1.939053555124639e-25
-1.998360307815551e-25
-2.057121719007144e-25
-2.115339486275122e-25
-2.173015307195100e-25
-2.230150879342725e-25
-2.286747900293612e-25
-2.342808067623464e-25
-2.398333078907897e-25
-2.453324631722529e-25
-2.507784423643060e-25
-2.561714152245107e-25
-2.615115515104317e-25
-2.667990209796281e-25
-2.720339933896750e-25
-2.772166384981317e-25
-2.823471260625601e-25
-2.874256258405298e-25
-2.924523075896028e-25
-2.974273410673411e-25
-3.023508960313143e-25
-3.072231422390843e-25
-3.120442494482156e-25
-3.168143874162704e-25
-3.215337259008180e-25
-3.262024346594181e-25
-3.308206834496377e-25
-3.353886420290436e-25
-3.399064801551980e-25
-3.443743675856652e-25
-3.487924740780078e-25
-3.531609693897946e-25
-3.574800232785878e-25
-3.617498055019500e-25
-3.659704858174499e-25
-3.701422339826498e-25
-3.742652197551122e-25
-3.783396128924058e-25
-3.823655831520910e-25
-3.863433002917363e-25
-3.902729340689023e-25
-3.941546542411575e-25
-3.979886305660644e-25
-4.017750328011854e-25
-4.055140307040892e-25
-4.092057940323382e-25
-4.128504925434968e-25
-4.164482959951280e-25
-4.199993741447996e-25
-4.235038967500746e-25
-4.269620335685139e-25
-4.303739543576891e-25
-4.337398288751611e-25
-4.370598268784943e-25
-4.403341181252519e-25
-4.435628723730015e-25
-4.467462593793059e-25
-4.498844489017282e-25
-4.529776106978360e-25
-4.560259145251923e-25
-4.590295301413600e-25
-4.619886273039067e-25
-4.649033757703954e-25
-4.677739452983891e-25
-4.706005056454539e-25
-4.733832265691557e-25
-4.761222778270576e-25
-4.788178291767226e-25
-4.814700503757180e-25
-4.840791111816072e-25
-4.866451813519545e-25
-4.891684306443230e-25
-4.916490288162800e-25
-4.940871456253887e-25
-4.964829508292123e-25
-4.988366141853167e-25
-5.011483054512676e-25
-5.034181943846270e-25
-5.056464507429618e-25
-5.078332442838352e-25
-5.099787447648121e-25
-5.120831219434557e-25
-5.141465455773326e-25
-5.161691854240064e-25
-5.181512112410404e-25
-5.200927927860015e-25
-5.219940998164528e-25
-5.238553020899590e-25
-5.256765693640829e-25
-5.274580713963925e-25
-5.291999779444505e-25
-5.309024587658206e-25
-5.325656836180691e-25
-5.341898222587596e-25
-5.357750444454557e-25
-5.373215199357237e-25
-5.388294184871271e-25
-5.402989098572308e-25
-5.417301638035982e-25
-5.431233500837954e-25
-5.444786384553855e-25
-5.457961986759337e-25
-5.470762005030054e-25
-5.483188136941641e-25
-5.495242080069745e-25
-5.506925531990005e-25
-5.518240190278078e-25
-5.529187752509602e-25
-5.539769916260219e-25
-5.549988379105583e-25
-5.559844838621336e-25
-5.569340992383116e-25
-5.578478537966579e-25
-5.587259172947359e-25
-5.595684594901114e-25
-5.603756501403478e-25
-5.611476590030105e-25
-5.618846558356634e-25
-5.625868103958709e-25
-5.632542924411983e-25
-5.638872717292095e-25
-5.644859180174690e-25
-5.650504010635414e-25
-5.655808906249914e-25
-5.660775564593834e-25
-5.665405683242815e-25
-5.669700959772511e-25
-5.673663091758562e-25
-5.677293776776613e-25
-5.680594712402309e-25
-5.683567596211296e-25
-5.686214125779221e-25
-5.688535998681725e-25
-5.690534912494455e-25
-5.692212564793059e-25
-5.693570653153176e-25
-5.694610875150457e-25
-5.695334928360546e-25
-5.695744510359085e-25
-5.695841318721723e-25
-5.695627051024102e-25
-5.695103404841869e-25
-5.694272077750669e-25
-5.693134767326148e-25
-5.691693171143949e-25
-5.689948986779717e-25
-5.687903911809102e-25
-5.685559643807741e-25
-5.682917880351287e-25
-5.679980319015382e-25
-5.676748657375670e-25
-5.673224593007798e-25
-5.669409823487409e-25
-5.665306046390150e-25
-5.660914959291665e-25
-5.656238259767600e-25
-5.651277645393602e-25
-5.646034813745312e-25
-5.640511462398377e-25
-5.634709288928446e-25
-5.628629990911157e-25
-5.622275265922158e-25
-5.615646811537095e-25
-5.608746325331622e-25
-5.601575504881366e-25
-5.594136047761983e-25
-5.586429651549118e-25
-5.578458013818415e-25
-5.570222832145517e-25
-5.561725804106074e-25
-5.552968627275727e-25
-5.543952999230118e-25
-5.534680617544899e-25
-5.525153179795718e-25
-5.515372383558208e-25
-5.505339926408028e-25
-5.495057505920814e-25
-5.484526819672211e-25
-5.473749565237865e-25
-5.462727440193422e-25
-5.451462142114535e-25
-5.439955368576834e-25
-5.428208817155974e-25
-5.416224185427603e-25
-5.404003170967356e-25
-5.391547471350886e-25
-5.378858784153837e-25
-5.365938806951857e-25
-5.352789237320580e-25
-5.339411772835657e-25
-5.325808111072743e-25
-5.311979949607465e-25
-5.297928986015480e-25
-5.283656917872437e-25
-5.269165442753968e-25
-5.254456258235726e-25
-5.239531061893354e-25
-5.224391551302508e-25
-5.209039424038812e-25
-5.193476377677926e-25
-5.177704109795509e-25
-5.161724317967172e-25
-5.145538699768577e-25
-5.129148952775368e-25
-5.112556774563203e-25
-5.095763862707707e-25
-5.078771914784531e-25
-5.061582628369334e-25
-5.044197701037740e-25
-5.026618830365406e-25
-5.008847713927982e-25
-4.990886049301102e-25
-4.972735534060421e-25
-4.954397865781572e-25
-4.935874742040218e-25
-4.917167860411981e-25
-4.898278918472521e-25
-4.879209613797490e-25
-4.859961643962512e-25
-4.840536706543246e-25
-4.820936499115333e-25
-4.801162719254433e-25
-4.781217064536168e-25
-4.761101232536192e-25
-4.740816920830165e-25
-4.720365826993715e-25
-4.699749648602484e-25
-4.678970083232131e-25
-4.658028828458288e-25
-4.636927581856603e-25
-4.615668041002728e-25
-4.594251903472317e-25
-4.572680866840988e-25
-4.550956628684405e-25
-4.529080886578218e-25
-4.507055338098051e-25
-4.484881680819567e-25
-4.462561612318411e-25
-4.440096830170228e-25
-4.417489031950644e-25
-4.394739915235319e-25
-4.371851177599908e-25
-4.348824516620039e-25
-4.325661629871358e-25
-4.302364214929529e-25
-4.278933969370177e-25
-4.255372590768949e-25
-4.231681776701498e-25
-4.207863224743479e-25
-4.183918632470510e-25
-4.159849697458268e-25
-4.135658117282375e-25
-4.111345589518471e-25
-4.086913811742219e-25
-4.062364481529248e-25
-4.037699296455235e-25
-4.012919954095782e-25
-3.988028152026561e-25
-3.963025587823219e-25
-3.937913959061383e-25
-3.912694963316712e-25
-3.887370298164854e-25
-3.861941661181454e-25
-3.836410749942138e-25
-3.810779262022560e-25
-3.785048894998387e-25
-3.759221346445225e-25
-3.733298313938747e-25
-3.707281495054604e-25
-3.681172587368419e-25
-3.654973288455845e-25
-3.628685295892527e-25
-3.602310307254126e-25
-3.575850020116262e-25
-3.549306132054591e-25
-3.522680340644789e-25
-3.495974343462438e-25
-3.469189838083223e-25
-3.442328522082781e-25
-3.415392093036767e-25
-3.388382248520811e-25
-3.361300686110559e-25
-3.334149103381679e-25
-3.306929197909779e-25
-3.279642667270532e-25
-3.252291209039584e-25
-3.224876520792565e-25
-3.197400300105135e-25
-3.169864244552920e-25
-3.142270051711593e-25
-3.114619419156762e-25
-3.086914044464095e-25
-3.059155625209249e-25
-3.031345858967841e-25
-3.003486443315529e-25
-2.975579075827962e-25
-2.947625454080794e-25
-2.919627275649643e-25
-2.891586238110169e-25
-2.863504039038038e-25
-2.835382376008868e-25
-2.807222946598302e-25
-2.779027448381993e-25
-2.750797578935598e-25
-2.722535035834742e-25
-2.694241516655074e-25
-2.665918718972266e-25
-2.637568340361926e-25
-2.609192078399714e-25
-2.580791630661289e-25
-2.552368694722268e-25
-2.523924968158319e-25
-2.495462148545088e-25
-2.466981933458215e-25
-2.438486020473326e-25
-2.409976107166081e-25
-2.381453891112144e-25
-2.352921069887127e-25
-2.324379341066693e-25
-2.295830402226494e-25
-2.267275950942155e-25
-2.238717684789334e-25
-2.210157301343669e-25
-2.181596498180833e-25
-2.153036972876428e-25
-2.124480423006138e-25
-2.095928546145589e-25
-2.067383039870409e-25
-2.038845601756266e-25
-2.010317929378798e-25
-1.981801720313671e-25
-1.953298672136496e-25
-1.924810482422931e-25
-1.896338848748644e-25
-1.867885468689238e-25
-1.839452039820388e-25
-1.811040259717742e-25
-1.782651825956933e-25
-1.754288436113595e-25
-1.725951787763389e-25
-1.697643578481968e-25
-1.669365505844957e-25
-1.641119267428009e-25
-1.612906560806782e-25
-1.584729083556900e-25
-1.556588533254012e-25
-1.528486607473778e-25
-1.500425003791845e-25
-1.472405419783828e-25
-1.444429553025395e-25
-1.416499101092217e-25
-1.388615761559882e-25
-1.360781232004067e-25
-1.332997210000407e-25
-1.305265393124570e-25
-1.277587478952169e-25
-1.249965165058869e-25
-1.222400149020322e-25
-1.194894128412148e-25
-1.167448800810009e-25
-1.140065863789559e-25
-1.112747014926417e-25
-1.085493951796260e-25
-1.058308371974700e-25
-1.031191973037410e-25
-1.004146452560013e-25
-9.771735081181633e-26
-9.502748372875191e-26
-9.234521376437029e-26
-8.967071067623689e-26
-8.700414422191673e-26
-8.434568415897475e-26
-8.169550024497359e-26
-7.905376223747925e-26
-7.642063989405716e-26
-7.379630297227039e-26
-7.118092122968197e-26
-6.857466442385841e-26
-6.597770231236469e-26
-6.339020465276388e-26
-6.081234120262096e-26
-5.824428171950197e-26
-5.568619596096891e-26
-5.313825368458675e-26
-5.060062464792260e-26
-4.807347860853791e-26
-4.555698532399821e-26
-4.305131455186956e-26
-4.055663604971494e-26
-3.807311957509781e-26
-3.560093488558372e-26
-3.314025173873878e-26
-3.069123989212541e-26
-2.825406910330807e-26
-2.582890912985239e-26
-2.341592972932340e-26
-2.101530065928347e-26
-1.862719167729930e-26
-1.625177254093482e-26
-1.388921300775294e-26
-1.153968283532091e-26
-9.203351781201601e-27
-6.880389602958974e-27
-4.570966058158089e-27
-2.275250904363459e-27
6.586359536741662e-30
2.274431074447069e-27
4.528290936076275e-27
6.768190195541129e-27
8.994153103961760e-27
1.120620391245493e-26
1.340436687213742e-26
1.558866623412824e-26
1.775912624954635e-26
1.991577116950855e-26
2.205862524513165e-26
2.418771272753568e-26
2.630305786783744e-26
2.840468491715378e-26
3.049261812660470e-26
3.256688174730702e-26
3.462750003037862e-26
3.667449722693637e-26
3.870789758810022e-26
4.072772536498701e-26
4.273400480871261e-26
4.472676017039896e-26
4.670601570116191e-26
4.867179565211935e-26
5.062412427438819e-26
5.256302581908828e-26
5.448852453733652e-26
5.640064468024983e-26
5.829941049894803e-26
6.018484624454803e-26
6.205697616816679e-26
6.391582452092408e-26
6.576141555393590e-26
6.759377351832201e-26
6.941292266519845e-26
7.121888724568492e-26
7.301169151089841e-26
7.479135971195591e-26
7.655791609997708e-26
7.831138492607892e-26
8.005179044137932e-26
8.177915689699529e-26
8.349350854404647e-26
8.519486963364985e-26
8.688326441692249e-26
8.855871714498314e-26
9.022125206895049e-26
9.187089343994162e-26
9.350766550907355e-26
9.513159252746585e-26
9.674269874623558e-26
9.834100841649979e-26
9.992654578937802e-26
1.014993351159873e-25
1.030594006474448e-25
1.046067666348699e-25
1.061414573293797e-25
1.076634969820915e-25
1.091729098441237e-25
1.106697201665951e-25
1.121539522006227e-25
1.136256301973238e-25
1.150847784078177e-25
1.165314210832215e-25
1.179655824746532e-25
1.193872868332298e-25
1.207965584100708e-25
1.221934214562932e-25
1.235779002230143e-25
1.249500189613534e-25
1.263098019224270e-25
1.276572733573536e-25
1.289924575172517e-25
1.303153786532387e-25
1.316260610164324e-25
1.329245288579499e-25
1.342108064289106e-25
1.354849179804317e-25
1.367468877636303e-25
1.379967400296257e-25
1.392344990295351e-25
1.404601890144764e-25
1.416738342355663e-25
1.428754589439250e-25
1.440650873906693e-25
1.452427438269164e-25
1.464084525037855e-25
1.475622376723938e-25
1.487041235838586e-25
1.498341344892989e-25
1.509522946398321e-25
1.520586282865760e-25
1.531531596806481e-25
1.542359130731672e-25
1.553069127152508e-25
1.563661828580155e-25
1.574137477525816e-25
1.584496316500657e-25
1.594738588015857e-25
1.604864534582591e-25
1.614874398712048e-25
1.624768422915400e-25
1.634546849703823e-25
1.644209921588504e-25
1.653757881080618e-25
1.663190970691339e-25
1.672509432931855e-25
1.681713510313336e-25
1.690803445346970e-25
1.699779480543927e-25
1.708641858415394e-25
1.717390821472545e-25
1.726026612226556e-25
1.734549473188614e-25
1.742959646869893e-25
1.751257375781572e-25
1.759442902434827e-25
1.767516469340843e-25
1.775478319010796e-25
1.783328693955860e-25
1.791067836687220e-25
1.798695989716057e-25
1.806213395553547e-25
1.813620296710863e-25
1.820916935699193e-25
1.828103555029712e-25
1.835180397213595e-25
1.842147704762029e-25
1.849005720186188e-25
1.855754685997248e-25
1.862394844706394e-25
1.868926438824802e-25
1.875349710863648e-25
1.881664903334114e-25
1.887872258747382e-25
1.893972019614627e-25
1.899964428447025e-25
1.905849727755762e-25
1.911628160052012e-25
1.917299967846956e-25
1.922865393651768e-25
1.928324679977634e-25
1.933678069335730e-25
1.938925804237231e-25
1.944068127193323e-25
1.949105280715177e-25
1.954037507313977e-25
1.958865049500903e-25
1.963588149787132e-25
1.968207050683842e-25
1.972721994702210e-25
1.977133224353420e-25
1.981440982148649e-25
1.985645510599071e-25
1.989747052215872e-25
1.993745849510228e-25
1.997642144993317e-25
2.001436181176315e-25
2.005128200570408e-25
2.008718445686771e-25
2.012207159036582e-25
2.015594583131022e-25
2.018880960481268e-25
2.022066533598499e-25
2.025151544993897e-25
2.028136237178637e-25
2.031020852663899e-25
2.033805633960861e-25
2.036490823580705e-25
2.039076664034607e-25
2.041563397833744e-25
2.043951267489300e-25
2.046240515512453e-25
2.048431384414378e-25
2.050524116706256e-25
2.052518954899267e-25
2.054416141504589e-25
2.056215919033400e-25
2.057918529996880e-25
2.059524216906208e-25
2.061033222272561e-25
2.062445788607119e-25
2.063762158421062e-25
2.064982574225568e-25
2.066107278531815e-25
2.067136513850983e-25
2.068070522694250e-25
2.068909547572796e-25
2.069653830997799e-25
2.070303615480438e-25
2.070859143531892e-25
2.071320657663339e-25
2.071688400385959e-25
2.071962614210931e-25
2.072143541649434e-25
2.072231425212644e-25
2.072226507411744e-25
2.072129030757910e-25
2.071939237762322e-25
2.071657370936159e-25
2.071283672790600e-25
2.070818385836822e-25
2.070261752586006e-25
2.069614015549330e-25
2.068875417237973e-25
2.068046200163114e-25
2.067126606835932e-25
2.066116879767605e-25
2.065017261469313e-25
2.063827994452234e-25
2.062549321227547e-25
2.061181484306432e-25
2.059724726200065e-25
2.058179289419628e-25
2.056545416476298e-25
2.054823349881255e-25
2.053013332145676e-25
2.051115605780743e-25
2.049130413297632e-25
2.047057997207523e-25
2.044898600021596e-25
2.042652464251028e-25
2.040319832406998e-25
2.037900947000685e-25
2.035396050543268e-25
2.032805385545928e-25
2.030129194519840e-25
2.027367719976185e-25
2.024521204426143e-25
2.021589890380890e-25
2.018574020351607e-25
2.015473836849471e-25
2.012289582385667e-25
2.009021499471364e-25
2.005669830617747e-25
2.002234818335996e-25
1.998716705137284e-25
1.995115733532794e-25
1.991432146033707e-25
1.987666185151197e-25
1.983818093396445e-25
1.979888113280629e-25
1.975876487314931e-25
1.971783458010527e-25
1.967609267878594e-25
1.963354159430319e-25
1.959018375176871e-25
1.954602157629433e-25
1.950105749299184e-25
1.945529392697305e-25
1.940873330334970e-25
1.936137804723360e-25
1.931323058373658e-25
1.926429333797036e-25
1.921456873504677e-25
1.916405920007760e-25
1.911276715817461e-25
1.906069503444963e-25
1.900784525401440e-25
1.895422024198076e-25
1.889982242346045e-25
1.884465422356527e-25
1.878871806740706e-25
1.873201638009754e-25
1.867455158674852e-25
1.861632611247180e-25
1.855734238237919e-25
1.849760282158243e-25
1.843710985519332e-25
1.837586590832370e-25
1.831387340608532e-25
1.825113477358994e-25
1.818765243594936e-25
1.812342881827542e-25
1.805846634567985e-25
1.799276744327446e-25
1.792633453617106e-25
1.785917004948140e-25
1.779127640831728e-25
1.772265603779054e-25
1.765331136301290e-25
1.758324480909615e-25
1.751245880115214e-25
1.744095576429262e-25
1.736873812362936e-25
1.729580830427416e-25
1.722216873133886e-25
1.714782182993515e-25
1.707277002517489e-25
1.699701574216984e-25
1.692056140603186e-25
1.684340944187261e-25
1.676556227480397e-25
1.668702232993774e-25
1.660779203238564e-25
1.652787380725954e-25
1.644727007967117e-25
1.636598327473230e-25
1.628401581755474e-25
1.620137013325030e-25
1.611804864693078e-25
1.603405378370793e-25
1.594938796869354e-25
1.586405362699945e-25
1.577805318373738e-25
1.569138906401915e-25
1.560406369295654e-25
1.551607949566145e-25
1.542743889724546e-25
1.533814432282048e-25
1.524819819749833e-25
1.515760294639070e-25
1.506636099460942e-25
1.497447476726635e-25
1.488194668947318e-25
1.478877918634172e-25
1.469497468298379e-25
1.460053560451119e-25
1.450546437603565e-25
1.440976342266902e-25
1.431343516952308e-25
1.421648204170956e-25
1.411890646434027e-25
1.402071086252700e-25
1.392189766138164e-25
1.382246928601582e-25
1.372242816154140e-25
1.362177671307023e-25
1.352051736571398e-25
1.341865254458451e-25
1.331618467479363e-25
1.321311618145306e-25
1.310944948967467e-25
1.300518702457014e-25
1.290033121125137e-25
1.279488447483006e-25
1.268884924041805e-25
1.258222793312714e-25
1.247502297806906e-25
1.236723680035563e-25
1.225887182509864e-25
1.214993047740993e-25
1.204041518240118e-25
1.193032836518426e-25
1.181967245087103e-25
1.170844986457308e-25
1.159666303140231e-25
1.148431437647049e-25
1.137140632488949e-25
1.125794130177097e-25
1.114392173222677e-25
1.102935004136876e-25
1.091422865430858e-25
1.079855999615809e-25
1.068234649202917e-25
1.056559056703345e-25
1.044829464628277e-25
1.033046115488903e-25
1.021209251796389e-25
1.009319116061914e-25
9.973759507966601e-26
9.853799985118131e-26
9.733315017185385e-26
9.612307029280234e-26
9.490778446514429e-26
9.368731693999855e-26
9.246169196848183e-26
9.123093380171211e-26
8.999506669080835e-26
8.875411488688786e-26
8.750810264106768e-26
8.625705420446641e-26
8.500099382820256e-26
8.373994576339264e-26
8.247393426115542e-26
8.120298357260904e-26
7.992711794887063e-26
7.864636164105820e-26
7.736073890029064e-26
7.607027397768433e-26
7.477499112435803e-26
7.347491459142938e-26
7.217006863001768e-26
7.086047749123837e-26
6.954616542621024e-26
6.822715668605221e-26
6.690347552188061e-26
6.557514618481422e-26
6.424219292597055e-26
6.290463999646869e-26
6.156251164742463e-26
6.021583212995735e-26
5.886462569518514e-26
5.750891659422479e-26
5.614872907819517e-26
5.478408739821387e-26
5.341501580539808e-26
5.204153855086597e-26
5.066367988573570e-26
4.928146406112588e-26
4.789491532815308e-26
4.650405793793565e-26
4.510891614159234e-26
4.370951419023945e-26
4.230587633499597e-26
4.089802682697988e-26
3.948598991730825e-26
3.806978985710004e-26
3.664945089747180e-26
3.522499728954264e-26
3.379645328442959e-26
3.236384313325078e-26
3.092719108712471e-26
2.948652139716828e-26
2.804185831449960e-26
2.659322609023710e-26
2.514064897549877e-26
2.368415122140175e-26
2.222375707906401e-26
2.075949079960518e-26
1.929137663414024e-26
1.781943883378853e-26
1.634370164966792e-26
1.486418933289698e-26
1.338092613459212e-26
1.189393630587217e-26
1.040324409785555e-26
8.908873761658661e-27
7.410849548400058e-27
5.909195709198599e-27
4.403936495170792e-27
2.895096157434793e-27
1.382698947109606e-27
-1.332308846877132e-28
-1.652669086840309e-27
-3.175591408229128e-27
-4.701973597735685e-27
-6.231791404243624e-27
-7.765020576634293e-27
-9.301636863789809e-27
-1.084161601459151e-26
-1.238493377792306e-26
-1.393156590266579e-26
-1.548148813770104e-26
-1.703467623191171e-26
-1.859110593418068e-26
-2.015075299338929e-26
-2.171359315841887e-26
-2.327960217815311e-26
-2.484875580147333e-26
-2.642102977726086e-26
-2.799639985439938e-26
-2.957484178177023e-26
-3.115633130825473e-26
-3.274084418273657e-26
-3.432835615409707e-26
-3.591884297121835e-26
-3.751228038298094e-26
-3.910864413827011e-26
-4.070790998596641e-26
-4.231005367495115e-26
-4.391505095410803e-26
-4.552287757231838e-26
-4.713350927846430e-26
-4.874692182142711e-26
-5.036309095009052e-26
-5.198199241333584e-26
-5.360360196004440e-26
-5.522789533909991e-26
-5.685484829938284e-26
-5.848443658977617e-26
-6.011663595916280e-26
-6.175142215642402e-26
-6.338877093044196e-26
-6.502865803009790e-26
-6.667105920427559e-26
-6.831595020185636e-26
-6.996330677172146e-26
-7.161310466275467e-26
-7.326531962383728e-26
-7.491992740385140e-26
-7.657690375167830e-26
-7.823622441620096e-26
-7.989786514630227e-26
-8.156180169086274e-26
-8.322800979876611e-26
-8.489646521889367e-26
-8.656714370012671e-26
-8.824002099134901e-26
-8.991507284144184e-26
-9.159227499928731e-26
-9.327160321376669e-26
-9.495303323376382e-26
-9.663654080815992e-26
-9.832210168583543e-26
-1.000096916156758e-25
-1.016992863465616e-25
-1.033908616273748e-25
-1.050843932069967e-25
-1.067798568343111e-25
-1.084772282581993e-25
-1.101764832275426e-25
-1.118775974912247e-25
-1.135805467981270e-25
-1.152853068971306e-25
-1.169918535371195e-25
-1.187001624669748e-25
-1.204102094355778e-25
-1.221219701918116e-25
-1.238354204845590e-25
-1.255505360627013e-25
-1.272672926751198e-25
-1.289856660706983e-25
-1.307056319983181e-25
-1.324271662068613e-25
-1.341502444452091e-25
-1.358748424622453e-25
-1.376009360068513e-25
-1.393285008279083e-25
-1.410575126742991e-25
-1.427879472949070e-25
-1.445197804386130e-25
-1.462529878542984e-25
-1.479875452908471e-25
-1.497234284971403e-25
-1.514606132220592e-25
-1.531990752144879e-25
-1.549387902233073e-25
-1.566797339973989e-25
-1.584218822856463e-25
-1.601652108369310e-25
-1.619096954001351e-25
-1.636553117241387e-25
-1.654020355578277e-25
-1.671498426500823e-25
-1.688987087497839e-25
-1.706486096058162e-25
-1.723995209670605e-25
-1.741514185823988e-25
-1.759042782007126e-25
-1.776580755708855e-25
-1.794127864417989e-25
-1.811683865623340e-25
-1.829248516813747e-25
-1.846821575478012e-25
-1.864402799104967e-25
-1.881991945183441e-25
-1.899588771202246e-25
-1.917193034650203e-25
-1.934804493016125e-25
-1.952422903788851e-25
-1.970048024457193e-25
-1.987679612509963e-25
-2.005317425436000e-25
-2.022961220724116e-25
-2.040610755863133e-25
-2.058265788341862e-25
-2.075926075649134e-25
-2.093591375273779e-25
-2.111261444704600e-25
-2.128936041430436e-25
-2.146614922940100e-25
-2.164297846722402e-25
-2.181984570266183e-25
-2.199674851060255e-25
-2.217368446593439e-25
-2.235065114354547e-25
-2.252764611832418e-25
-2.270466696515863e-25
-2.288171125893688e-25
-2.305877657454748e-25
-2.323586048687847e-25
-2.341296057081805e-25
-2.359007440125435e-25
-2.376719955307577e-25
-2.394433360117041e-25
-2.412147412042641e-25
-2.429861868573216e-25
-2.447576487197576e-25
-2.465291025404536e-25
-2.483005240682934e-25
-2.500718890521581e-25
-2.518431732409291e-25
-2.536143523834894e-25
-2.553854022287218e-25
-2.571562985255077e-25
-2.589270170227283e-25
-2.606975334692675e-25
-2.624678236140065e-25
-2.642378632058273e-25
-2.660076279936114e-25
-2.677770937262424e-25
-2.695462361526017e-25
-2.713150310215705e-25
-2.730834540820318e-25
-2.748514810828685e-25
-2.766190877729619e-25
-2.783862499011933e-25
-2.801529432164466e-25
-2.819191434676029e-25
-2.836848264035434e-25
-2.854499677731521e-25
-2.872145433253103e-25
-2.889785288088990e-25
-2.907418999728022e-25
-2.925046325659012e-25
-2.942667023370780e-25
-2.960280850352130e-25
-2.977887564091918e-25
-2.995486922078949e-25
-3.013078681802033e-25
-3.030662600750011e-25
-3.048238436411694e-25
-3.065805946275903e-25
-3.083364887831451e-25
-3.100915018567177e-25
-3.118456095971893e-25
-3.135987877534410e-25
-3.153510120743569e-25
-3.171022583088172e-25
-3.188525022057049e-25
-3.206017195139031e-25
-3.223498859822930e-25
-3.240969773597566e-25
-3.258429693951752e-25
-3.275878378374328e-25
-3.293315584354105e-25
-3.310741069379895e-25
-3.328154590940537e-25
-3.345555906524844e-25
-3.362944773621637e-25
-3.380320949719728e-25
-3.397684192307948e-25
-3.415034258875125e-25
-3.432370906910063e-25
-3.449693893901602e-25
-3.467002977338554e-25
-3.484297914709731e-25
-3.501578463503971e-25
-3.518844381210087e-25
-3.536095425316901e-25
-3.553331353313223e-25
-3.570551922687895e-25
-3.587756890929726e-25
-3.604946015527522e-25
-3.622119053970139e-25
-3.639275763746379e-25
-3.656415902345064e-25
-3.673539227255007e-25
-3.690645495965047e-25
-3.707734465963994e-25
-3.724805894740663e-25
-3.741859539783891e-25
-3.758895158582491e-25
-3.775912508625276e-25
-3.792911347401083e-25
-3.809891432398726e-25
-3.826852521107017e-25
-3.843794371014785e-25
-3.860716739610860e-25
-3.877619384384057e-25
-3.894502062823184e-25
-3.911364532417083e-25
-3.928206550654566e-25
-3.945027875024453e-25
-3.961828263015556e-25
-3.978607472116716e-25
-3.995365259816742e-25
-4.012101383604450e-25
-4.028815600968668e-25
-4.045507669398225e-25
-4.062177346381935e-25
-4.078824389408611e-25
-4.095448555967088e-25
-4.112049603546182e-25
-4.128627289634705e-25
-4.145181371721494e-25
-4.161711607295363e-25
-4.178217753845123e-25
-4.194699568859613e-25
-4.211156809827647e-25
-4.227589234238044e-25
-4.243996599579609e-25
-4.260378663341197e-25
-4.276735183011612e-25
-4.293065916079668e-25
-4.309370620034201e-25
-4.325649052364024e-25
-4.341900970557960e-25
-4.358126132104820e-25
-4.374324294493442e-25
-4.390495215212640e-25
-4.406638651751226e-25
-4.422754361598038e-25
-4.438842102241880e-25
-4.454901631171581e-25
-4.470932705875971e-25
-4.486935083843865e-25
-4.502908522564081e-25
-4.518852779525433e-25
-4.534767612216759e-25
-4.550652778126870e-25
-4.566508034744583e-25
-4.582333139558732e-25
-4.598127850058130e-25
-4.613891923731600e-25
-4.629625118067955e-25
-4.645327190556021e-25
-4.660997898684632e-25
-4.676636999942590e-25
-4.692244251818732e-25
-4.707819411801874e-25
-4.723362237380825e-25
-4.738872486044426e-25
-4.754349915281486e-25
-4.769794282580830e-25
-4.785205345431270e-25
-4.800582861321642e-25
-4.815926587740760e-25
-4.831236282177429e-25
-4.846511702120503e-25
-4.861752605058786e-25
-4.876958748481099e-25
-4.892129889876256e-25
-4.907265786733094e-25
-4.922366196540425e-25
-4.937430876787065e-25
-4.952459584961847e-25
-4.967452078553588e-25
-4.982408115051098e-25
-4.997327451943215e-25
-5.012209846718754e-25
-5.027055056866527e-25
-5.041862839875363e-25
-5.056632953234091e-25
-5.071365154431523e-25
-5.086059200956477e-25
-5.100714850297782e-25
-5.115331859944258e-25
-5.129909987384724e-25
-5.144448990107992e-25
-5.158948625602901e-25
-5.173408651358262e-25
-5.187828824862891e-25
-5.202208903605615e-25
-5.216548645075263e-25
-5.230847806760649e-25
-5.245106146150587e-25
-5.259323420733912e-25
-5.273499387999439e-25
-5.287633805435979e-25
-5.301726430532371e-25
-5.315777020777428e-25
-5.329785333659963e-25
-5.343751126668812e-25
-5.357674157292789e-25
-5.371554183020715e-25
-5.385390961341399e-25
-5.399184249743686e-25
-5.412933805716387e-25
-5.426639386748315e-25
-5.440300750328304e-25
-5.453917653945169e-25
-5.467489855087732e-25
-5.481017111244805e-25
-5.494499179905225e-25
-5.507935818557806e-25
-5.521326784691361e-25
-5.534671835794726e-25
-5.547970729356708e-25
-5.561223222866142e-25
-5.574429073811836e-25
-5.587588039682623e-25
-5.600699877967320e-25
-5.613764346154739e-25
-5.626781201733716e-25
-5.639750202193063e-25
-5.652671105021599e-25
-5.665543667708155e-25
-5.678367647741547e-25
-5.691142802610594e-25
-5.703868889804112e-25
-5.716545666810930e-25
-5.729172891119873e-25
-5.741750320219753e-25
-5.754277711599399e-25
-5.766754822747629e-25
-5.779181411153258e-25
-5.791557234305118e-25
-5.803882049692025e-25
-5.816155614802800e-25
-5.828377687126258e-25
-5.840548024151232e-25
-5.852666383366537e-25
-5.864732522260982e-25
-5.876746198323413e-25
-5.888707169042640e-25
-5.900615191907481e-25
-5.912470024406755e-25
-5.924271424029291e-25
-5.936019148263907e-25
-5.947712954599417e-25
-5.959352600524656e-25
-5.970937843528436e-25
-5.982468441099573e-25
-5.993944150726902e-25
-6.005364729899232e-25
-6.016729936105395e-25
-6.028039526834199e-25
-6.039293259574480e-25
-6.050490891815052e-25
-6.061632181044728e-25
-6.072716884752343e-25
-6.083744760426713e-25
-6.094715565556658e-25
-6.105629057630992e-25
-6.116484994138552e-25
-6.127283132568148e-25
-6.138023230408600e-25
-6.148705045148732e-25
-6.159328334277372e-25
-6.169892855283335e-25
-6.180398365655435e-25
-6.190844622882508e-25
-6.201231384453367e-25
-6.211558407856829e-25
-6.221825450581724e-25
-6.232032270116868e-25
-6.242178623951080e-25
-6.252264269573189e-25
-6.262288964472010e-25
-6.272252466136362e-25
-6.282154532055070e-25
-6.291994919716958e-25
-6.301773386610845e-25
-6.311489690225547e-25
-6.321143588049892e-25
-6.330734837572700e-25
-6.340263196282789e-25
-6.349728421668978e-25
-6.359130271220096e-25
-6.368468502424961e-25
-6.377742872772387e-25
-6.386953139751206e-25
-6.396099060850231e-25
-6.405180393558289e-25
-6.414196895364195e-25
-6.423148323756780e-25
-6.432034436224855e-25
-6.440854990257244e-25
-6.449609743342772e-25
-6.458298452970257e-25
-6.466920876628517e-25
-6.475476771806379e-25
-6.483965895992664e-25
-6.492388006676191e-25
-6.500742861345770e-25
-6.509030217490244e-25
-6.517249832598421e-25
-6.525401464159123e-25
-6.533484869661174e-25
-6.541499806593396e-25
-6.549446032444606e-25
-6.557323304703624e-25
-6.565131380859277e-25
-6.572870018400383e-25
-6.580538974815761e-25
-6.588138007594238e-25
-6.595666874224630e-25
-6.603125332195753e-25
-6.610513138996444e-25
-6.617830052115512e-25
-6.625075829041784e-25
-6.632250227264073e-25
-6.639353004271210e-25
-6.646383917552011e-25
-6.653342724595295e-25
-6.660229182889889e-25
-6.667043049924611e-25
-6.673784083188277e-25
-6.680452040169718e-25
-6.687046678357748e-25
-6.693567755241194e-25
-6.700015028308869e-25
-6.706388255049603e-25
-6.712687192952212e-25
-6.718911599505515e-25
-6.725061232198341e-25
-6.731135848519504e-25
-6.737135205957829e-25
-6.743059062002132e-25
-6.748907174141242e-25
-6.754679299863974e-25
-6.760375196659150e-25
-6.765994622015591e-25
-6.771537333422123e-25
-6.777003088367563e-25
-6.782391644340730e-25
-6.787702758830450e-25
-6.792936189325542e-25
-6.798091693314825e-25
-6.803169028287125e-25
-6.808167951731260e-25
-6.813088221136048e-25
-6.817929593990317e-25
-6.822691827782884e-25
-6.827374680002570e-25
-6.831977908138196e-25
-6.836501269678586e-25
-6.840944522112559e-25
-6.845307422928936e-25
-6.849589729616539e-25
-6.853791199664190e-25
-6.857911590560708e-25
-6.861950659794913e-25
-6.865908164855630e-25
-6.869783863231678e-25
-6.873577512411877e-25
-6.877288869885051e-25
-6.880917693140019e-25
-6.884463739665603e-25
-6.887926766950623e-25
-6.891306532483903e-25
-6.894602793754261e-25
-6.897815308250519e-25
-6.900943833461500e-25
-6.903988126876023e-25
-6.906947945982909e-25
-6.909823048270981e-25
-6.912613191229058e-25
-6.915318132345963e-25
-6.917937629110515e-25
-6.920471439011538e-25
-6.922919319537851e-25
-6.925281028178274e-25
-6.927556322421633e-25
-6.929744959756744e-25
-6.931846697672432e-25
-6.933861293657513e-25
-6.935788505200814e-25
-6.937628089791154e-25
-6.939379804917351e-25
-6.941043408068230e-25
-6.942618656732612e-25
-6.944105308399316e-25
-6.945503120557165e-25
-6.946811850694979e-25
-6.948031256301580e-25
-6.949161094865788e-25
-6.950201123876425e-25
-6.951151100822312e-25
-6.952010783192270e-25
-6.952779928475121e-25
-6.953458294159684e-25
-6.954045637734782e-25
-6.954541716689235e-25
-6.954946288511865e-25
-6.955259110691495e-25
-6.955479940716942e-25
-6.955608536077029e-25
-6.955644654260578e-25
-6.955588052756410e-25
-6.955438489053345e-25
-6.955195720640204e-25
-6.954859505005809e-25
-6.954429599638983e-25
-6.953905762028542e-25
-6.953287749663312e-25
-6.952575320032112e-25
-6.951768230623766e-25
-6.950866238927090e-25
-6.949869102430908e-25
-6.948776578624042e-25
-6.947588424995310e-25
-6.946304399033538e-25
-6.944924258227543e-25
-6.943447760066147e-25
-6.941874662038172e-25
-6.940204721632440e-25
-6.938437696337770e-25
-6.936573343642983e-25
-6.934611421036903e-25
-6.932551686008349e-25
-6.930393896046142e-25
-6.928137808639104e-25
-6.925783181276055e-25
-6.923329771445818e-25
-6.920777336637213e-25
-6.918125634339059e-25
-6.915374422040181e-25
-6.912523457229398e-25
-6.909572497395532e-25
-6.906521300027405e-25
-6.903369622613834e-25
-6.900117222643646e-25
-6.896763857605657e-25
-6.893309284988692e-25
-6.889753262281569e-25
-6.886095546973109e-25
-6.882335896552139e-25
-6.878474068507474e-25
-6.874509820327934e-25
-6.870442909502347e-25
-6.866273093519529e-25
-6.862000129868302e-25
-6.857623776037485e-25
-6.853143789515908e-25
-6.848559927792381e-25
-6.843871948355732e-25
-6.839079608694780e-25
-6.834182666298344e-25
-6.829180878655248e-25
-6.824074003254312e-25
-6.818861797584361e-25
-6.813544019134209e-25
-6.808120425392681e-25
-6.802590773848602e-25
-6.796954821990786e-25
-6.791212327308056e-25
-6.785363047289241e-25
-6.779406739423151e-25
-6.773343161198611e-25
-6.767172070104442e-25
-6.760893223629468e-25
-6.754506379262507e-25
-6.748011294492381e-25
-6.741407726807915e-25
-6.734695433697923e-25
-6.727874172651229e-25
-6.720943701156655e-25
-6.713903776703026e-25
-6.706754156779159e-25
-6.699494598873871e-25
-6.692124860475992e-25
-6.684644699074335e-25
-6.677053872157724e-25
-6.669352137214984e-25
-6.661539251734930e-25
-6.653614973206386e-25
-6.645579059118172e-25
-6.637431266959116e-25
-6.629171354218029e-25
-6.620799078383736e-25
-6.612314196945062e-25
-6.603716467390826e-25
-6.595005647209845e-25
-6.586181493890943e-25
-6.577243764922944e-25
-6.568192217794663e-25
-6.559026609994924e-25
-6.549746699012554e-25
-6.540352242336365e-25
-6.530842997455180e-25
-6.521218721857828e-25
-6.511479173033119e-25
-6.501624108469879e-25
-6.491653285656936e-25
-6.481566462083104e-25
-6.471363395237198e-25
-6.461043842608050e-25
-6.450607561684478e-25
-6.440054309955299e-25
-6.429383844909339e-25
-6.418595924035416e-25
-6.407690304822358e-25
-6.396666744758974e-25
-6.385525001334093e-25
-6.374264832036542e-25
-6.362885994355128e-25
-6.351388245778685e-25
-6.339771343796022e-25
-6.328035045895976e-25
-6.316179109567349e-25
-6.304203292298974e-25
-6.292107351579674e-25
-6.279891044898263e-25
-6.267554129743564e-25
-6.255096363604405e-25
-6.242517503969597e-25
-6.229817308327964e-25
-6.216995534168328e-25
-6.204051938979526e-25
-6.190986280250352e-25
-6.177798315469638e-25
-6.164487802126210e-25
-6.151054497708883e-25
-6.137498159706481e-25
-6.123818545607823e-25
-6.110015412901738e-25
-6.096088519077034e-25
-6.082037621622540e-25
-6.067862478027084e-25
-6.053562845779473e-25
-6.039138482368533e-25
-6.024589145283103e-25
-6.009914592011975e-25
-5.995114580043980e-25
-5.980188866867943e-25
-5.965137209972689e-25
-5.949959366847032e-25
-5.934655094979792e-25
-5.919224151859802e-25
-5.903666294975868e-25
-5.887981281816820e-25
-5.872168869871474e-25
-5.856228816628663e-25
-5.840160879577200e-25
-5.823964816205897e-25
-5.807640384003594e-25
-5.791187340459090e-25
-5.774605443061220e-25
-5.757894449298811e-25
-5.741054116660670e-25
-5.724084202635622e-25
-5.706984464712490e-25
-5.689754660380104e-25
-5.672394547127272e-25
-5.654903882442817e-25
-5.637282423815571e-25
-5.619529928734350e-25
-5.601646154687961e-25
-5.583630859165239e-25
-5.565483799655011e-25
-5.547204733646079e-25
-5.528793418627275e-25
-5.510249612087432e-25
-5.491573071515349e-25
-5.472763554399855e-25
-5.453820818229783e-25
-5.434744620493940e-25
-5.415534718681147e-25
-5.396190870280240e-25
-5.376712832780031e-25
-5.357100363669330e-25
-5.337353220436969e-25
-5.317471160571779e-25
-5.297453941562560e-25
-5.277301320898143e-25
-5.257013056067349e-25
-5.236588904559013e-25
-5.216028623861931e-25
-5.195331971464936e-25
-5.174498704856863e-25
-5.153528581526505e-25
-5.132421358962709e-25
-5.111176794654273e-25
-5.089794646090044e-25
-5.068274670758818e-25
-5.046616626149425e-25
-5.024820269750701e-25
-5.002885359051443e-25
-4.980811651540483e-25
-4.958598904706656e-25
-4.936246876038757e-25
-4.913755323025621e-25
-4.891124003156067e-25
-4.868352673918941e-25
-4.845441092803016e-25
-4.822389017297139e-25
-4.799196204890142e-25
-4.775862413070822e-25
-4.752387399328011e-25
-4.728770921150533e-25
-4.705012736027217e-25
-4.681112601446863e-25
-4.657070274898305e-25
-4.632885513870374e-25
-4.608558075851868e-25
-4.584087718331620e-25
-4.559474198798474e-25
-4.534717274741205e-25
-4.509816703648657e-25
-4.484772243009654e-25
-4.459583650313023e-25
-4.434250683047567e-25
-4.408773098702115e-25
-4.383150654765507e-25
-4.357383108726531e-25
-4.331470218074023e-25
-4.305411740296808e-25
-4.279207432883718e-25
-4.252857053323562e-25
-4.226360359105144e-25
-4.199717107717313e-25
-4.172927056648871e-25
-4.145989963388641e-25
-4.118905585425462e-25
-4.091673680248131e-25
-4.064294005345481e-25
-4.036766318206335e-25
-4.009090376319523e-25
-3.981265937173841e-25
-3.953292758258125e-25
-3.925170597061212e-25
-3.896899211071906e-25
-3.868478357779013e-25
-3.839907794671369e-25
-3.811187279237813e-25
-3.782316568967133e-25
-3.753295421348166e-25
-3.724123593869745e-25
-3.694800844020671e-25
-3.665326929289771e-25
-3.635701607165882e-25
-3.605924635137797e-25
-3.575995770694354e-25
-3.545914771324389e-25
-3.515681394516705e-25
-3.485295397760109e-25
-3.454756538543437e-25
-3.424064574355528e-25
-3.393219262685169e-25
-3.362220361021198e-25
-3.331067626852435e-25
-3.299760817667721e-25
-3.268299690955841e-25
-3.236684004205633e-25
-3.204913514905933e-25
-3.172987980545538e-25
-3.140907158613289e-25
-3.108670806597983e-25
-3.076278681988473e-25
-3.043730542273545e-25
-3.011026144942038e-25
-2.978165247482790e-25
-2.945147607384587e-25
-2.911972982136267e-25
-2.878641129226672e-25
-2.845151806144585e-25
-2.811504770378844e-25
-2.777699779418273e-25
-2.743736590751725e-25
-2.709614961867953e-25
-2.675334650255814e-25
-2.640895413404146e-25
-2.606297008801735e-25
-2.571539193937417e-25
-2.536621726300017e-25
-2.501544363378374e-25
-2.466306862661269e-25
-2.430908981637545e-25
-2.395350477796042e-25
-2.359631108625542e-25
-2.323750631614883e-25
-2.287708804252912e-25
-2.251505384028404e-25
-2.215140128430203e-25
-2.178612794947131e-25
-2.141923141068026e-25
-2.105070924281673e-25
-2.068055902076947e-25
-2.030877831942615e-25
-1.993536471367502e-25
-1.956031577840440e-25
-1.918362908850254e-25
-1.880530221885782e-25
-1.842533274435812e-25
-1.804371823989185e-25
-1.766045628034731e-25
-1.727554444061242e-25
-1.688898029557555e-25
-1.650076142012513e-25
-1.611088538914895e-25
-1.571934977753543e-25
-1.532615216017278e-25
-1.493129011194943e-25
-1.453476120775316e-25
-1.413656302247240e-25
-1.373669313099557e-25
-1.333514910821045e-25
-1.293192852900547e-25
-1.252702896826886e-25
-1.212044800088901e-25
-1.171218320175372e-25
-1.130223214575143e-25
-1.089059240777097e-25
-1.047726156269927e-25
-1.006223718542519e-25
-9.645516850836954e-26
-9.227098133822983e-26
-8.806978609271034e-26
-8.385155852069560e-26
-7.961627437106987e-26
-7.536390939271070e-26
-7.109443933450247e-26
-6.680783994532936e-26
-6.250408697407008e-26
-5.818315616960754e-26
-5.384502328082455e-26
-4.948966405660499e-26
-4.511705424582730e-26
-4.072716959737563e-26
-3.631998586013349e-26
-3.189547878297938e-26
-2.745362411479765e-26
-2.299439760447235e-26
-1.851777500088114e-26
-1.402373205290809e-26
-9.512244509435854e-27
-4.983288119348814e-27
-4.368386315265578e-28
)
;

boundaryField
{
    inlet
    {
        type            fixedValue;
        value           uniform 0;
    }
    outlet
    {
        type            zeroGradient;
    }
    wall
    {
        type            empty;
    }
}


// ************************************************************************* //
