/*--------------------------------*- C++ -*----------------------------------*\
| =========                 |                                                 |
| \\      /  F ield         | OpenFOAM: The Open Source CFD Toolbox           |
|  \\    /   O peration     | Version:  5.x                                   |
|   \\  /    A nd           | Web:      www.OpenFOAM.org                      |
|    \\/     M anipulation  |                                                 |
\*---------------------------------------------------------------------------*/
FoamFile
{
    version     2.0;
    format      ascii;
    class       volScalarField;
    location    "1";
    object       C2H6;
}
// * * * * * * * * * * * * * * * * * * * * * * * * * * * * * * * * * * * * * //

dimensions      [0 0 0 0 0 0 0];

internalField   nonuniform List<scalar>
4335
(
-5.309311372292882e-14
-5.993464089556025e-14
-6.672854856070831e-14
-7.347494713432114e-14
-8.017394703234678e-14
-8.682565867073336e-14
-9.343019246542897e-14
-9.998765883238166e-14
-1.064981681875396e-13
-1.129618309468508e-13
-1.193787575262634e-13
-1.257490583417254e-13
-1.320728438091851e-13
-1.383502243445903e-13
-1.445813103638894e-13
-1.507662122830302e-13
-1.569050405179611e-13
-1.629979054846299e-13
-1.690449175989849e-13
-1.750461872769740e-13
-1.810018249345455e-13
-1.869119409876474e-13
-1.927766458522277e-13
-1.985960499442346e-13
-2.043702636796162e-13
-2.100993974743206e-13
-2.157835617442957e-13
-2.214228669054899e-13
-2.270174233738510e-13
-2.325673415653273e-13
-2.380727318958668e-13
-2.435337047814177e-13
-2.489503706379279e-13
-2.543228398813456e-13
-2.596512229276189e-13
-2.649356301926958e-13
-2.701761720925245e-13
-2.753729590430531e-13
-2.805261014602297e-13
-2.856357097600022e-13
-2.907018943583189e-13
-2.957247656711279e-13
-3.007044341143771e-13
-3.056410101040148e-13
-3.105346040559889e-13
-3.153853263862476e-13
-3.201932875107391e-13
-3.249585978454113e-13
-3.296813678062124e-13
-3.343617078090903e-13
-3.389997282699935e-13
-3.435955396048696e-13
-3.481492522296671e-13
-3.526609765603337e-13
-3.571308230128180e-13
-3.615589020030677e-13
-3.659453239470309e-13
-3.702901992606559e-13
-3.745936383598906e-13
-3.788557516606833e-13
-3.830766495789818e-13
-3.872564425307344e-13
-3.913952409318892e-13
-3.954931551983942e-13
-3.995502957461976e-13
-4.035667729912473e-13
-4.075426973494916e-13
-4.114781792368785e-13
-4.153733290693561e-13
-4.192282572628724e-13
-4.230430742333757e-13
-4.268178903968139e-13
-4.305528161691352e-13
-4.342479619662876e-13
-4.379034382042193e-13
-4.415193552988784e-13
-4.450958236662128e-13
-4.486329537221708e-13
-4.521308558827004e-13
-4.555896405637496e-13
-4.590094181812667e-13
-4.623902991511996e-13
-4.657323938894966e-13
-4.690358128121056e-13
-4.723006663349748e-13
-4.755270648740522e-13
-4.787151188452860e-13
-4.818649386646242e-13
-4.849766347480149e-13
-4.880503175114062e-13
-4.910860973707463e-13
-4.940840847419831e-13
-4.970443900410649e-13
-4.999671236839397e-13
-5.028523960865555e-13
-5.057003176648605e-13
-5.085109988348027e-13
-5.112845500123304e-13
-5.140210816133915e-13
-5.167207040539340e-13
-5.193835277499063e-13
-5.220096631172561e-13
-5.245992205719319e-13
-5.271523105298815e-13
-5.296690434070532e-13
-5.321495296193949e-13
-5.345938795828547e-13
-5.370022037133810e-13
-5.393746124269215e-13
-5.417112161394245e-13
-5.440121252668380e-13
-5.462774502251101e-13
-5.485073014301889e-13
-5.507017892980227e-13
-5.528610242445592e-13
-5.549851166857469e-13
-5.570741770375336e-13
-5.591283157158674e-13
-5.611476431366967e-13
-5.631322697159691e-13
-5.650823058696331e-13
-5.669978620136367e-13
-5.688790485639278e-13
-5.707259759364547e-13
-5.725387545471654e-13
-5.743174948120080e-13
-5.760623071469307e-13
-5.777733019678815e-13
-5.794505896908084e-13
-5.810942807316596e-13
-5.827044855063832e-13
-5.842813144309273e-13
-5.858248779212399e-13
-5.873352863932692e-13
-5.888126502629633e-13
-5.902570799462700e-13
-5.916686858591378e-13
-5.930475784175146e-13
-5.943938680373484e-13
-5.957076651345876e-13
-5.969890801251799e-13
-5.982382234250737e-13
-5.994552054502169e-13
-6.006401366165577e-13
-6.017931273400443e-13
-6.029142880366244e-13
-6.040037291222464e-13
-6.050615610128583e-13
-6.060878941244084e-13
-6.070828388728445e-13
-6.080465056741149e-13
-6.089790049441673e-13
-6.098804470989504e-13
-6.107509425544118e-13
-6.115906017265000e-13
-6.123995350311626e-13
-6.131778528843481e-13
-6.139256657020044e-13
-6.146430839000797e-13
-6.153302178945219e-13
-6.159871781012794e-13
-6.166140749363001e-13
-6.172110188155320e-13
-6.177781201549232e-13
-6.183154893704220e-13
-6.188232368779765e-13
-6.193014730935345e-13
-6.197503084330443e-13
-6.201698533124540e-13
-6.205602181477116e-13
-6.209215133547653e-13
-6.212538493495631e-13
-6.215573365480531e-13
-6.218320853661834e-13
-6.220782062199021e-13
-6.222958095251573e-13
-6.224850056978971e-13
-6.226459051540696e-13
-6.227786183096229e-13
-6.228832555805051e-13
-6.229599273826640e-13
-6.230087441320481e-13
-6.230298162446055e-13
-6.230232541362839e-13
-6.229891682230318e-13
-6.229276689207969e-13
-6.228388666455277e-13
-6.227228718131719e-13
-6.225797948396779e-13
-6.224097461409938e-13
-6.222128361330672e-13
-6.219891752318469e-13
-6.217388738532806e-13
-6.214620424133164e-13
-6.211587913279023e-13
-6.208292310129867e-13
-6.204734718845176e-13
-6.200916243584428e-13
-6.196837988507106e-13
-6.192501057772693e-13
-6.187906555540667e-13
-6.183055585970509e-13
-6.177949253221700e-13
-6.172588661453723e-13
-6.166974914826057e-13
-6.161109117498185e-13
-6.154992373629582e-13
-6.148625787379738e-13
-6.142010462908126e-13
-6.135147504374233e-13
-6.128038015937535e-13
-6.120683101757517e-13
-6.113083865993654e-13
-6.105241412805433e-13
-6.097156846352333e-13
-6.088831270793834e-13
-6.080265790289418e-13
-6.071461508998565e-13
-6.062419531080757e-13
-6.053140960695473e-13
-6.043626902002196e-13
-6.033878459160407e-13
-6.023896736329585e-13
-6.013682837669211e-13
-6.003237867338767e-13
-5.992562929497736e-13
-5.981659128305594e-13
-5.970527567921825e-13
-5.959169352505911e-13
-5.947585586217332e-13
-5.935777373215567e-13
-5.923745817660097e-13
-5.911492023710406e-13
-5.899017095525972e-13
-5.886322137266275e-13
-5.873408253090802e-13
-5.860276547159029e-13
-5.846928123630436e-13
-5.833364086664505e-13
-5.819585540420720e-13
-5.805593589058558e-13
-5.791389336737501e-13
-5.776973887617032e-13
-5.762348345856631e-13
-5.747513815615775e-13
-5.732471401053949e-13
-5.717222206330634e-13
-5.701767335605309e-13
-5.686107893037458e-13
-5.670244982786556e-13
-5.654179709012091e-13
-5.637913175873539e-13
-5.621446487530381e-13
-5.604780748142103e-13
-5.587917061868179e-13
-5.570856532868094e-13
-5.553600265301330e-13
-5.536149363327364e-13
-5.518504931105682e-13
-5.500668072795757e-13
-5.482639892557077e-13
-5.464421494549123e-13
-5.446013982931371e-13
-5.427418461863304e-13
-5.408636035504406e-13
-5.389667808014154e-13
-5.370514883552028e-13
-5.351178366277516e-13
-5.331659360350092e-13
-5.311958969929238e-13
-5.292078299174437e-13
-5.272018452245170e-13
-5.251780533300913e-13
-5.231365646501153e-13
-5.210774896005370e-13
-5.190009385973041e-13
-5.169070220563652e-13
-5.147958503936677e-13
-5.126675340251606e-13
-5.105221833667914e-13
-5.083599088345082e-13
-5.061808208442591e-13
-5.039850298119928e-13
-5.017726461536563e-13
-4.995437802851984e-13
-4.972985426225675e-13
-4.950370435817108e-13
-4.927593935785771e-13
-4.904657030291140e-13
-4.881560823492702e-13
-4.858306419549931e-13
-4.834894922622311e-13
-4.811327436869325e-13
-4.787605066450452e-13
-4.763728915525172e-13
-4.739700088252965e-13
-4.715519688793319e-13
-4.691188821305704e-13
-4.666708589949610e-13
-4.642080098884513e-13
-4.617304452269897e-13
-4.592382754265242e-13
-4.567316109030026e-13
-4.542105620723732e-13
-4.516752393505841e-13
-4.491257531535835e-13
-4.465622138973196e-13
-4.439847319977401e-13
-4.413934178707932e-13
-4.387883819324270e-13
-4.361697345985898e-13
-4.335375862852294e-13
-4.308920474082941e-13
-4.282332283837322e-13
-4.255612396274915e-13
-4.228761915555199e-13
-4.201781945837655e-13
-4.174673591281770e-13
-4.147437956047018e-13
-4.120076144292883e-13
-4.092589260178850e-13
-4.064978407864393e-13
-4.037244691508995e-13
-4.009389215272136e-13
-3.981413083313302e-13
-3.953317399791966e-13
-3.925103268867615e-13
-3.896771794699728e-13
-3.868324081447789e-13
-3.839761233271274e-13
-3.811084354329665e-13
-3.782294548782447e-13
-3.753392920789096e-13
-3.724380574509089e-13
-3.695258614101921e-13
-3.666028143727061e-13
-3.636690267543994e-13
-3.607246089712196e-13
-3.577696714391159e-13
-3.548043245740353e-13
-3.518286787919262e-13
-3.488428445087369e-13
-3.458469321404156e-13
-3.428410521029104e-13
-3.398253148121686e-13
-3.367998306841391e-13
-3.337647101347702e-13
-3.307200635800087e-13
-3.276660014358037e-13
-3.246026341181039e-13
-3.215300720428560e-13
-3.184484256260087e-13
-3.153578052835106e-13
-3.122583214313085e-13
-3.091500844853517e-13
-3.060332048615878e-13
-3.029077929759651e-13
-2.997739592444317e-13
-2.966318140829355e-13
-2.934814679074243e-13
-2.903230311338473e-13
-2.871566141781512e-13
-2.839823274562841e-13
-2.808002813841961e-13
-2.776105863778329e-13
-2.744133528531439e-13
-2.712086912260766e-13
-2.679967119125800e-13
-2.647775253286015e-13
-2.615512418900886e-13
-2.583179720129905e-13
-2.550778261132552e-13
-2.518309146068299e-13
-2.485773479096631e-13
-2.453172364377034e-13
-2.420506906068987e-13
-2.387778208331965e-13
-2.354987375325452e-13
-2.322135511208935e-13
-2.289223720141884e-13
-2.256253106283787e-13
-2.223224773794129e-13
-2.190139826832383e-13
-2.156999369558029e-13
-2.123804506130553e-13
-2.090556340709434e-13
-2.057255977454156e-13
-2.023904520524190e-13
-1.990503074079032e-13
-1.957052742278152e-13
-1.923554629281032e-13
-1.890009839247152e-13
-1.856419476336010e-13
-1.822784644707058e-13
-1.789106448519796e-13
-1.755385991933703e-13
-1.721624379108254e-13
-1.687822714202938e-13
-1.653982101377222e-13
-1.620103644790605e-13
-1.586188448602556e-13
-1.552237616972556e-13
-1.518252254060093e-13
-1.484233464024641e-13
-1.450182351025687e-13
-1.416100019222700e-13
-1.381987572775178e-13
-1.347846115842591e-13
-1.313676752584420e-13
-1.279480587160157e-13
-1.245258723729266e-13
-1.211012266451239e-13
-1.176742319485552e-13
-1.142449986991690e-13
-1.108136373129130e-13
-1.073802582057352e-13
-1.039449717935843e-13
-1.005078884924084e-13
-9.706911871815490e-14
-9.362877288677203e-14
-9.018696141420841e-14
-8.674379471641214e-14
-8.329938320933011e-14
-7.985383730891164e-14
-7.640726743110538e-14
-7.295978399185764e-14
-6.951149740711712e-14
-6.606251809283249e-14
-6.261295646495126e-14
-5.916292293942212e-14
-5.571252793219255e-14
-5.226188185921125e-14
-4.881109513642634e-14
-4.536027817978464e-14
-4.190954140523653e-14
-3.845899522872781e-14
-3.500875006620748e-14
-3.155891633362365e-14
-2.810960444692461e-14
-2.466092482205781e-14
-2.121298787497199e-14
-1.776590402161525e-14
-1.431978367793501e-14
-1.087473725988003e-14
-7.430875183398189e-15
-3.988307864437559e-15
-5.471457189462438e-16
2.892500837127661e-15
6.330521387836072e-15
9.766805517230896e-15
1.320124280936404e-14
1.663372284828741e-14
2.006413521805293e-14
2.349236950271248e-14
2.691831528631798e-14
3.034186215292158e-14
3.376289968657450e-14
3.718131747132932e-14
4.059700509123795e-14
4.400985213035164e-14
4.741974817272295e-14
5.082658280240357e-14
5.423024560344541e-14
5.763062615990041e-14
6.102761405582041e-14
6.442109887525738e-14
6.781097020226317e-14
7.119711762088977e-14
7.457943071518901e-14
7.795779906921307e-14
8.133211226701318e-14
8.470225989264189e-14
8.806813153015112e-14
9.142961676359213e-14
9.478660517701750e-14
9.813898635447910e-14
1.014866498800282e-13
1.048294853377174e-13
1.081673823115985e-13
1.115002303857229e-13
1.148279191441431e-13
1.181503381709109e-13
1.214673770500778e-13
1.247789253656963e-13
1.280848727018179e-13
1.313851086424943e-13
1.346795227717782e-13
1.379680046737208e-13
1.412504439323741e-13
1.445267301317905e-13
1.477967528560212e-13
1.510604016891186e-13
1.543175662151347e-13
1.575681360181208e-13
1.608120006821296e-13
1.640490497912123e-13
1.672791729294210e-13
1.705022596808081e-13
1.737181996294249e-13
1.769268823593234e-13
1.801281974545560e-13
1.833220344991740e-13
1.865082830772294e-13
1.896868327727747e-13
1.928575731698611e-13
1.960203938525407e-13
1.991751844048658e-13
2.023218344108878e-13
2.054602334546589e-13
2.085902711202308e-13
2.117118369916556e-13
2.148248206529851e-13
2.179291116882713e-13
2.210245996815659e-13
2.241111742169211e-13
2.271887248783886e-13
2.302571412500203e-13
2.333163129158684e-13
2.363661294599845e-13
2.394064804664206e-13
2.424372555192286e-13
2.454583442024604e-13
2.484696361001680e-13
2.514710207964032e-13
2.544623878752179e-13
2.574436269206640e-13
2.604146275167935e-13
2.633752792476584e-13
2.663254716973103e-13
2.692650944498014e-13
2.721940370891834e-13
2.751121891995084e-13
2.780194403648282e-13
2.809156801691948e-13
2.838007981966597e-13
2.866746840312756e-13
2.895372272570935e-13
2.923883174581659e-13
2.952278442185448e-13
2.980556971222816e-13
3.008717657534285e-13
3.036759396960376e-13
3.064681085341603e-13
3.092481618518489e-13
3.120159892331555e-13
3.147714802621310e-13
3.175145245228288e-13
3.202450115992998e-13
3.229628310755958e-13
3.256678725357695e-13
3.283600255638724e-13
3.310391797439562e-13
3.337052246600728e-13
3.363580498962745e-13
3.389975450366130e-13
3.416235996651400e-13
3.442361033659079e-13
3.468349457229682e-13
3.494200163203727e-13
3.519912047421739e-13
3.545484005724232e-13
3.570914933951725e-13
3.596203727944742e-13
3.621349283543796e-13
3.646350496589408e-13
3.671206262922100e-13
3.695915478382390e-13
3.720477038810793e-13
3.744889840047834e-13
3.769152777934030e-13
3.793264748309892e-13
3.817224647015953e-13
3.841031369892726e-13
3.864683812780726e-13
3.888180871520479e-13
3.911521441952500e-13
3.934704419917307e-13
3.957728701255420e-13
3.980593181807362e-13
4.003296757413649e-13
4.025838323914797e-13
4.048216777151329e-13
4.070431012963766e-13
4.092479927192622e-13
4.114362415678420e-13
4.136077374261679e-13
4.157623698782913e-13
4.179000285082645e-13
4.200206029001396e-13
4.221239826379681e-13
4.242100573058024e-13
4.262787164876940e-13
4.283298497676946e-13
4.303633467298566e-13
4.323790969582319e-13
4.343769900368720e-13
4.363569155498293e-13
4.383187630811554e-13
4.402624222149022e-13
4.421877825351214e-13
4.440947336258657e-13
4.459831650711861e-13
4.478529664551351e-13
4.497040273617646e-13
4.515362373751259e-13
4.533494860792714e-13
4.551436630582531e-13
4.569186578961228e-13
4.586743601769321e-13
4.604106594847334e-13
4.621274454035782e-13
4.638246075175185e-13
4.655020354106065e-13
4.671596186668940e-13
4.687972468704324e-13
4.704148096052743e-13
4.720121964554713e-13
4.735892970050751e-13
4.751460008381381e-13
4.766821975387120e-13
4.781977766908483e-13
4.796926278785995e-13
4.811666406860171e-13
4.826197046971534e-13
4.840517094960600e-13
4.854625446667890e-13
4.868520997933919e-13
4.882202644599213e-13
4.895669282504284e-13
4.908919807489657e-13
4.921953115395845e-13
4.934768102063374e-13
4.947363663332758e-13
4.959738695044517e-13
4.971892093039169e-13
4.983822753157237e-13
4.995529571239239e-13
5.007011443125692e-13
5.018267264657116e-13
5.029295931674026e-13
5.040096340016950e-13
5.050667385526404e-13
5.061007964042902e-13
5.071116971406965e-13
5.080993303459118e-13
5.090635856039870e-13
5.100043524989752e-13
5.109215206149272e-13
5.118149795358956e-13
5.126846188459322e-13
5.135303281290887e-13
5.143519969694169e-13
5.151495149509691e-13
5.159227716577972e-13
5.166716566739527e-13
5.173960595834877e-13
5.180958699704543e-13
5.187709774189043e-13
5.194212715128894e-13
5.200466418364619e-13
5.206469779736734e-13
5.212221695085758e-13
5.217721060252213e-13
5.222966771076615e-13
5.227957723399482e-13
5.232692813061338e-13
5.237170935902700e-13
5.241390987764085e-13
5.245351864486013e-13
5.249052461909004e-13
5.252491675873578e-13
5.255668402220254e-13
5.258581536789545e-13
5.261229975421979e-13
5.263612613958069e-13
5.265728348238339e-13
5.267576074103303e-13
5.269154687393482e-13
5.270463083949397e-13
5.271500159611564e-13
5.272264810220505e-13
5.272755931616737e-13
5.272972419640779e-13
5.272913170133151e-13
5.272577078934372e-13
5.271963041884962e-13
5.271069954825438e-13
5.269896713596320e-13
5.268442214038127e-13
5.266705351991379e-13
5.264685023296595e-13
5.262380123794294e-13
5.259789549324993e-13
5.256912195729214e-13
5.253746958847473e-13
5.250292734520290e-13
5.246548418588187e-13
5.242512906891682e-13
5.238185095271293e-13
5.233563879567538e-13
5.228648155620936e-13
5.223436819272009e-13
5.217928766361273e-13
5.212122892729250e-13
5.206018094216458e-13
5.199613266663413e-13
5.192907305910639e-13
5.185899107798653e-13
5.178587568167973e-13
5.170971582859119e-13
5.163050047712612e-13
5.154821858568968e-13
5.146285911268705e-13
5.137441101652346e-13
5.128286325560410e-13
5.118820478833414e-13
5.109042457311874e-13
5.098951156836317e-13
5.088545473247254e-13
5.077824302385212e-13
5.066786540090704e-13
5.055431082204251e-13
5.043756824566370e-13
5.031762663017588e-13
5.019447493398413e-13
5.006810211549370e-13
4.993849713310980e-13
4.980564894523757e-13
4.966954651028224e-13
4.953017878664898e-13
4.938753473274298e-13
4.924160330696945e-13
4.909237346773357e-13
4.893983417344054e-13
4.878397438249551e-13
4.862478305330372e-13
4.846224914427035e-13
4.829636161380060e-13
4.812710942029961e-13
4.795448152217263e-13
4.777846687782480e-13
4.759905444566134e-13
4.741623318408745e-13
4.722999205150833e-13
4.704032000632912e-13
4.684720600695506e-13
4.665063901179129e-13
4.645060797924304e-13
4.624710186771551e-13
4.604010963561389e-13
4.582962024134331e-13
4.561562264330906e-13
4.539810579991623e-13
4.517705866957005e-13
4.495247021067577e-13
4.472432938163850e-13
4.449262514086345e-13
4.425734644675580e-13
4.401848225772081e-13
4.377602153216360e-13
4.352995322848940e-13
4.328026630510338e-13
4.302694972041071e-13
4.276999243281661e-13
4.250938340072628e-13
4.224511158254487e-13
4.197716593667764e-13
4.170553542152975e-13
4.143020899550634e-13
4.115117561701263e-13
4.086842424445386e-13
4.058194383623514e-13
4.029172335076175e-13
3.999775174643883e-13
3.970001798167155e-13
3.939851101486511e-13
3.909321980442476e-13
3.878413330875560e-13
3.847124048626290e-13
3.815453029535184e-13
3.783399169442755e-13
3.750961364189526e-13
3.718138509616016e-13
3.684929501562747e-13
3.651333235870237e-13
3.617348608378998e-13
3.582974514929559e-13
3.548209851362430e-13
3.513053513518136e-13
3.477504397237198e-13
3.441561398360132e-13
3.405223412727453e-13
3.368489336179689e-13
3.331358064557347e-13
3.293828493700956e-13
3.255899519451040e-13
3.217570037648102e-13
3.178838944132668e-13
3.139705134745265e-13
3.100167505326398e-13
3.060224951716595e-13
3.019876369756385e-13
2.979120655286264e-13
2.937956704146765e-13
2.896383412178410e-13
2.854399675221707e-13
2.812004389117181e-13
2.769196449705356e-13
2.725974752826746e-13
2.682338194321866e-13
2.638285670031241e-13
2.593816075795392e-13
2.548928307454829e-13
2.503621260850084e-13
2.457893831821668e-13
2.411744916210095e-13
2.365173409855892e-13
2.318178208599580e-13
2.270758208281673e-13
2.222912304742687e-13
2.174639393823151e-13
2.125938371363573e-13
2.076808133204476e-13
2.027247575186387e-13
1.977255593149820e-13
1.926831082935287e-13
1.875972940383318e-13
1.824680061334420e-13
1.772951341629121e-13
1.720785677107942e-13
1.668181963611400e-13
1.615139096980006e-13
1.561655973054284e-13
1.507731487674762e-13
1.453364536681944e-13
1.398554015916357e-13
1.343298821218535e-13
1.287597848428966e-13
1.231449993388186e-13
1.174854151936720e-13
1.117809219915071e-13
1.060314093163776e-13
1.002367667523345e-13
9.439688388342891e-14
8.851165029371355e-14
8.258095556724115e-14
7.660468928806235e-14
7.058274104022991e-14
6.451500040779546e-14
5.840135697480991e-14
5.224170032532602e-14
4.603592004339655e-14
3.978390571307199e-14
3.348554691840569e-14
2.714073324344838e-14
2.074935427225169e-14
1.431129958886811e-14
7.826458777350128e-15
1.294721421748487e-15
-5.284022893883427e-15
-1.190988458549519e-14
-1.858297406903340e-14
-2.530340176044826e-14
-3.207127807568667e-14
-3.888671343069547e-14
-4.574981824142429e-14
-5.266070292382153e-14
-5.961947568135867e-14
-6.662577567282416e-14
-7.367819555635775e-14
-8.077518639170332e-14
-8.791519923860657e-14
-9.509668515681316e-14
-1.023180952060661e-13
-1.095778804461120e-13
-1.168744919366947e-13
-1.242063807375572e-13
-1.315719979084479e-13
-1.389697945091098e-13
-1.463982215992868e-13
-1.538557302387254e-13
-1.613407714871697e-13
-1.688517964043624e-13
-1.763872560500521e-13
-1.839456014839817e-13
-1.915252837658961e-13
-1.991247539555390e-13
-2.067424631126572e-13
-2.143768622969935e-13
-2.220264025682936e-13
-2.296895349863034e-13
-2.373647106107667e-13
-2.450503805014272e-13
-2.527449957180317e-13
-2.604470073203230e-13
-2.681548663680470e-13
-2.758670239209494e-13
-2.835819310387739e-13
-2.912980387812644e-13
-2.990137982081667e-13
-3.067276603792265e-13
-3.144380763541867e-13
-3.221434971927940e-13
-3.298423739547922e-13
-3.375331576999252e-13
-3.452142994879386e-13
-3.528842503785783e-13
-3.605414614315871e-13
-3.681843837067117e-13
-3.758114682636960e-13
-3.834211661622848e-13
-3.910119284622209e-13
-3.985822062232529e-13
-4.061304505051237e-13
-4.136551123675771e-13
-4.211546428703599e-13
-4.286274930732159e-13
-4.360721140358880e-13
-4.434869568181247e-13
-4.508704724796689e-13
-4.582211120802647e-13
-4.655373266796583e-13
-4.728175673375931e-13
-4.800602851138144e-13
-4.872639310680683e-13
-4.944269562600983e-13
-5.015478117496486e-13
-5.086249485964657e-13
-5.156568178602925e-13
-5.226418706008746e-13
-5.295785578779579e-13
-5.364653307512863e-13
-5.433006402806037e-13
-5.500829375256564e-13
-5.568106735461876e-13
-5.634822994019439e-13
-5.700962661526684e-13
-5.766510248581074e-13
-5.831450265780049e-13
-5.895767223721050e-13
-5.959445633001531e-13
-6.022470004218951e-13
-6.084824847970738e-13
-6.146494674854359e-13
-6.207463995467253e-13
-6.267717320406860e-13
-6.327239160270635e-13
-6.386014025656034e-13
-6.444026427160489e-13
-6.501260875381466e-13
-6.557701880916402e-13
-6.613333954362737e-13
-6.668141606317930e-13
-6.722109347379433e-13
-6.775221688144682e-13
-6.827463139211135e-13
-6.878818211176236e-13
-6.929271414637422e-13
-6.978807260192161e-13
-7.027410258437892e-13
-7.075064919972057e-13
-7.121755755392115e-13
-7.167467275295507e-13
-7.212183990279675e-13
-7.255890410942075e-13
-7.298571047880159e-13
-7.340210411691368e-13
-7.380793012973148e-13
-7.420303362322954e-13
-7.458725970338224e-13
-7.496045347616415e-13
-7.532246004754974e-13
-7.567312452351348e-13
-7.601229201002978e-13
-7.633980761307323e-13
-7.665551643861822e-13
-7.695926359263924e-13
-7.725089418111085e-13
-7.753025331000746e-13
-7.779718608530353e-13
-7.805153761297357e-13
-7.829315299899208e-13
-7.852187734933350e-13
-7.873755576997236e-13
-7.894003336688308e-13
-7.912915524604015e-13
-7.930476651341807e-13
-7.946671227499132e-13
-7.961483763673438e-13
-7.974898770462168e-13
-7.986900758462778e-13
-7.997474238272711e-13
-8.006603720489413e-13
-8.014273715710336e-13
-8.020468734532927e-13
-8.025173287554632e-13
-8.028371885372902e-13
-8.030049038585181e-13
-8.030189257788920e-13
-8.028777053581565e-13
-8.025796936560566e-13
-8.021233417323369e-13
-8.015071006467422e-13
-8.007294214590174e-13
-7.997887552289073e-13
-7.986835530161565e-13
-7.974122658805098e-13
-7.959733448817124e-13
-7.943652410795084e-13
-7.925864055336434e-13
-7.906352893038616e-13
-7.885103434499078e-13
-7.862100190315268e-13
-7.837327671084636e-13
-7.810770387404633e-13
-7.782412849872703e-13
-7.752239569086290e-13
-7.720235055642851e-13
-7.686383820139822e-13
-7.650670373174659e-13
-7.613079225344813e-13
-7.573594887247729e-13
-7.532201869480847e-13
-7.488884682641627e-13
-7.443627837327505e-13
-7.396415844135933e-13
-7.347233213664370e-13
-7.296064456510255e-13
-7.242894083271027e-13
-7.187706604544151e-13
-7.130486530927060e-13
-7.071218373017205e-13
-7.009886641412056e-13
-6.946475846709026e-13
-6.880970499505578e-13
-6.813355110399169e-13
-6.743614189987230e-13
-6.671732248867218e-13
-6.597693797636590e-13
-6.521483346892785e-13
-6.443085407233240e-13
-6.362484489255413e-13
-6.279665103556762e-13
-6.194611760734717e-13
-6.107308971386742e-13
-6.017741246110277e-13
-5.925893095502761e-13
-5.831749030161648e-13
-5.735293560684401e-13
-5.636511197668443e-13
-5.535386451711248e-13
-5.431903833410253e-13
-5.326047853362884e-13
-5.217803022166611e-13
-5.107153850418892e-13
-4.994084848717164e-13
-4.878580527658854e-13
-4.760625397841449e-13
-4.640203969862354e-13
-4.517300754319044e-13
-4.391900261808977e-13
-4.263987002929590e-13
-4.133545488278303e-13
-4.000560228452593e-13
-3.865015734049918e-13
-3.726896515667694e-13
-3.586187083903385e-13
-3.442871949354479e-13
-3.296935622618342e-13
-3.148362614292467e-13
-2.997137434974299e-13
-2.843244595261328e-13
-2.686668605750917e-13
-2.527393977040577e-13
-2.365405219727717e-13
-2.200686844409799e-13
-2.033223361684279e-13
-1.862999282148599e-13
-1.689999116400258e-13
-1.514207375036629e-13
-1.335608568655166e-13
-1.154187207853331e-13
-9.699278032285841e-14
-7.828148653783641e-14
-5.928369150903957e-14
-4.000747075274750e-14
-2.047012322276630e-14
-6.893488919270959e-16
1.931715226694132e-14
3.953168028101021e-14
5.993653517744311e-14
8.051401698342663e-14
1.012464257261243e-13
1.221160614327075e-13
1.431052241303473e-13
1.641962138462151e-13
1.853713306074740e-13
2.066128744413113e-13
2.279031453748903e-13
2.492244434353822e-13
2.705590686499582e-13
2.918893210457870e-13
3.131975006500450e-13
3.344659074898956e-13
3.556768415925207e-13
3.768126029850860e-13
3.978554916947630e-13
4.187878077487203e-13
4.395918511741342e-13
4.602499219981683e-13
4.807443202480042e-13
5.010573459508080e-13
5.211712991337508e-13
5.410684798240014e-13
5.607311880487360e-13
5.801417238351186e-13
5.992823872103301e-13
6.181354782015370e-13
6.366832968359102e-13
6.549081431406191e-13
6.727923171428393e-13
6.903181188697353e-13
7.074678483484871e-13
7.242238056062619e-13
7.405682906702305e-13
7.564836035675625e-13
7.719520443254330e-13
7.869559129710111e-13
8.014775095314646e-13
8.154991340339719e-13
8.290030865056991e-13
8.419716669738221e-13
8.543871754655061e-13
8.662319120079252e-13
8.774881766282510e-13
8.881382693536545e-13
8.981644902113095e-13
9.075491392283822e-13
9.162745164320486e-13
9.243229218494756e-13
9.316766555078346e-13
9.383180174343026e-13
9.442293076560452e-13
9.493928262002371e-13
9.537908730940462e-13
9.574057483646458e-13
9.602197520392070e-13
9.622151841449011e-13
9.633743447088991e-13
9.636795337583720e-13
9.631130513204913e-13
9.616571974224282e-13
9.592942720913542e-13
9.560065753544406e-13
9.517764072388584e-13
9.465860677717776e-13
9.404178569803717e-13
9.332540748918114e-13
9.250770215332651e-13
9.158689969319110e-13
9.056123011149110e-13
8.942892341094438e-13
8.818820959426780e-13
8.683731866417812e-13
8.537448062339319e-13
8.379792547462977e-13
8.210588322060499e-13
8.029658386403553e-13
7.836825740763941e-13
7.631913385413328e-13
7.414744320623376e-13
7.185141546665964e-13
6.942928063812571e-13
6.687926872335089e-13
6.419960972505173e-13
6.138853364594462e-13
5.844427048874807e-13
5.536505025617857e-13
5.214910295095319e-13
4.879465857578824e-13
4.529994713340246e-13
4.166319862651225e-13
3.788264305783370e-13
3.395651043008583e-13
2.988303074598490e-13
2.566043400824793e-13
2.128695021959213e-13
1.676080938273347e-13
1.208024150039128e-13
7.243476575280365e-14
2.248744610121591e-14
-2.905724392371684e-14
-8.221695345232426e-14
-1.369866238479919e-13
-1.933028198689537e-13
-2.510928548214548e-13
-3.102840420117822e-13
-3.708036947462093e-13
-4.325791263310095e-13
-4.955376500724719e-13
-5.596065792768383e-13
-6.247132272504140e-13
-6.907849072994231e-13
-7.577489327301882e-13
-8.255326168489833e-13
-8.940632729620474e-13
-9.632682143756884e-13
-1.033074754396145e-12
-1.103410206329707e-12
-1.174201883482649e-12
-1.245377099161243e-12
-1.316863166671781e-12
-1.388587399320500e-12
-1.460477110413710e-12
-1.532459613257648e-12
-1.604462221158586e-12
-1.676412247422853e-12
-1.748237005356668e-12
-1.819863808266339e-12
-1.891219969458105e-12
-1.962232802238256e-12
-2.032829619913067e-12
-2.102937735788809e-12
-2.172484463171774e-12
-2.241397115368200e-12
-2.309603005684395e-12
-2.377029447426599e-12
-2.443603753901084e-12
-2.509253238414175e-12
-2.573905214272093e-12
-2.637486994781147e-12
-2.699925893247576e-12
-2.761149222977670e-12
-2.821084297277717e-12
-2.879658429453947e-12
-2.936798932812691e-12
-2.992433120660177e-12
-3.046488306302696e-12
-3.098891803046533e-12
-3.149570924197934e-12
-3.198452983063187e-12
-3.245465292948564e-12
-3.290535167160351e-12
-3.333589919004797e-12
-3.374556861788188e-12
-3.413363308816807e-12
-3.449936573396897e-12
-3.484203968834770e-12
-3.516092808436672e-12
-3.545530405508886e-12
-3.572444073357689e-12
-3.596761125289344e-12
-3.618408874610130e-12
-3.637314634626319e-12
-3.653405718644191e-12
-3.666609439970008e-12
-3.676853111910050e-12
-3.684064047770591e-12
-3.688169560857900e-12
-3.689096964478253e-12
-3.686773571937924e-12
-3.681126696543185e-12
-3.672083651600309e-12
-3.659571750415570e-12
-3.643518306295239e-12
-3.623850632545600e-12
-3.600496042472907e-12
-3.573381849383450e-12
-3.542435366583497e-12
-3.507583907379311e-12
-3.468754785077184e-12
-3.425875312983381e-12
-3.378872804404174e-12
-3.327674572645839e-12
-3.272207931014632e-12
-3.212400192816855e-12
-3.148178671358751e-12
-3.079470679946644e-12
-3.006203531886758e-12
-2.928304540485361e-12
-2.845701019048766e-12
-2.758320280883207e-12
-2.666089639294996e-12
-2.568936407590392e-12
-2.466787899075661e-12
-2.359571427057082e-12
-2.247214304840896e-12
-2.129643845733436e-12
-2.006787363040911e-12
-1.878572170069661e-12
-1.744925580125961e-12
-1.605774906515983e-12
-1.461047462546100e-12
-1.310670561522517e-12
-1.154571516751579e-12
-9.926776415395254e-13
-8.249162491926258e-13
-6.512146530171559e-13
-4.715001663193436e-13
-2.857001024055524e-13
-9.374177458195931e-14
1.043788453173602e-13
3.081583560271294e-13
5.168659249092152e-13
7.297696465356796e-13
9.461376154788455e-13
1.165237926310822e-12
1.386338673603879e-12
1.608707951930290e-12
1.831613855862103e-12
2.054324479971761e-12
2.276107918831311e-12
2.496232267013081e-12
2.713965619089178e-12
2.928576069631876e-12
3.139331713213389e-12
3.345500644405935e-12
3.546350957781781e-12
3.741150747913044e-12
3.929168109371989e-12
4.109671136730882e-12
4.281927924561802e-12
4.445206567437142e-12
4.598775159928992e-12
4.741901796609609e-12
4.873854572051244e-12
4.993901580826047e-12
5.101310917506270e-12
5.195350676664128e-12
5.275288952871858e-12
5.340393840701637e-12
5.389933434725703e-12
5.423175829516278e-12
5.439389119645564e-12
5.437841399685787e-12
5.417800764209167e-12
5.378535307787916e-12
5.319313124994239e-12
5.239402310400377e-12
5.138070958578512e-12
5.014587164100941e-12
4.868219021539758e-12
4.698234625467284e-12
4.503902070455699e-12
4.284489451077163e-12
4.039264861904003e-12
3.767496397508384e-12
3.468452152462521e-12
3.141400221338635e-12
2.785608698708846e-12
2.400345679145551e-12
1.984879257220774e-12
1.538477527507057e-12
1.060408584576292e-12
5.499405230006705e-13
6.742015105543280e-15
-5.640800232111736e-13
-1.153499423316846e-12
-1.752403491784794e-12
-2.351679535187596e-12
-2.942214860098734e-12
-3.514896773091229e-12
-4.060612580737821e-12
-4.570249589611810e-12
-5.034695106285967e-12
-5.444836437333361e-12
-5.791560889327309e-12
-6.065755768840552e-12
-6.258308382446257e-12
-6.360106036717352e-12
-6.362036038226927e-12
-6.254985693548014e-12
-6.029842309253641e-12
-5.677493191916734e-12
-5.188825648110499e-12
-4.554726984407715e-12
-3.766084507381729e-12
-2.813785523605689e-12
-1.688717339651845e-12
-3.817672620940129e-13
1.116177402495445e-12
2.814229347542745e-12
4.720542563363113e-12
6.824667338072635e-12
9.099284670131155e-12
1.151646477921897e-11
1.404827788501233e-11
1.666679420719053e-11
1.934408396543027e-11
2.205221737941024e-11
2.476326466880844e-11
2.744929605330291e-11
3.008238175257233e-11
3.263459198629341e-11
3.507799697414483e-11
3.738466693580517e-11
3.952667209095080e-11
4.147608265926187e-11
4.320496886041488e-11
4.468540091408835e-11
4.588944903996059e-11
4.678918345770902e-11
4.735667438701198e-11
4.756399204754752e-11
4.738320665899357e-11
4.678638844102823e-11
4.574560761332955e-11
4.423293439557509e-11
4.222043900744421e-11
3.968376236112541e-11
3.670372161067740e-11
3.348097497147762e-11
3.022269998912841e-11
2.713607420923455e-11
2.442827517739775e-11
2.230648043922298e-11
2.097786754031132e-11
2.064961402626722e-11
2.152889744269336e-11
2.382289533519365e-11
2.773878524937010e-11
3.348374473082625e-11
4.126495132516522e-11
5.128958257799014e-11
6.376481603490759e-11
7.889782924151447e-11
9.689579974342164e-11
1.179659050862176e-10
1.423153228155201e-10
1.701512304769347e-10
2.016808056160508e-10
2.371112257784874e-10
2.766496685098299e-10
3.205033113556898e-10
3.688793318616702e-10
4.219849075733744e-10
4.800360821661542e-10
5.436842165062940e-10
6.142050292672692e-10
6.929224617218287e-10
7.811604551427495e-10
8.802429508028855e-10
9.914938899749501e-10
1.116237213931784e-09
1.255796863946107e-09
1.411496781290735e-09
1.584660907238450e-09
1.776613183062035e-09
1.988677550034331e-09
2.222177949428015e-09
2.479546869384477e-09
2.770933809741571e-09
3.109769255275116e-09
3.509495717120300e-09
3.983555706411762e-09
4.545391734284659e-09
5.208446311873625e-09
5.986161950313701e-09
6.891981160739804e-09
7.939346454286843e-09
9.141700342090055e-09
1.051248533528376e-08
1.206514394500355e-08
1.381372946082202e-08
1.583072386219457e-08
1.829459043037575e-08
2.139498423875787e-08
2.532156036073432e-08
3.026397386969547e-08
3.641187983903450e-08
4.395477183608716e-08
5.307848273457082e-08
6.396521443599147e-08
7.679701328018028e-08
9.175592560697842e-08
1.090239977562291e-07
1.287832760677625e-07
1.513603610543284e-07
1.784219181105804e-07
2.123609336004157e-07
2.555775698213580e-07
3.104719890709550e-07
3.794443536467660e-07
4.648948258462735e-07
5.700446541639400e-07
7.018255575434782e-07
8.682168729381047e-07
1.077556922835827e-06
1.344163005435213e-06
1.687287529016871e-06
2.126337894976971e-06
2.682535633120595e-06
3.381294573251399e-06
4.248618922912052e-06
5.317789346500364e-06
6.675595087091157e-06
8.432703239188233e-06
1.070101404651802e-05
1.363229982328412e-05
1.743309660511616e-05
2.236128757310327e-05
2.869736439583047e-05
3.671056902651389e-05
4.688038463822130e-05
6.000400151813197e-05
7.680145539346236e-05
9.804430379903928e-05
1.247189338840530e-04
1.582908162853270e-04
1.997813590402048e-04
2.503349095774977e-04
3.110269856310298e-04
3.827778637376354e-04
4.662339125727670e-04
5.616158333697723e-04
6.685293544287109e-04
7.857357984602770e-04
9.108806722880223e-04
1.040178780787682e-03
1.168082122246211e-03
1.287010071225007e-03
1.387312331971019e-03
1.457742069213370e-03
1.486725390771784e-03
1.464555482348376e-03
1.386212750328976e-03
1.253967252595430e-03
1.078549258540975e-03
8.779031800527093e-04
6.735111311147626e-04
4.851255873433991e-04
3.275124109806330e-04
2.070716020360881e-04
1.229025170563153e-04
6.847721815148189e-05
3.590646686749570e-05
1.778983403047155e-05
8.370454559532348e-06
3.749943800009192e-06
1.619614567104993e-06
6.776106080886046e-07
2.761944152215740e-07
1.097039558381741e-07
4.384026655574765e-08
1.791864032975086e-08
7.349742149288245e-09
3.055272415162970e-09
1.291545174496134e-09
5.585715682028165e-10
3.027973019308332e-10
1.732290735359916e-10
9.226638058137583e-11
5.467182147566376e-11
3.556414618301350e-11
2.199031917332906e-11
1.348933588474155e-11
8.917176533242426e-12
6.700547339686330e-12
5.294489120496583e-12
3.936000576383174e-12
2.710474801366247e-12
1.745816558985853e-12
1.121073761138107e-12
7.626081591351487e-13
5.670362377419806e-13
4.366147658698231e-13
3.324696473877145e-13
2.507503109801510e-13
1.880703815487539e-13
1.410434839951639e-13
1.062832432210541e-13
8.040328412806172e-14
6.037122567104848e-14
4.492924159897249e-14
3.337439429188546e-14
2.500393482231225e-14
1.911511426276756e-14
1.500518368577423e-14
1.197178646307794e-14
9.478532836133245e-15
7.411896288264786e-15
5.724714995704991e-15
4.369827134687493e-15
3.300070881444627e-15
2.468284412209191e-15
1.827526185462795e-15
1.340448839085070e-15
9.827995897179140e-16
7.312673171628795e-16
5.625409012218326e-16
4.533092216964645e-16
3.802611583884544e-16
3.209827298407184e-16
2.659977693471251e-16
2.155467917009490e-16
1.701066237173570e-16
1.301540922115733e-16
9.616602399875804e-17
6.861924589410787e-17
4.783625539505822e-17
3.312691070140025e-17
2.339284286728546e-17
1.753455560901366e-17
1.445255264288479e-17
1.304733768520517e-17
1.221947204841759e-17
1.111588982085136e-17
9.693596764313174e-18
8.075843822011083e-18
6.385881937153133e-18
4.746962052946981e-18
3.282335112601523e-18
2.114459877889645e-18
1.301286676798775e-18
7.895582152593912e-19
5.150077290917729e-19
4.133684541161978e-19
4.203736261529557e-19
4.717564810223074e-19
5.050113087255370e-19
4.942608971831419e-19
4.482245669723178e-19
3.769758847802476e-19
2.905884172942023e-19
1.991357312013697e-19
1.126913931890234e-19
4.050819857611316e-20
-1.530480811614571e-20
-5.631685405389351e-20
-8.412756534284080e-20
-1.003365680886791e-19
-1.065434883971220e-19
-1.043479523738732e-19
-9.534958612464224e-20
-8.114801575512565e-20
-6.334286737103767e-20
-4.353376707807987e-20
-2.332034098195308e-20
-4.302215188372468e-21
1.192388633542328e-20
2.433019257312301e-20
3.313632398010534e-20
3.872732080417751e-20
4.148822329315734e-20
4.180407169485980e-20
4.005990625709997e-20
3.664076722769341e-20
3.193169485445528e-20
2.631772938520073e-20
2.018391106774339e-20
1.391528014990158e-20
7.896876879487530e-21
2.513741504320699e-21
-1.872942397496018e-21
-5.183560907272819e-21
-7.522189748839074e-21
-8.996058731811091e-21
-9.712397665804200e-21
-9.778436360434917e-21
-9.301404625319285e-21
-8.388532270073352e-21
-7.147049104312811e-21
-5.684184937654353e-21
-4.107169579713344e-21
-2.523232840106635e-21
-1.039604528450263e-21
2.365233753761022e-22
1.229439932387488e-21
1.951999669744477e-21
2.432517838964573e-21
2.699309691565894e-21
2.780690479066173e-21
2.704975452983397e-21
2.500479864835321e-21
2.195518966139914e-21
1.818408008414899e-21
1.397462243178332e-21
9.609969219480957e-22
5.373272962417200e-22
1.547686175774007e-22
-1.595013532993705e-22
-3.971317442934526e-22
-5.652480834019298e-22
-6.714352141608620e-22
-7.232779801063094e-22
-7.283612247743278e-22
-6.942697917009763e-22
-6.285885244223023e-22
-5.389022664743995e-22
-4.327958613933437e-22
-3.178541527151109e-22
-2.016619839758451e-22
-9.180419871155141e-23
4.134407570901558e-24
8.029487438937017e-23
1.371044535325727e-22
1.764212361629858e-22
2.001033134431621e-22
2.100087765355910e-22
2.079957166027908e-22
1.959222248072757e-22
1.756463923115591e-22
1.490263102781538e-22
1.179200698695723e-22
8.418576224831844e-23
4.968147857692244e-23
1.626531001788844e-23
-1.424405350881513e-23
-4.098964411573743e-23
-6.410809482720650e-23
-8.378181781140328e-23
-1.001932252365375e-22
-1.135247292708005e-22
-1.239587420823966e-22
-1.316776758395255e-22
-1.368639427103869e-22
-1.396999548631808e-22
-1.403681244661055e-22
-1.390508636873619e-22
-1.359305846951484e-22
-1.311896996576665e-22
-1.250106207431152e-22
-1.175757601196943e-22
-1.090675299556034e-22
-9.966834241903966e-23
-8.956060967820772e-23
-7.892674390130216e-23
-6.794915725653084e-23
-5.681026191208250e-23
-4.569247003616526e-23
-3.477819379697579e-23
-2.424984536271140e-23
-1.428983690157694e-23
-5.080580581769609e-24
3.197975292734402e-24
1.046166513963760e-23
1.675074851991875e-23
2.211380053630546e-23
2.659939629153117e-23
3.025611088832357e-23
3.313251942941710e-23
3.527719701754003e-23
3.673871875542393e-23
3.756565974579968e-23
3.780659509139760e-23
3.751009989494858e-23
3.672474925918379e-23
3.549911828683355e-23
3.388178208062827e-23
3.192131574329954e-23
2.966629437757714e-23
2.716529308619293e-23
2.446688697187785e-23
2.161965113736052e-23
1.867216068537380e-23
1.567299071864698e-23
1.267071633991225e-23
9.713912651898946e-24
6.851154757340010e-24
4.131017758963906e-24
1.602076759501594e-24
-6.874008825943347e-25
-2.710716989925046e-24
-4.476524585947773e-24
-5.996753555207513e-24
-7.283333782250123e-24
-8.348195151619363e-24
-9.203267547860571e-24
-9.860480855518133e-24
-1.033176495913710e-23
-1.062904974326232e-23
-1.076426509243844e-23
-1.074934089121042e-23
-1.059620702412301e-23
-1.031679337572095e-23
-9.923029830549186e-24
-9.426846273152481e-24
-8.840172588075622e-24
-8.174938659863437e-24
-7.443074373060529e-24
-6.656509612212076e-24
-5.827174261862716e-24
-4.966998206557022e-24
-4.087911330840478e-24
-3.201843519256991e-24
-2.320724656352041e-24
-1.456484626669997e-24
-6.210533147561022e-25
1.736642631553441e-25
9.196769671612809e-25
1.617138011925325e-24
2.267216869768508e-24
2.871083013011382e-24
3.429905913974990e-24
3.944855044980330e-24
4.417099878348022e-24
4.847809886399074e-24
5.238154541454364e-24
5.589303315834766e-24
5.902425681861229e-24
6.178691111854473e-24
6.419269078135510e-24
6.625329053025052e-24
6.798040508844180e-24
6.938572917913623e-24
7.048095752554311e-24
7.127778485087129e-24
7.178790587832919e-24
7.202301533112578e-24
7.199480793246980e-24
7.171497840557002e-24
7.119522147363502e-24
7.044723185987385e-24
6.948270428749486e-24
6.831333347970764e-24
6.695081415971977e-24
6.540684105074095e-24
6.369310887597961e-24
6.182131235864401e-24
5.980314622194392e-24
5.765030518908699e-24
5.537448398328368e-24
5.298737732774113e-24
5.050067994566792e-24
4.792608656027414e-24
4.527529189476726e-24
4.255999067235729e-24
3.979187761625305e-24
3.698264744966126e-24
3.414399489579272e-24
3.128761467785478e-24
2.842520151905765e-24
2.556845014260862e-24
2.272905527171868e-24
1.991871162959428e-24
1.714911393944430e-24
1.443195692447889e-24
1.177893530790555e-24
9.201743812934128e-25
6.712077162773450e-25
4.321630080630500e-25
2.042097289715723e-25
-1.148267952976694e-26
-2.140303863948307e-25
-4.035332612436344e-25
-5.803027975354699e-25
-7.446504887294588e-25
-8.968878282850148e-25
-1.037326309661268e-24
-1.166277426317539e-24
-1.284052671713013e-24
-1.390963539306971e-24
-1.487321522558664e-24
-1.573438114927341e-24
-1.649624809872269e-24
-1.716193100852659e-24
-1.773454481327781e-24
-1.821720444756895e-24
-1.861302484599218e-24
-1.892512094314038e-24
-1.915660767360579e-24
-1.931059997198100e-24
-1.939021277285845e-24
-1.939856101083068e-24
-1.933875962049016e-24
-1.921392353642941e-24
-1.902716769324085e-24
-1.878160702551707e-24
-1.848035646785053e-24
-1.812653095483363e-24
-1.772324542105903e-24
-1.727361480111916e-24
-1.678075402960650e-24
-1.624777804111354e-24
-1.567780177023262e-24
-1.507394015155655e-24
-1.443930811967748e-24
-1.377702060918843e-24
-1.309019255468120e-24
-1.238193889074881e-24
-1.165537455198358e-24
-1.091361447297781e-24
-1.015977358832436e-24
-9.396966832615553e-25
-8.628309140443883e-25
-7.856915446401816e-25
-7.085900685081684e-25
-6.318379791076365e-25
-5.557467698977947e-25
-4.806279343379503e-25
-4.067929658872806e-25
-3.345533580050841e-25
-2.642206041505969e-25
-1.961061977830524e-25
-1.305216323617271e-25
-6.777840134584424e-26
-8.187998194696300e-27
4.798140452140069e-26
1.007146130671935e-25
1.500880011839184e-25
1.961780689128304e-25
2.390613162951364e-25
2.788142433720784e-25
3.155133501848864e-25
3.492351367747906e-25
3.800561031830283e-25
4.080527494508143e-25
4.333015756193926e-25
4.558790817299752e-25
4.758617678238102e-25
4.933261339421258e-25
5.083486801261433e-25
5.210059064171005e-25
5.313743128562207e-25
5.395303994847361e-25
5.455506663438817e-25
5.495116134748824e-25
5.514897409189705e-25
5.515615487173749e-25
5.498035369113263e-25
5.462922055420548e-25
5.411040546507904e-25
5.343155842787616e-25
5.260032944672015e-25
5.162436852573363e-25
5.051132566904007e-25
4.926885088076225e-25
4.790459416502323e-25
4.642620552594593e-25
4.484133496765303e-25
4.315763249426827e-25
4.138274810991431e-25
3.952433181871365e-25
3.759003362479075e-25
3.558750353226667e-25
3.352439154526590e-25
3.140834766791038e-25
2.924702190432423e-25
2.704806425862990e-25
2.481912473495044e-25
2.256785333740880e-25
2.030190007012742e-25
1.802891493723047e-25
1.575654794284038e-25
1.349244909107960e-25
1.124426838607280e-25
9.019655831940803e-26
6.826261432808231e-26
4.671735192797019e-26
2.563727116031241e-26
5.098872066334083e-27
-1.482614746146421e-26
-3.411566506592700e-26
-5.277680529571744e-26
-7.081707071117203e-26
-8.824396387264626e-26
-1.050649873404951e-25
-1.212876436750607e-25
-1.369194354366983e-25
-1.519678651857585e-25
-1.664404354825922e-25
-1.803446488875534e-25
-1.936880079609860e-25
-2.064780152632475e-25
-2.187221733546791e-25
-2.304279847956440e-25
-2.416029521464837e-25
-2.522545779675523e-25
-2.623903648192027e-25
-2.720178152617808e-25
-2.811444318556398e-25
-2.897777171611306e-25
-2.979251737386039e-25
-3.055943041484123e-25
-3.127926109509026e-25
-3.195275967064294e-25
-3.258067639753399e-25
-3.316376153179868e-25
-3.370276532947206e-25
-3.419843804658921e-25
-3.465152993918533e-25
-3.506279126329526e-25
-3.543297227495428e-25
-3.576282323019721e-25
-3.605309438505937e-25
-3.630453599557583e-25
-3.651789831778153e-25
-3.669393160771164e-25
-3.683338612140117e-25
-3.693701211488520e-25
-3.700555984419888e-25
-3.703977956537723e-25
-3.704042153445534e-25
-3.700823600746827e-25
-3.694397324045110e-25
-3.684838348943894e-25
-3.672221701046683e-25
-3.656622405956980e-25
-3.638115489278303e-25
-3.616775976614150e-25
-3.592678893568038e-25
-3.565899265743469e-25
-3.536512118743952e-25
-3.504592478172994e-25
-3.470215369634093e-25
-3.433455818730776e-25
-3.394388851066537e-25
-3.353089492244879e-25
-3.309632767869339e-25
-3.264093703543382e-25
-3.216547324870545e-25
-3.167068657454318e-25
-3.115732726898228e-25
-3.062614558805773e-25
-3.007789178780460e-25
-2.951331612425798e-25
-2.893316885345276e-25
-2.833820023142434e-25
-2.772916051420765e-25
-2.710679995783759e-25
-2.647186881834972e-25
-2.582511735177849e-25
-2.516729581415944e-25
-2.449915446152731e-25
-2.382144354991753e-25
-2.313491333536498e-25
-2.244031407390460e-25
-2.173839602157199e-25
-2.102990943440147e-25
-2.031560456842872e-25
-1.959623167968859e-25
-1.887254102421596e-25
-1.814528285804629e-25
-1.741520743721450e-25
-1.668306501775561e-25
-1.594960585570474e-25
-1.521558020709676e-25
-1.448173832796711e-25
-1.374883047435055e-25
-1.301760690228264e-25
-1.228881786779774e-25
-1.156321362693151e-25
-1.084154443571879e-25
-1.012456055019450e-25
-9.413012226394109e-26
-8.707649720352467e-26
-8.009223288104657e-26
-7.318483185685727e-26
-6.636179669130667e-26
-5.963062994474795e-26
-5.299883417752912e-26
-4.647391195000428e-26
-4.006336582252199e-26
-3.377469835543356e-26
-2.761541210908972e-26
-2.159300964383939e-26
-1.571499352003647e-26
-9.988866298028767e-27
-4.422130538171716e-27
9.777791700039627e-28
6.207056848018251e-27
1.126727651638311e-26
1.616044756552927e-26
2.088857938588250e-26
2.545368136787111e-26
2.985776290192669e-26
3.410283337847407e-26
3.819090218794357e-26
4.212397872076136e-26
4.590407236735760e-26
4.953319251815772e-26
5.301334856359270e-26
5.634654989409065e-26
5.953480590007810e-26
6.258012597198483e-26
6.548451950023754e-26
6.824999587526521e-26
7.087856448749604e-26
7.337223472735823e-26
7.573301598528058e-26
7.796291765169006e-26
8.006394911701555e-26
8.203811977168568e-26
8.388743900612725e-26
8.561391621077030e-26
8.721956077604170e-26
8.870638209237043e-26
9.007638955018401e-26
9.133159253991096e-26
9.247400045197953e-26
9.350562267681790e-26
9.442846860485453e-26
9.524454762651710e-26
9.595586913223409e-26
9.656444251243388e-26
9.707227715754420e-26
9.748138245799378e-26
9.779376780421048e-26
9.801144258662269e-26
9.813641619565846e-26
9.817069802174606e-26
9.811629745531373e-26
9.797522388678968e-26
9.774948670660199e-26
9.744109530517901e-26
9.705205907294891e-26
9.658438740033978e-26
9.604008967777999e-26
9.542117529569771e-26
9.472965364452110e-26
9.396753411467836e-26
9.313682609659752e-26
9.223953898070717e-26
9.127768215743505e-26
9.025326501721017e-26
8.916829695045960e-26
8.802478734761243e-26
8.682474559909662e-26
8.557018109533999e-26
8.426310322677136e-26
8.290552138381865e-26
8.149944495691012e-26
8.004688333647389e-26
7.854984591293779e-26
7.701034207673080e-26
7.543038121828040e-26
7.381197272801550e-26
7.215712599636400e-26
7.046785041375399e-26
6.874615537061383e-26
6.699405025737111e-26
6.521354446445498e-26
6.340664738229286e-26
6.157536840131415e-26
5.972171691194576e-26
5.784770230461584e-26
5.595533396975368e-26
5.404662129778635e-26
5.212357367914314e-26
5.018820050425171e-26
4.824251116353979e-26
4.628851504743657e-26
4.432822154637027e-26
4.236364005076806e-26
4.039677995105817e-26
3.842965063766976e-26
3.646426150103068e-26
3.450262193156842e-26
3.254674131971235e-26
3.059862905588955e-26
2.866029453052932e-26
2.673374713405943e-26
2.482099625690739e-26
2.292405128950250e-26
2.104492162227208e-26
1.918561664564603e-26
1.734814575004989e-26
1.553451832591371e-26
1.374674376366513e-26
1.198683145373197e-26
1.025679078654336e-26
8.558631152526571e-27
6.894361942110817e-27
5.265992545723670e-27
3.675532353792999e-27
2.124990756747801e-27
6.163771450156791e-28
-8.482990909739803e-28
-2.267452625671640e-27
-3.641194393031782e-27
-4.970059391887109e-27
-6.254582621070381e-27
-7.495299079413403e-27
-8.692743765749240e-27
-9.847451678909738e-27
-1.095995781772765e-26
-1.203079718103569e-26
-1.306050476766575e-26
-1.404961557645081e-26
-1.499866460622281e-26
-1.590818685581401e-26
-1.677871732405797e-26
-1.761079100978625e-26
-1.840494291183170e-26
-1.916170802902636e-26
-1.988162136020308e-26
-2.056521790419393e-26
-2.121303265983153e-26
-2.182560062594850e-26
-2.240345680137697e-26
-2.294713618494966e-26
-2.345717377549876e-26
-2.393410457185662e-26
-2.437846357285627e-26
-2.479078577732969e-26
-2.517160618410953e-26
-2.552145979202804e-26
-2.584088159991777e-26
-2.613040660661124e-26
-2.639056981094074e-26
-2.662190621173886e-26
-2.682495080783792e-26
-2.700023859807043e-26
-2.714830458126885e-26
-2.726968375626559e-26
-2.736491112189309e-26
-2.743452167698385e-26
-2.747905042037029e-26
-2.749903235088484e-26
-2.749500246735997e-26
-2.746749576862810e-26
-2.741704725352170e-26
-2.734419192087317e-26
-2.724946476951502e-26
-2.713340079827966e-26
-2.699653500599951e-26
-2.683940239150709e-26
-2.666253795363484e-26
-2.646647669121513e-26
-2.625175360308040e-26
-2.601890368806319e-26
-2.576846194499590e-26
-2.550096337271091e-26
-2.521694297004078e-26
-2.491693573581784e-26
-2.460147666887467e-26
-2.427110076804365e-26
-2.392634303215714e-26
-2.356773846004775e-26
-2.319582205054775e-26
-2.281112880248997e-26
-2.241419371470627e-26
-2.200555178602949e-26
-2.158573801529198e-26
-2.115528740132608e-26
-2.071473494296444e-26
-2.026461563903930e-26
-1.980546448838331e-26
-1.933781648982883e-26
-1.886220664220815e-26
-1.837916994435400e-26
-1.788924139509856e-26
-1.739295599327475e-26
-1.689084873771432e-26
-1.638345462725016e-26
-1.587130866071463e-26
-1.535494583694002e-26
-1.483490115475906e-26
-1.431170961300394e-26
-1.378590621050733e-26
-1.325802594610156e-26
-1.272860381861895e-26
-1.219817482689223e-26
-1.166727396975355e-26
-1.113643624603564e-26
-1.060619665457106e-26
-1.007709019419161e-26
-9.549651863730251e-27
-9.024416662019166e-27
-8.501919587890948e-27
-7.982695640178289e-27
-7.467279817713146e-27
-6.956207119328191e-27
-6.450012543856122e-27
-5.949231090128888e-27
-5.454397756979179e-27
-4.966047543239696e-27
-4.484715447742641e-27
-4.010936469320230e-27
-3.545245606805145e-27
-3.088177859030039e-27
-2.640268224826900e-27
-2.202051703028408e-27
-1.774063292467263e-27
-1.356837991975443e-27
-9.509108003856426e-28
-5.567862510656073e-28
-1.745924063323986e-28
1.957965873477352e-28
5.545113398367390e-28
9.016824609964086e-28
1.237440560689579e-27
1.561916248778036e-27
1.875240135123917e-27
2.177542829589213e-27
2.468954942036366e-27
2.749607082327359e-27
3.019629860324200e-27
3.279153885889298e-27
3.528309768884653e-27
3.767228119172288e-27
3.996039546614580e-27
4.214874661073439e-27
4.423864072411223e-27
4.623138390489860e-27
4.812828225171691e-27
4.993064186318751e-27
5.163976883793095e-27
5.325696927457034e-27
5.478354927172620e-27
5.622081492801988e-27
5.757007234207215e-27
5.883262761250573e-27
6.000978683794133e-27
6.110285611699979e-27
6.211314154830311e-27
6.304194923047314e-27
6.389058526213034e-27
6.466035574189691e-27
6.535256676839382e-27
6.596852444024246e-27
6.650953485606394e-27
6.697690411448023e-27
6.737193831411241e-27
6.769594355358172e-27
6.795022593150987e-27
6.813609154651806e-27
6.825484649722767e-27
6.830779688226017e-27
6.829624880023692e-27
6.822150834977926e-27
6.808488162950870e-27
6.788767473804646e-27
6.763119377401399e-27
6.731674483603285e-27
6.694563402272410e-27
6.651916743270928e-27
6.603865116460979e-27
6.550539131704729e-27
6.492069398864296e-27
6.428586527801781e-27
6.360221128379388e-27
6.287103810459189e-27
6.209365183903354e-27
6.127135858574025e-27
6.040546444333379e-27
5.949727551043474e-27
5.854809788566491e-27
5.755923766764614e-27
5.653200095499887e-27
5.546769384634500e-27
5.436762244030638e-27
5.323309283550399e-27
5.206541113055852e-27
5.086588342409201e-27
4.963581581472641e-27
4.837651440108189e-27
4.708928528178045e-27
4.577543455544416e-27
4.443626832069304e-27
4.307309267614920e-27
4.168721372043402e-27
4.027993755216948e-27
3.885257026997573e-27
3.740641797247549e-27
3.594278675828945e-27
3.446298272603825e-27
3.296831197434398e-27
3.146008060182812e-27
2.993959470711272e-27
2.840816038881766e-27
2.686708374556516e-27
2.531767087597736e-27
2.376122787867399e-27
2.219906085227737e-27
2.063247589540959e-27
1.906277910669047e-27
1.749127658474292e-27
1.591927442818692e-27
1.434807873564526e-27
1.277899560573785e-27
1.121333113708684e-27
9.652391428314324e-28
8.097482578040232e-28
6.549910684886712e-28
5.010981847475152e-28
3.482002164427618e-28
1.964277734364074e-28
4.591146559066543e-29
-1.032180972321803e-28
-2.508303051702866e-28
-3.967945483613642e-28
-5.409802169431974e-28
-6.832567010538170e-28
-8.234940308446160e-28
-9.616117545589367e-28
-1.097613357042823e-27
-1.231510453686085e-27
-1.363314659878325e-27
-1.493037591009152e-27
-1.620690862468368e-27
-1.746286089645581e-27
-1.869834887930401e-27
-1.991348872712566e-27
-2.110839659381806e-27
-2.228318863327733e-27
-2.343798099939962e-27
-2.457288984608282e-27
-2.568803132722306e-27
-2.678352159671654e-27
-2.785947680846107e-27
-2.891601311635282e-27
-2.995324667428853e-27
-3.097129363616442e-27
-3.197027015587772e-27
-3.295029238732566e-27
-3.391147648440399e-27
-3.485393860101037e-27
-3.577779489104108e-27
-3.668316150839281e-27
-3.757015460696186e-27
-3.843889034064586e-27
-3.928948486334107e-27
-4.012205432894380e-27
-4.093671489135162e-27
-4.173358270446083e-27
-4.251277392216778e-27
-4.327440469836960e-27
-4.401859118696334e-27
-4.474544954184541e-27
-4.545509591691213e-27
-4.614764646606097e-27
-4.682321734318829e-27
-4.748192470219048e-27
-4.812388469696494e-27
-4.874921348140804e-27
-4.935802720941652e-27
-4.995044203488681e-27
-5.052657411171624e-27
-5.108653959380096e-27
-5.163045463503796e-27
-5.215843538932425e-27
-5.267059801055628e-27
-5.316705865263078e-27
-5.364793346944422e-27
-5.411333861489382e-27
-5.456339024287606e-27
-5.499820450728746e-27
-5.541789756202516e-27
-5.582258556098570e-27
-5.621238465806557e-27
-5.658741100716193e-27
-5.694778076217109e-27
-5.729361007699018e-27
-5.762501510551553e-27
-5.794211200164425e-27
-5.824501691927287e-27
-5.853384601229795e-27
-5.880871543461656e-27
-5.906974134012524e-27
-5.931703988272072e-27
-5.955072721629963e-27
-5.977091949475891e-27
-5.997773287199518e-27
-6.017128350190497e-27
-6.035168753838541e-27
-6.051906113533299e-27
-6.067352044664447e-27
-6.081518162621650e-27
-6.094416082794594e-27
-6.106057420572944e-27
-6.116453791346368e-27
-6.125616810504552e-27
-6.133558093437160e-27
-6.140289255533860e-27
-6.145821912184336e-27
-6.150167678778252e-27
-6.153338170705283e-27
-6.155345003355102e-27
-6.156199792117383e-27
-6.155914152381799e-27
-6.154499699538018e-27
-6.151968048975715e-27
-6.148330816084566e-27
-6.143599616254240e-27
-6.137786064874407e-27
-6.130901777334743e-27
-6.122958369024922e-27
-6.113967455334618e-27
-6.103940651653502e-27
-6.092889573371240e-27
-6.080825835877515e-27
-6.067761054561991e-27
-6.053706844814341e-27
-6.038674822024241e-27
-6.022676601581371e-27
-6.005723798875389e-27
-5.987828029295973e-27
-5.969000908232808e-27
-5.949254051075545e-27
-5.928599073213868e-27
-5.907047590037457e-27
-5.884611216935980e-27
-5.861301569299094e-27
-5.837130262516485e-27
-5.812108911977834e-27
-5.786249133072793e-27
-5.759562541191047e-27
-5.732060751722278e-27
-5.703755380056135e-27
-5.674658041582304e-27
-5.644780351690454e-27
-5.614133925770278e-27
-5.582730379211415e-27
-5.550581327403573e-27
-5.517698385736403e-27
-5.484093169599563e-27
-5.449777294382745e-27
-5.414762375475617e-27
-5.379060028267872e-27
-5.342681868149150e-27
-5.305639510509134e-27
-5.267944570737519e-27
-5.229608664223944e-27
-5.190643406358092e-27
-5.151060412529664e-27
-5.110871298128287e-27
-5.070087678543679e-27
-5.028721169165466e-27
-4.986783385383366e-27
-4.944285942587010e-27
-4.901240456166091e-27
-4.857658541510296e-27
-4.813551814009267e-27
-4.768931889052688e-27
-4.723810382030239e-27
-4.678198908331606e-27
-4.632109083346429e-27
-4.585552522464396e-27
-4.538540841075219e-27
-4.491085654568492e-27
-4.443198578333926e-27
-4.394891227761194e-27
-4.346175218239996e-27
-4.297062165159949e-27
-4.247563683910760e-27
-4.197691389882116e-27
-4.147456898463649e-27
-4.096871825045052e-27
-4.045947785016021e-27
-3.994696393766180e-27
-3.943129266685227e-27
-3.891258019162864e-27
-3.839094266588735e-27
-3.786649624352486e-27
-3.733935707843812e-27
-3.680964132452420e-27
-3.627746513567923e-27
-3.574294466580021e-27
-3.520619606878390e-27
-3.466733549852729e-27
-3.412647910892655e-27
-3.358374305387870e-27
-3.303924348728066e-27
-3.249309656302898e-27
-3.194541843502009e-27
-3.139632525715121e-27
-3.084593318331857e-27
-3.029435836741914e-27
-2.974171696334972e-27
-2.918812512500719e-27
-2.863369900628782e-27
-2.807855476108860e-27
-2.752280854330651e-27
-2.696657650683770e-27
-2.640997480557919e-27
-2.585311959342802e-27
-2.529612702428060e-27
-2.473911325203337e-27
-2.418219443058341e-27
-2.362548671382763e-27
-2.306910625566229e-27
-2.251316920998424e-27
-2.195779173069065e-27
-2.140308997167761e-27
-2.084918008684212e-27
-2.029617823008095e-27
-1.974420055529112e-27
-1.919336321636872e-27
-1.864378236721104e-27
-1.809557416171459e-27
-1.754885475377584e-27
-1.700374029729168e-27
-1.646034694615889e-27
-1.591879085427449e-27
-1.537918817553471e-27
-1.484165506383644e-27
-1.430630767307671e-27
-1.377326215715174e-27
-1.324263466995849e-27
-1.271454136539396e-27
-1.218909839735432e-27
-1.166642191973695e-27
-1.114662808643792e-27
-1.062983305135444e-27
-1.011615296838292e-27
-9.605703991420193e-28
-9.098602274363210e-28
-8.594963971108221e-28
-8.094905235552300e-28
-7.598542221592037e-28
-7.105986505803686e-28
-6.617281174480956e-28
-6.132416589963827e-28
-5.651381758349315e-28
-5.174165685732994e-28
-4.700757378211886e-28
-4.231145841882528e-28
-3.765320082841690e-28
-3.303269107185443e-28
-2.844981921010558e-28
-2.390447530413800e-28
-1.939654941491252e-28
-1.492593160339680e-28
-1.049251193055842e-28
-6.096180457358312e-29
-1.736827244764074e-29
2.585657646256732e-29
6.871384154740939e-29
1.112046221972533e-28
1.533300178024230e-28
1.950911277532443e-28
2.364890514401054e-28
2.775248882533314e-28
3.181997375832684e-28
3.585146988202427e-28
3.984708713546408e-28
4.380693545767890e-28
4.773112478770135e-28
5.161976506456807e-28
5.547296622731563e-28
5.929083821497476e-28
6.307349096658391e-28
6.682103442117579e-28
7.053357851778503e-28
7.421123319544444e-28
7.785410839319229e-28
8.146231405006136e-28
8.503596010508452e-28
8.857515649729993e-28
9.208001316574046e-28
9.555064004944071e-28
9.898714708743189e-28
1.023896442187555e-27
1.057582413824427e-27
1.090930485175265e-27
1.123941755630448e-27
1.156617324580306e-27
1.188958291415169e-27
1.220965755525415e-27
1.252640816301374e-27
1.283984573133394e-27
1.314998125411804e-27
1.345682572526981e-27
1.376039013869242e-27
1.406068548828948e-27
1.435772276796460e-27
1.465151297162109e-27
1.494206709316241e-27
1.522939612649189e-27
1.551351106551328e-27
1.579442290412988e-27
1.607214263624503e-27
1.634668125576246e-27
1.661804975658551e-27
1.688625913261749e-27
1.715132037776214e-27
1.741324448592265e-27
1.767204245100276e-27
1.792772526690566e-27
1.818030392753507e-27
1.842978942679433e-27
1.867619275858677e-27
1.891952491681611e-27
1.915979689538568e-27
1.939701968819895e-27
1.963120428915925e-27
1.986236169217031e-27
2.009050289113543e-27
2.031563887995788e-27
2.053778065254156e-27
2.075693920278972e-27
2.097312552460580e-27
2.118635061189318e-27
2.139662545855552e-27
2.160396105849619e-27
2.180836840561852e-27
2.200985849382621e-27
2.220844231702260e-27
2.240413086911107e-27
2.259693514399528e-27
2.278686613557857e-27
2.297393483776433e-27
2.315815224445610e-27
2.333952934955746e-27
2.351807714697175e-27
2.369380663060237e-27
2.386672879435295e-27
2.403685463212685e-27
2.420419513782755e-27
2.436876130535843e-27
2.453056412862310e-27
2.468961460152496e-27
2.484592371796739e-27
2.499950247185392e-27
2.515036185708810e-27
2.529851286757323e-27
2.544396649721294e-27
2.558673373991060e-27
2.572682558956968e-27
2.586425304009357e-27
2.599902708538587e-27
2.613115871934998e-27
2.626065893588929e-27
2.638753872890740e-27
2.651180909230770e-27
2.663348101999366e-27
2.675256550586862e-27
2.686907354383627e-27
2.698301612779997e-27
2.709440425166312e-27
2.720324890932930e-27
2.730956109470190e-27
2.741335180168434e-27
2.751463202418019e-27
2.761341275609286e-27
2.770970499132581e-27
2.780351972378245e-27
2.789486794736635e-27
2.798376065598087e-27
2.807020884352952e-27
2.815422350391580e-27
2.823581563104314e-27
2.831499621881500e-27
2.839177626113480e-27
2.846616675190608e-27
2.853817868503226e-27
2.860782305441677e-27
2.867511085396316e-27
2.874005307757482e-27
2.880266071915522e-27
2.886294477260786e-27
2.892091623183615e-27
2.897658609074361e-27
2.902996534323365e-27
2.908106498320978e-27
2.912989600457544e-27
2.917646940123407e-27
2.922079616708918e-27
2.926288729604420e-27
2.930275378200260e-27
2.934040661886782e-27
2.937585680054336e-27
2.940911532093267e-27
2.944019317393917e-27
2.946910135346641e-27
2.949585085341778e-27
2.952045266769677e-27
2.954291779020684e-27
2.956325721485146e-27
2.958148193553408e-27
2.959760294615815e-27
2.961163124062716e-27
2.962357781284457e-27
2.963345365671381e-27
2.964126976613837e-27
2.964703713502172e-27
2.965076675726730e-27
2.965246962677859e-27
2.965215673745904e-27
2.964983908321212e-27
2.964552765794129e-27
2.963923345555001e-27
2.963096746994174e-27
2.962074069501996e-27
2.960856412468811e-27
2.959444875284966e-27
2.957840557340808e-27
2.956044558026683e-27
2.954057976732937e-27
2.951881912849915e-27
2.949517465767967e-27
2.946965734877433e-27
2.944227819568665e-27
2.941304819232006e-27
2.938197833257805e-27
2.934907961036406e-27
2.931436301958154e-27
2.927783955413401e-27
2.923952020792487e-27
2.919941597485759e-27
2.915753784883565e-27
2.911389682376257e-27
2.906850389354170e-27
2.902137005207657e-27
2.897250629327063e-27
2.892192361102733e-27
2.886963299925014e-27
2.881564545184255e-27
2.875997196270797e-27
2.870262352574989e-27
2.864361113487178e-27
2.858294578397712e-27
2.852063846696930e-27
2.845670017775189e-27
2.839114191022828e-27
2.832397465830192e-27
2.825520941587629e-27
2.818485717685485e-27
2.811292893514112e-27
2.803943568463847e-27
2.796438841925042e-27
2.788779813288044e-27
2.780967581943195e-27
2.773003247280844e-27
2.764887908691339e-27
2.756622665565023e-27
2.748208617292242e-27
2.739646863263342e-27
2.730938502868674e-27
2.722084635498577e-27
2.713086360543401e-27
2.703944777393499e-27
2.694660985439203e-27
2.685236084070867e-27
2.675671172678839e-27
2.665967350653467e-27
2.656125717385090e-27
2.646147372264058e-27
2.636033414680724e-27
2.625784944025421e-27
2.615403059688500e-27
2.604888861060308e-27
2.594243447531198e-27
2.583467918491505e-27
2.572563373331579e-27
2.561530911441776e-27
2.550371632212427e-27
2.539086635033886e-27
2.527677019296503e-27
2.516143884390615e-27
2.504488329706578e-27
2.492711454634729e-27
2.480814358565423e-27
2.468798140888996e-27
2.456663900995800e-27
2.444412738276188e-27
2.432045752120493e-27
2.419564041919067e-27
2.406968707062257e-27
2.394260846940415e-27
2.381441560943875e-27
2.368511948462992e-27
2.355473108888114e-27
2.342326141609584e-27
2.329072146017741e-27
2.315712221502944e-27
2.302247467455527e-27
2.288678983265842e-27
2.275007868324234e-27
2.261235222021058e-27
2.247362143746646e-27
2.233389732891351e-27
2.219319088845527e-27
2.205151310999505e-27
2.190887498743640e-27
2.176528751468282e-27
2.162076168563774e-27
2.147530849420453e-27
2.132893893428674e-27
2.118166399978787e-27
2.103349468461127e-27
2.088444198266048e-27
2.073451688783900e-27
2.058373039405016e-27
2.043209349519751e-27
2.027961718518452e-27
2.012631245791470e-27
1.997219030729138e-27
1.981726172721816e-27
1.966153771159845e-27
1.950502925433561e-27
1.934774734933320e-27
1.918970299049466e-27
1.903090717172354e-27
1.887137088692316e-27
1.871110512999704e-27
1.855012089484874e-27
1.838842917538153e-27
1.822604096549900e-27
1.806296725910467e-27
1.789921905010193e-27
1.773480733239413e-27
1.756974309988484e-27
1.740403734647759e-27
1.723770106607572e-27
1.707074525258273e-27
1.690318089990217e-27
1.673501900193737e-27
1.656627055259182e-27
1.639694654576902e-27
1.622705797537253e-27
1.605661583530560e-27
1.588563111947182e-27
1.571411482177481e-27
1.554207793611765e-27
1.536953145640402e-27
1.519648637653738e-27
1.502295369042127e-27
1.484894439195898e-27
1.467446947505406e-27
1.449953993361004e-27
1.432416676153025e-27
1.414836095271818e-27
1.397213350107745e-27
1.379549540051129e-27
1.361845764492336e-27
1.344103122821697e-27
1.326322714429570e-27
1.308505638706288e-27
1.290652995042208e-27
1.272765882827680e-27
1.254845401453036e-27
1.236892650308630e-27
1.218908728784806e-27
1.200894736271924e-27
1.182851772160308e-27
1.164780935840314e-27
1.146683326702301e-27
1.128560044136603e-27
1.110412187533556e-27
1.092240856283515e-27
1.074047149776842e-27
1.055832167403856e-27
1.037597008554919e-27
1.019342772620383e-27
1.001070558990579e-27
9.827814670558584e-28
9.644765962065782e-28
9.461570458330681e-28
9.278239153256799e-28
9.094783040747728e-28
8.911213114706818e-28
8.727540369037437e-28
8.543775797643140e-28
8.359930394427526e-28
8.176015153293789e-28
7.992041068145560e-28
7.808019132886350e-28
7.623960341419473e-28
7.439875687648437e-28
7.255776165476724e-28
7.071672768807919e-28
6.887576491545259e-28
6.703498327592413e-28
6.519449270852723e-28
6.335440315229598e-28
6.151482454626571e-28
5.967586682947084e-28
5.783763994094747e-28
5.600025381972787e-28
5.416381840484808e-28
5.232844363534315e-28
5.049423945024601e-28
4.866131578859256e-28
4.682978258941785e-28
4.499974979175557e-28
4.317132733463973e-28
4.134462515710593e-28
3.951975319818973e-28
3.769682139692310e-28
3.587593969234275e-28
3.405721802348352e-28
3.224076632937846e-28
3.042669454906317e-28
2.861511262157191e-28
2.680613048594067e-28
2.499985808120171e-28
2.319640534639100e-28
2.139588222054487e-28
1.959839864269421e-28
1.780406455187609e-28
1.601298988712395e-28
1.422528458747427e-28
1.244105859195956e-28
1.066042183961511e-28
8.883484269476609e-29
7.110355820577323e-29
5.341146431952550e-29
3.575966042637223e-29
1.814924591664982e-29
5.813201807144175e-31
-1.694301739109784e-29
-3.442266740842651e-29
-5.185653048094360e-29
-6.924350721829577e-29
-8.658249823012149e-29
-1.038724041260970e-28
-1.211121255158689e-28
-1.383005630090869e-28
-1.554366172153973e-28
-1.725191887444687e-28
-1.895471782059515e-28
-2.065194862094879e-28
-2.234350133647431e-28
-2.402926602813745e-28
-2.570913275690281e-28
-2.738299158373544e-28
-2.905073256960182e-28
-3.071224577546698e-28
-3.236742126229509e-28
-3.401614909105350e-28
-3.565831932270599e-28
-3.729382201821796e-28
-3.892254723855639e-28
-4.054438504468500e-28
-4.215922549756964e-28
-4.376695865817564e-28
-4.536747458746876e-28
-4.696066334641441e-28
-4.854641499597716e-28
-5.012461959712360e-28
-5.169516721081870e-28
-5.325794789802742e-28
-5.481285171971429e-28
-5.635976873684679e-28
-5.789858901038904e-28
-5.942920260130598e-28
-6.095149957056384e-28
-6.246536997912756e-28
-6.397070388796253e-28
-6.546739135803497e-28
-6.695532245030940e-28
-6.843438722575164e-28
-6.990447591284390e-28
-7.136551425399557e-28
-7.281750722786461e-28
-7.426047053429373e-28
-7.569441987312787e-28
-7.711937094420974e-28
-7.853533944738210e-28
-7.994234108248913e-28
-8.134039154937497e-28
-8.272950654788241e-28
-8.410970177785417e-28
-8.548099293913514e-28
-8.684339573156804e-28
-8.819692585499569e-28
-8.954159900926290e-28
-9.087743089421243e-28
-9.220443720968775e-28
-9.352263365553167e-28
-9.483203593158896e-28
-9.613265973770243e-28
-9.742452077371422e-28
-9.870763473947041e-28
-9.998201733481316e-28
-1.012476842595859e-27
-1.025046512136315e-27
-1.037529338967946e-27
-1.049925480089182e-27
-1.062235092498449e-27
-1.074458333194196e-27
-1.086595359174851e-27
-1.098646327438841e-27
-1.110611394984615e-27
-1.122490718810594e-27
-1.134284455915225e-27
-1.145992763296931e-27
-1.157615797954158e-27
-1.169153716885335e-27
-1.180606677088890e-27
-1.191974835563271e-27
-1.203258349306905e-27
-1.214457375318227e-27
-1.225572070595666e-27
-1.236602592137668e-27
-1.247549096942663e-27
-1.258411742009078e-27
-1.269190684335355e-27
-1.279886080919932e-27
-1.290498088761241e-27
-1.301026864857709e-27
-1.311472566207781e-27
-1.321835349809888e-27
-1.332115372662459e-27
-1.342312791763938e-27
-1.352427764112754e-27
-1.362460446707339e-27
-1.372410996546136e-27
-1.382279570627574e-27
-1.392066325950084e-27
-1.401771419512104e-27
-1.411395008312075e-27
-1.420937249348427e-27
-1.430398299619588e-27
-1.439778316124003e-27
-1.449077455860102e-27
-1.458295875826319e-27
-1.467433733021085e-27
-1.476491184442844e-27
-1.485468387090024e-27
-1.494365497961057e-27
-1.503182674054386e-27
-1.511920072368437e-27
-1.520577849901648e-27
-1.529156163652459e-27
-1.537655170619299e-27
-1.546075027800604e-27
-1.554415892194804e-27
-1.562677920800342e-27
-1.570861270615648e-27
-1.578966098639153e-27
-1.586992561869299e-27
-1.594940817304517e-27
-1.602811021943241e-27
-1.610603332783900e-27
-1.618317906824941e-27
-1.625954901064793e-27
-1.633514472501887e-27
-1.640996778134663e-27
-1.648401974961554e-27
-1.655730219980990e-27
-1.662981670191413e-27
-1.670156482591254e-27
-1.677254814178948e-27
-1.684276821952924e-27
-1.691222662911627e-27
-1.698092494053485e-27
-1.704886472376928e-27
-1.711604754880403e-27
-1.718247498562338e-27
-1.724814860421168e-27
-1.731306997455324e-27
-1.737724066663247e-27
-1.744066225043368e-27
-1.750333629594120e-27
-1.756526437313942e-27
-1.762644805201267e-27
-1.768688890254525e-27
-1.774658849472158e-27
-1.780554839852594e-27
-1.786377018394274e-27
-1.792125542095626e-27
-1.797800567955091e-27
-1.803402252971100e-27
-1.808930754142085e-27
-1.814386228466487e-27
-1.819768832942737e-27
-1.825078724569270e-27
-1.830316060344518e-27
-1.835480997266920e-27
-1.840573692334909e-27
-1.845594302546917e-27
-1.850542984901380e-27
-1.855419896396736e-27
-1.860225194031417e-27
-1.864959034803856e-27
-1.869621575712491e-27
-1.874212973755754e-27
-1.878733385932079e-27
-1.883182969239905e-27
-1.887561880677662e-27
-1.891870277243785e-27
-1.896108315936711e-27
-1.900276153754874e-27
-1.904373947696706e-27
-1.908401854760643e-27
-1.912360031945123e-27
-1.916248636248577e-27
-1.920067824669439e-27
-1.923817754206146e-27
-1.927498581857132e-27
-1.931110464620831e-27
-1.934653559495676e-27
-1.938128023480104e-27
-1.941534013572550e-27
-1.944871686771446e-27
-1.948141200075229e-27
-1.951342710482332e-27
-1.954476374991189e-27
-1.957542350600239e-27
-1.960540794307912e-27
-1.963471863112645e-27
-1.966335714012869e-27
-1.969132504007024e-27
-1.971862390093541e-27
-1.974525529270855e-27
-1.977122078537401e-27
-1.979652194891615e-27
-1.982116035331929e-27
-1.984513756856777e-27
-1.986845516464598e-27
-1.989111471153824e-27
-1.991311777922888e-27
-1.993446593770227e-27
-1.995516075694276e-27
-1.997520380693466e-27
-1.999459665766236e-27
-2.001334087911018e-27
-2.003143804126248e-27
-2.004888971410358e-27
-2.006569746761785e-27
-2.008186287178964e-27
-2.009738749660326e-27
-2.011227291204310e-27
-2.012652068809349e-27
-2.014013239473877e-27
-2.015310960196328e-27
-2.016545387975139e-27
-2.017716679808742e-27
-2.018824992695573e-27
-2.019870483634066e-27
-2.020853309622657e-27
-2.021773627659779e-27
-2.022631594743867e-27
-2.023427367873355e-27
-2.024161104046679e-27
-2.024832960262272e-27
-2.025443093518570e-27
-2.025991660814007e-27
-2.026478819147019e-27
-2.026904725516038e-27
-2.027269536919499e-27
-2.027573410355839e-27
-2.027816502823490e-27
-2.027998971320889e-27
-2.028120972846468e-27
-2.028182664398663e-27
-2.028184202975908e-27
-2.028125745576639e-27
-2.028007449199289e-27
-2.027829470842294e-27
-2.027591967504086e-27
-2.027295096183103e-27
-2.026939013877778e-27
-2.026523877586545e-27
-2.026049844307839e-27
-2.025517071040095e-27
-2.024925714781747e-27
-2.024275932531231e-27
-2.023567881286979e-27
-2.022801718047429e-27
-2.021977599811013e-27
-2.021095683576166e-27
-2.020156126341323e-27
-2.019159085104918e-27
-2.018104716865387e-27
-2.016993178621163e-27
-2.015824627370682e-27
-2.014599220112377e-27
-2.013317113844684e-27
-2.011978465566038e-27
-2.010583432274871e-27
-2.009132170969621e-27
-2.007624838648721e-27
-2.006061592310604e-27
-2.004442588953707e-27
-2.002767985576462e-27
-2.001037939177307e-27
-1.999252606754674e-27
-1.997412145306999e-27
-1.995516711832717e-27
-1.993566463330259e-27
-1.991561556798064e-27
-1.989502149234564e-27
-1.987388397638197e-27
-1.985220459007392e-27
-1.982998490340588e-27
-1.980722648636218e-27
-1.978393090892716e-27
-1.976009974108518e-27
-1.973573455282059e-27
-1.971083691411770e-27
-1.968540839496090e-27
-1.965945056533451e-27
-1.963296499522290e-27
-1.960595325461038e-27
-1.957841691348132e-27
-1.955035754182009e-27
-1.952177670961098e-27
-1.949267598683836e-27
-1.946305694348658e-27
-1.943292114954000e-27
-1.940227017498294e-27
-1.937110558979975e-27
-1.933942896397480e-27
-1.930724186749241e-27
-1.927454587033693e-27
-1.924134254249273e-27
-1.920763345394412e-27
-1.917342017467548e-27
-1.913870427467112e-27
-1.910348732391542e-27
-1.906777089239270e-27
-1.903155655008731e-27
-1.899484586698362e-27
-1.895764041306595e-27
-1.891994175831864e-27
-1.888175147272606e-27
-1.884307112627256e-27
-1.880390228894247e-27
-1.876424653072012e-27
-1.872410542158990e-27
-1.868348053153613e-27
-1.864237343054314e-27
-1.860078568859528e-27
-1.855871887567694e-27
-1.851617456177241e-27
-1.847315431686606e-27
-1.842965971094226e-27
-1.838569231398530e-27
-1.834125369597957e-27
-1.829634542690942e-27
-1.825096907675916e-27
-1.820512621551315e-27
-1.815881841315577e-27
-1.811204723967134e-27
-1.806481426504417e-27
-1.801712105925865e-27
-1.796896919229913e-27
-1.792036023414992e-27
-1.787129575479539e-27
-1.782177732421989e-27
-1.777180651240777e-27
-1.772138488934335e-27
-1.767051402501098e-27
-1.761919548939506e-27
-1.756743085247986e-27
-1.751522168424978e-27
-1.746256955468914e-27
-1.740947603378227e-27
-1.735594269151354e-27
-1.730197109786729e-27
-1.724756282282790e-27
-1.719271943637965e-27
-1.713744250850693e-27
-1.708173360919410e-27
-1.702559430842545e-27
-1.696902617618537e-27
-1.691203078245818e-27
-1.685460969722831e-27
-1.679676449047997e-27
-1.673849673219756e-27
-1.667980799236549e-27
-1.662069984096802e-27
-1.656117384798952e-27
-1.650123158341439e-27
-1.644087461722689e-27
-1.638010451941141e-27
-1.631892285995230e-27
-1.625733120883393e-27
-1.619533113604058e-27
-1.613292421155666e-27
-1.607011200536649e-27
-1.600689608745439e-27
-1.594327802780472e-27
-1.587925939640184e-27
-1.581484176323012e-27
-1.575002669827385e-27
-1.568481577151740e-27
-1.561921055294515e-27
-1.555321261254138e-27
-1.548682352029048e-27
-1.542004484617682e-27
-1.535287816018467e-27
-1.528532503229846e-27
-1.521738703250246e-27
-1.514906573078109e-27
-1.508036269711862e-27
-1.501127950149942e-27
-1.494181771390789e-27
-1.487197890432830e-27
-1.480176464274504e-27
-1.473117649914245e-27
-1.466021604350489e-27
-1.458888484581666e-27
-1.451718447606213e-27
-1.444511650422573e-27
-1.437268250029166e-27
-1.429988403424432e-27
-1.422672267606807e-27
-1.415319999574729e-27
-1.407931756326626e-27
-1.400507694860935e-27
-1.393047972176095e-27
-1.385552745270534e-27
-1.378022171142689e-27
-1.370456406790998e-27
-1.362855609213890e-27
-1.355219935409801e-27
-1.347549542377171e-27
-1.339844587114429e-27
-1.332105226620009e-27
-1.324331617892347e-27
-1.316523917929882e-27
-1.308682283731041e-27
-1.300806872294262e-27
-1.292897840617980e-27
-1.284955345700633e-27
-1.276979544540649e-27
-1.268970594136466e-27
-1.260928651486521e-27
-1.252853873589247e-27
-1.244746417443073e-27
-1.236606440046438e-27
-1.228434098397782e-27
-1.220229549495528e-27
-1.211992950338118e-27
-1.203724457923990e-27
-1.195424229251569e-27
-1.187092421319295e-27
-1.178729191125607e-27
-1.170334695668931e-27
-1.161909091947705e-27
-1.153452536960363e-27
-1.144965187705350e-27
-1.136447201181083e-27
-1.127898734386005e-27
-1.119319944318554e-27
-1.110710987977157e-27
-1.102072022360252e-27
-1.093403204466274e-27
-1.084704691293663e-27
-1.075976639840844e-27
-1.067219207106256e-27
-1.058432550088339e-27
-1.049616825785516e-27
-1.040772191196234e-27
-1.031898803318919e-27
-1.022996819152004e-27
-1.014066395693930e-27
-1.005107689943127e-27
-9.961208588980360e-28
-9.871060595570840e-28
-9.780634489187082e-28
-9.689931839813493e-28
-9.598954217434309e-28
-9.507703192033934e-28
-9.416180333596777e-28
-9.324387212107050e-28
-9.232325397549212e-28
-9.139996459907531e-28
-9.047401969166439e-28
-8.954543495310173e-28
-8.861422608323129e-28
-8.768040878189724e-28
-8.674399874894183e-28
-8.580501168420911e-28
-8.486346328754246e-28
-8.391936925878593e-28
-8.297274529778208e-28
-8.202360710437456e-28
-8.107197037840795e-28
-8.011785081972389e-28
-7.916126412816675e-28
-7.820222600357987e-28
-7.724075214580736e-28
-7.627685825469151e-28
-7.531056003007642e-28
-7.434187317180596e-28
-7.337081337972277e-28
-7.239739635367070e-28
-7.142163779349345e-28
-7.044355339903393e-28
-6.946315887013592e-28
-6.848046990664321e-28
-6.749550220839893e-28
-6.650827147524592e-28
-6.551879340702833e-28
-6.452708370359001e-28
-6.353315806477343e-28
-6.253703219042255e-28
-6.153872178038082e-28
-6.053824253449220e-28
-5.953561015259915e-28
-5.853084033454564e-28
-5.752394878017562e-28
-5.651495118933206e-28
-5.550386326185790e-28
-5.449070069759711e-28
-5.347547919639365e-28
-5.245821445808999e-28
-5.143892218253006e-28
-5.041761806955786e-28
-4.939431781901581e-28
-4.836903713074789e-28
-4.734179170459807e-28
-4.631259724040878e-28
-4.528146943802400e-28
-4.424842399728718e-28
-4.321347661804281e-28
-4.217664300013231e-28
-4.113793884340014e-28
-4.009737984769030e-28
-3.905498171284520e-28
-3.801076013870881e-28
-3.696473082512461e-28
-3.591690947193658e-28
-3.486731177898712e-28
-3.381595344612022e-28
-3.276285017317987e-28
-3.170801766000847e-28
-3.065147160645053e-28
-2.959322771234899e-28
-2.853330167754678e-28
-2.747170920188789e-28
-2.640846598521578e-28
-2.534358772737443e-28
-2.427709012820624e-28
-2.320898888755521e-28
-2.213929970526533e-28
-2.106803828117898e-28
-1.999522031514017e-28
-1.892086150699235e-28
-1.784497755657952e-28
-1.676758416374460e-28
-1.568869702833052e-28
-1.460833185018181e-28
-1.352650432914085e-28
-1.244323016505162e-28
-1.135852505775816e-28
-1.027240470710282e-28
-9.184884812929617e-29
-8.095981075081986e-29
-7.005709193403960e-29
-5.914084867737883e-29
-4.821123797927777e-29
-3.726841683818195e-29
-2.631254225250397e-29
-1.534377122068942e-29
-4.362260741172892e-30
6.631832187605402e-30
1.763835056722209e-29
2.865713739923687e-29
3.968803568520969e-29
5.073088842671709e-29
6.178553862531886e-29
7.285182928257495e-29
8.392960340006173e-29
9.501870397933914e-29
1.061189740219671e-28
1.172302565295163e-28
1.283523945035579e-28
1.394852309456518e-28
1.506286088573577e-28
1.617823712402523e-28
1.729463610958955e-28
1.841204214258524e-28
1.953043952316829e-28
2.064981255149637e-28
2.177014552772546e-28
2.289142275201152e-28
2.401362852451169e-28
2.513674714538304e-28
2.626076291478156e-28
2.738566013286323e-28
2.851142309978571e-28
2.963803611570497e-28
3.076548348077701e-28
3.189374949515949e-28
3.302281845900836e-28
3.415267467247964e-28
3.528330243573097e-28
3.641468604891833e-28
3.754680981219828e-28
3.867965802572620e-28
3.981321498966091e-28
4.094746500415782e-28
4.208239236937288e-28
4.321798138546380e-28
4.435421635258653e-28
4.549108157089762e-28
4.662856134055306e-28
4.776663996171046e-28
4.890530173452587e-28
5.004453095915524e-28
5.118431193575624e-28
5.232462896448425e-28
5.346546634549641e-28
5.460680837894983e-28
5.574863936500046e-28
5.689094360380486e-28
5.803370539551897e-28
5.917690904030052e-28
6.032053883830546e-28
6.146457908968975e-28
6.260901409461106e-28
6.375382815322537e-28
6.489900556568925e-28
6.604453063215864e-28
6.719038765279065e-28
6.833656092774240e-28
6.948303475716931e-28
7.062979344122903e-28
7.177682128007753e-28
7.292410257387079e-28
7.407162162276649e-28
7.521936272692060e-28
7.636731018648966e-28
7.751544830162966e-28
7.866376137249826e-28
7.981223369925141e-28
8.096084958204455e-28
8.210959332103648e-28
8.325844921638260e-28
8.440740156823948e-28
8.555643467676305e-28
8.670553284211099e-28
8.785468036443932e-28
8.900386154390393e-28
9.015306068066260e-28
9.130226207487121e-28
9.245145002668580e-28
9.360060883626401e-28
9.474972280376182e-28
9.589877622933518e-28
9.704775341314123e-28
9.819663865533707e-28
9.934541625607870e-28
1.004940705155220e-27
1.016425857338248e-27
1.027909462111430e-27
1.039391362476330e-27
1.050871401434510e-27
1.062349421987545e-27
1.073825267136996e-27
1.085298779884422e-27
1.096769803231394e-27
1.108238180179483e-27
1.119703753730250e-27
1.131166366885254e-27
1.142625862646071e-27
1.154082084014261e-27
1.165534873991385e-27
1.176984075579018e-27
1.188429531778721e-27
1.199871085592052e-27
1.211308580020590e-27
1.222741858065894e-27
1.234170762729529e-27
1.245595137013049e-27
1.257014823918042e-27
1.268429666446062e-27
1.279839507598670e-27
1.291244190377442e-27
1.302643557783937e-27
1.314037452819721e-27
1.325425718486353e-27
1.336808197785412e-27
1.348184733718455e-27
1.359555169287043e-27
1.370919347492753e-27
1.382277111337139e-27
1.393628303821771e-27
1.404972767948222e-27
1.416310346718050e-27
1.427640883132821e-27
1.438964220194094e-27
1.450280200903448e-27
1.461588668262440e-27
1.472889465272632e-27
1.484182434935599e-27
1.495467420252901e-27
1.506744264226105e-27
1.518012809856769e-27
1.529272900146465e-27
1.540524378096763e-27
1.551767086709219e-27
1.563000868985407e-27
1.574225567926889e-27
1.585441026535225e-27
1.596647087811989e-27
1.607843594758744e-27
1.619030390377054e-27
1.630207317668477e-27
1.641374219634593e-27
1.652530939276959e-27
1.663677319597131e-27
1.674813203596696e-27
1.685938434277208e-27
1.697052854640233e-27
1.708156307687330e-27
1.719248636420077e-27
1.730329683840033e-27
1.741399292948758e-27
1.752457306747827e-27
1.763503568238802e-27
1.774537920423242e-27
1.785560206302724e-27
1.796570268878807e-27
1.807567951153051e-27
1.818553096127028e-27
1.829525546802307e-27
1.840485146180450e-27
1.851431737263015e-27
1.862365163051580e-27
1.873285266547704e-27
1.884191890752953e-27
1.895084878668886e-27
1.905964073297080e-27
1.916829317639095e-27
1.927680454696491e-27
1.938517327470838e-27
1.949339778963708e-27
1.960147652176661e-27
1.970940790111255e-27
1.981719035769069e-27
1.992482232151662e-27
2.003230222260592e-27
2.013962849097438e-27
2.024679955663759e-27
2.035381384961115e-27
2.046066979991081e-27
2.056736583755219e-27
2.067390039255094e-27
2.078027189492259e-27
2.088647877468303e-27
2.099251946184780e-27
2.109839238643248e-27
2.120409597845287e-27
2.130962866792454e-27
2.141498888486315e-27
2.152017505928431e-27
2.162518562120377e-27
2.173001900063714e-27
2.183467362760002e-27
2.193914793210816e-27
2.204344034417711e-27
2.214754929382260e-27
2.225147321106030e-27
2.235521052590584e-27
2.245875966837487e-27
2.256211906848297e-27
2.266528715624593e-27
2.276826236167932e-27
2.287104311479877e-27
2.297362784562002e-27
2.307601498415868e-27
2.317820296043041e-27
2.328019020445080e-27
2.338197514623556e-27
2.348355621580040e-27
2.358493184316086e-27
2.368610045833271e-27
2.378706049133154e-27
2.388781037217296e-27
2.398834853087273e-27
2.408867339744645e-27
2.418878340190977e-27
2.428867697427831e-27
2.438835254456780e-27
2.448780854279385e-27
2.458704339897202e-27
2.468605554311817e-27
2.478484340524784e-27
2.488340541537670e-27
2.498174000352034e-27
2.507984559969452e-27
2.517772063391485e-27
2.527536353619692e-27
2.537277273655649e-27
2.546994666500917e-27
2.556688375157056e-27
2.566358242625642e-27
2.576004111908233e-27
2.585625826006392e-27
2.595223227921689e-27
2.604796160655694e-27
2.614344467209967e-27
2.623867990586069e-27
2.633366573785576e-27
2.642840059810047e-27
2.652288291661047e-27
2.661711112340139e-27
2.671108364848896e-27
2.680479892188880e-27
2.689825537361650e-27
2.699145143368777e-27
2.708438553211832e-27
2.717705609892374e-27
2.726946156411965e-27
2.736160035772179e-27
2.745347090974578e-27
2.754507165020721e-27
2.763640100912184e-27
2.772745741650526e-27
2.781823930237310e-27
2.790874509674110e-27
2.799897322962486e-27
2.808892213104004e-27
2.817859023100221e-27
2.826797595952719e-27
2.835707774663056e-27
2.844589402232791e-27
2.853442321663500e-27
2.862266375956743e-27
2.871061408114086e-27
2.879827261137090e-27
2.888563778027328e-27
2.897270801786362e-27
2.905948175415754e-27
2.914595741917077e-27
2.923213344291887e-27
2.931800825541760e-27
2.940358028668252e-27
2.948884796672936e-27
2.957380972557373e-27
2.965846399323125e-27
2.974280919971767e-27
2.982684377504859e-27
2.991056614923961e-27
2.999397475230649e-27
3.007706801426483e-27
3.015984436513029e-27
3.024230223491847e-27
3.032444005364508e-27
3.040625625132580e-27
3.048774925797623e-27
3.056891750361207e-27
3.064975941824897e-27
3.073027343190250e-27
3.081045797458844e-27
3.089031147632238e-27
3.096983236711996e-27
3.104901907699683e-27
3.112787003596870e-27
3.120638367405119e-27
3.128455842125986e-27
3.136239270761055e-27
3.143988496311882e-27
3.151703361780032e-27
3.159383710167068e-27
3.167029384474561e-27
3.174640227704075e-27
3.182216082857170e-27
3.189756792935419e-27
3.197262200940383e-27
3.204732149873626e-27
3.212166482736719e-27
3.219565042531221e-27
3.226927672258703e-27
3.234254214920726e-27
3.241544513518860e-27
3.248798411054668e-27
3.256015750529712e-27
3.263196374945563e-27
3.270340127303785e-27
3.277446850605942e-27
3.284516387853597e-27
3.291548582048321e-27
3.298543276191678e-27
3.305500313285227e-27
3.312419536330538e-27
3.319300788329182e-27
3.326143912282718e-27
3.332948751192710e-27
3.339715148060728e-27
3.346442945888337e-27
3.353131987677097e-27
3.359782116428582e-27
3.366393175144351e-27
3.372965006825968e-27
3.379497454475005e-27
3.385990361093024e-27
3.392443569681587e-27
3.398856923242263e-27
3.405230264776620e-27
3.411563437286221e-27
3.417856283772626e-27
3.424108647237410e-27
3.430320370682133e-27
3.436491297108362e-27
3.442621269517658e-27
3.448710130911594e-27
3.454757724291731e-27
3.460763892659630e-27
3.466728479016866e-27
3.472651326364996e-27
3.478532277705591e-27
3.484371176040213e-27
3.490167864370431e-27
3.495922185697808e-27
3.501633983023907e-27
3.507303099350299e-27
3.512929377678547e-27
3.518512661010212e-27
3.524052792346866e-27
3.529549614690072e-27
3.535002971041395e-27
3.540412704402394e-27
3.545778657774648e-27
3.551100674159714e-27
3.556378596559156e-27
3.561612267974546e-27
3.566801531407444e-27
3.571946229859418e-27
3.577046206332029e-27
3.582101303826848e-27
3.587111365345439e-27
3.592076233889363e-27
3.596995752460192e-27
3.601869764059488e-27
3.606698111688812e-27
3.611480638349739e-27
3.616217187043830e-27
3.620907600772649e-27
3.625551722537760e-27
3.630149395340733e-27
3.634700462183131e-27
3.639204766066518e-27
3.643662149992464e-27
3.648072456962530e-27
3.652435529978281e-27
3.656751212041286e-27
3.661019346153107e-27
3.665239775315313e-27
3.669412342529464e-27
3.673536890797132e-27
3.677613263119879e-27
3.681641302499269e-27
3.685620851936870e-27
3.689551754434247e-27
3.693433852992965e-27
3.697266990614587e-27
3.701051010300683e-27
3.704785755052815e-27
3.708471067872549e-27
3.712106791761450e-27
3.715692769721086e-27
3.719228844753020e-27
3.722714859858818e-27
3.726150658040046e-27
3.729536082298269e-27
3.732870975635051e-27
3.736155181051960e-27
3.739388541550559e-27
3.742570900132415e-27
3.745702099799093e-27
3.748781983552159e-27
3.751810394393176e-27
3.754787175323711e-27
3.757712169345331e-27
3.760585219459600e-27
3.763406168668082e-27
3.766174859972345e-27
3.768891136373953e-27
3.771554840874471e-27
3.774165816475464e-27
3.776723906178501e-27
3.779228952985143e-27
3.781680799896956e-27
3.784079289915509e-27
3.786424266042362e-27
3.788715571279086e-27
3.790953048627243e-27
3.793136541088399e-27
3.795265891664121e-27
3.797340943355970e-27
3.799361539165517e-27
3.801327522094324e-27
3.803238735143956e-27
3.805095021315981e-27
3.806896223611964e-27
3.808642185033467e-27
3.810332748582058e-27
3.811967757259304e-27
3.813547054066768e-27
3.815070482006015e-27
3.816537884078612e-27
3.817949103286126e-27
3.819303982630118e-27
3.820602365112156e-27
3.821844093733806e-27
3.823029011496631e-27
3.824156961402198e-27
3.825227786452074e-27
3.826241329647821e-27
3.827197433991006e-27
3.828095942483195e-27
3.828936698125954e-27
3.829719543920846e-27
3.830444322869438e-27
3.831110877973295e-27
3.831719052233983e-27
3.832268688653066e-27
3.832759630232112e-27
3.833191719972683e-27
3.833564800876347e-27
3.833878715944669e-27
3.834133308179213e-27
3.834328420581545e-27
3.834463896153232e-27
3.834539577895838e-27
3.834555308810928e-27
3.834510931900068e-27
3.834406290164824e-27
3.834241226606761e-27
3.834015584227443e-27
3.833729206028438e-27
3.833381935011309e-27
3.832973614177622e-27
3.832504086528944e-27
3.831973195066838e-27
3.831380782792872e-27
3.830726692708609e-27
3.830010767815616e-27
3.829232851115458e-27
3.828392785609700e-27
3.827490414299907e-27
3.826525580187646e-27
3.825498126274481e-27
3.824407895561979e-27
3.823254731051703e-27
3.822038475745219e-27
3.820758972644094e-27
3.819416064749894e-27
3.818009595064181e-27
3.816539406588522e-27
3.815005342324485e-27
3.813407245273631e-27
3.811744958437527e-27
3.810018324817740e-27
3.808227187415835e-27
3.806371389233376e-27
3.804450773271929e-27
3.802465182533060e-27
3.800414460018333e-27
3.798298448729317e-27
3.796116991667571e-27
3.793869931834667e-27
3.791557112232166e-27
3.789178375861635e-27
3.786733565724641e-27
3.784222524822747e-27
3.781645096157518e-27
3.779001122730522e-27
3.776290447543323e-27
3.773512913597485e-27
3.770668363894575e-27
3.767756641436161e-27
3.764777589223804e-27
3.761731050259070e-27
3.758616867543526e-27
3.755434884078737e-27
3.752184942866267e-27
3.748866886907684e-27
3.745480559204553e-27
3.742025802758437e-27
3.738502460570902e-27
3.734910375643517e-27
3.731249390977842e-27
3.727519349575445e-27
3.723720094437897e-27
3.719851468566752e-27
3.715913314963582e-27
3.711905476629953e-27
3.707827796567429e-27
3.703680117777575e-27
3.699462283261957e-27
3.695174136022140e-27
3.690815519059690e-27
3.686386275376172e-27
3.681886247973151e-27
3.677315279852195e-27
3.672673214014868e-27
3.667959893462731e-27
3.663175161197357e-27
3.658318860220306e-27
3.653390833533143e-27
3.648390924137439e-27
3.643318975034752e-27
3.638174829226653e-27
3.632958329714704e-27
3.627669319500474e-27
3.622307641585527e-27
3.616873138971425e-27
3.611365654659739e-27
3.605785031652034e-27
3.600131112949868e-27
3.594403741554811e-27
3.588602760468434e-27
3.582728012692293e-27
3.576779341227957e-27
3.570756589076996e-27
3.564659599240968e-27
3.558488214721442e-27
3.552242278519987e-27
3.545921633638161e-27
3.539526123077532e-27
3.533055589839671e-27
3.526509876926138e-27
3.519888827338497e-27
3.513192284078315e-27
3.506420090147162e-27
3.499572088546596e-27
3.492648122278186e-27
3.485648034343496e-27
3.478571667744098e-27
3.471418865481549e-27
3.464189470557415e-27
3.456883325973269e-27
3.449500274730668e-27
3.442040159831184e-27
3.434502824276376e-27
3.426888111067815e-27
3.419195863207061e-27
3.411425923695683e-27
3.403578135535249e-27
3.395652341727317e-27
3.387648385273457e-27
3.379566109175238e-27
3.371405356434217e-27
3.363165970051965e-27
3.354847793030044e-27
3.346450668370032e-27
3.337974439073475e-27
3.329418948141947e-27
3.320784038577018e-27
3.312069553380245e-27
3.303275335553197e-27
3.294401228097442e-27
3.285447074014546e-27
3.276412716306068e-27
3.267297997973578e-27
3.258102762018644e-27
3.248826851442824e-27
3.239470109247689e-27
3.230032378434810e-27
3.220513502005737e-27
3.210913322962045e-27
3.201231684305294e-27
3.191468429037062e-27
3.181623400158900e-27
3.171696440672378e-27
3.161687393579070e-27
3.151596101880527e-27
3.141422408578323e-27
3.131166156674021e-27
3.120827189169193e-27
3.110405349065398e-27
3.099900479364198e-27
3.089312423067167e-27
3.078641023175861e-27
3.067886122691852e-27
3.057047564616706e-27
3.046125191951983e-27
3.035118847699251e-27
3.024028374860075e-27
3.012853616436028e-27
3.001594415428664e-27
2.990250614839551e-27
2.978822057670264e-27
2.967308586922360e-27
2.955710045597400e-27
2.944026276696955e-27
2.932257123222596e-27
2.920402428175877e-27
2.908462034558369e-27
2.896435785371643e-27
2.884323523617253e-27
2.872125092296771e-27
2.859840334411766e-27
2.847469092963794e-27
2.835011210954426e-27
2.822466531385232e-27
2.809834897257773e-27
2.797116151573608e-27
2.784310137334306e-27
2.771416697541443e-27
2.758435675196569e-27
2.745366913301255e-27
2.732210254857069e-27
2.718965542865581e-27
2.705632620328344e-27
2.692211330246930e-27
2.678701515622911e-27
2.665103019457840e-27
2.651415684753294e-27
2.637639354510825e-27
2.623773871732014e-27
2.609819079418412e-27
2.595774820571589e-27
2.581640938193120e-27
2.567417275284556e-27
2.553103674847468e-27
2.538699979883430e-27
2.524206033393993e-27
2.509621678380728e-27
2.494946757845204e-27
2.480181114788996e-27
2.465324592213644e-27
2.450377033120727e-27
2.435338280511816e-27
2.420208177388465e-27
2.404986566752245e-27
2.389673291604719e-27
2.374268194947466e-27
2.358771119782031e-27
2.343181909109987e-27
2.327500405932911e-27
2.311726453252351e-27
2.295859894069877e-27
2.279900571387076e-27
2.263848328205476e-27
2.247703007526664e-27
2.231464452352202e-27
2.215132505683662e-27
2.198707010522597e-27
2.182187809870579e-27
2.165574746729179e-27
2.148867664099951e-27
2.132066404984465e-27
2.115170812384286e-27
2.098180729300990e-27
2.081095998736134e-27
2.063916463691272e-27
2.046641967167990e-27
2.029272352167835e-27
2.011807461692380e-27
1.994247138743201e-27
1.976591226321844e-27
1.958839567429883e-27
1.940992005068885e-27
1.923048382240424e-27
1.905008541946047e-27
1.886872327187329e-27
1.868639580965843e-27
1.850310146283148e-27
1.831883866140798e-27
1.813360583540368e-27
1.794740141483433e-27
1.776022382971540e-27
1.757207151006262e-27
1.738294288589177e-27
1.719283638721829e-27
1.700175044405793e-27
1.680968348642646e-27
1.661663394433933e-27
1.642260024781227e-27
1.622758082686107e-27
1.603157411150125e-27
1.583457853174839e-27
1.563659251761823e-27
1.543761449912653e-27
1.523764290628875e-27
1.503667616912064e-27
1.483471271763785e-27
1.463175098185610e-27
1.442778939179091e-27
1.422282637745801e-27
1.401686036887315e-27
1.380988979605177e-27
1.360191308900974e-27
1.339292867776248e-27
1.318293499232591e-27
1.297193046271543e-27
1.275991351894683e-27
1.254688259103584e-27
1.233283610899791e-27
1.211777250284878e-27
1.190169020260427e-27
1.168458763827977e-27
1.146646323989106e-27
1.124731543745379e-27
1.102714266098382e-27
1.080594334049639e-27
1.058371590600737e-27
1.036045878753251e-27
1.013617041508725e-27
9.910849218687358e-28
9.684493628348447e-28
9.457102074086360e-28
9.228672985916485e-28
8.999204793854579e-28
8.768695927916437e-28
8.537144818117463e-28
8.304549894473392e-28
8.070909587000078e-28
7.836222325712893e-28
7.600486540627605e-28
7.363700661759890e-28
7.125863119125496e-28
6.886972342739825e-28
6.647026762618942e-28
6.406024808778122e-28
6.163964911232998e-28
5.920845499999359e-28
5.676665005092831e-28
5.431421856529256e-28
5.185114484323990e-28
4.937741318492828e-28
4.689300789051540e-28
4.439791326015535e-28
4.189211359400561e-28
3.937559319222459e-28
3.684833635496599e-28
3.431032738238767e-28
3.176155057464615e-28
2.920199023189887e-28
2.663163065430048e-28
2.405045614200842e-28
2.145845099518067e-28
1.885559951397109e-28
1.624188599853746e-28
1.361729474903654e-28
1.098181006562556e-28
8.335416248459333e-29
5.678097597695214e-29
3.009838413493904e-29
3.306229960035331e-30
-2.359564354614791e-29
-5.060739338204740e-29
-7.772917654608517e-29
-1.049611500367219e-28
-1.323034708523787e-28
-1.597562959914796e-28
-1.873197824524812e-28
-2.149940872338067e-28
-2.427793673338766e-28
-2.706757797511545e-28
-2.986834814840610e-28
-3.268026295310319e-28
-3.550333808904834e-28
-3.833758925608802e-28
-4.118303215406440e-28
-4.403968248281933e-28
-4.690755594219928e-28
-4.978666823204665e-28
-5.267703505220259e-28
-5.557867210251405e-28
-5.849159508282277e-28
-6.141581969297240e-28
-6.435136163280488e-28
-6.729823660216541e-28
)
;

boundaryField
{
    inlet
    {
        type            fixedValue;
        value           uniform 0;
    }
    outlet
    {
        type            zeroGradient;
    }
    wall
    {
        type            empty;
    }
}


// ************************************************************************* //
