/*--------------------------------*- C++ -*----------------------------------*\
| =========                 |                                                 |
| \\      /  F ield         | OpenFOAM: The Open Source CFD Toolbox           |
|  \\    /   O peration     | Version:  5.x                                   |
|   \\  /    A nd           | Web:      www.OpenFOAM.org                      |
|    \\/     M anipulation  |                                                 |
\*---------------------------------------------------------------------------*/
FoamFile
{
    version     2.0;
    format      ascii;
    class       volScalarField;
    location    "1";
    object       CH4;
}
// * * * * * * * * * * * * * * * * * * * * * * * * * * * * * * * * * * * * * //

dimensions      [0 0 0 0 0 0 0];

internalField   nonuniform List<scalar>
4335
(
5.516641392516795e-02
5.516641393065320e-02
5.516641393610049e-02
5.516641394150990e-02
5.516641394688152e-02
5.516641395221545e-02
5.516641395751176e-02
5.516641396277056e-02
5.516641396799191e-02
5.516641397317591e-02
5.516641397832264e-02
5.516641398343221e-02
5.516641398850469e-02
5.516641399354016e-02
5.516641399853873e-02
5.516641400350047e-02
5.516641400842547e-02
5.516641401331382e-02
5.516641401816561e-02
5.516641402298093e-02
5.516641402775985e-02
5.516641403250248e-02
5.516641403720889e-02
5.516641404187918e-02
5.516641404651344e-02
5.516641405111174e-02
5.516641405567418e-02
5.516641406020085e-02
5.516641406469183e-02
5.516641406914721e-02
5.516641407356707e-02
5.516641407795152e-02
5.516641408230062e-02
5.516641408661448e-02
5.516641409089316e-02
5.516641409513678e-02
5.516641409934541e-02
5.516641410351914e-02
5.516641410765806e-02
5.516641411176226e-02
5.516641411583181e-02
5.516641411986681e-02
5.516641412386736e-02
5.516641412783353e-02
5.516641413176541e-02
5.516641413566309e-02
5.516641413952666e-02
5.516641414335621e-02
5.516641414715181e-02
5.516641415091357e-02
5.516641415464156e-02
5.516641415833588e-02
5.516641416199661e-02
5.516641416562384e-02
5.516641416921767e-02
5.516641417277816e-02
5.516641417630543e-02
5.516641417979953e-02
5.516641418326058e-02
5.516641418668865e-02
5.516641419008383e-02
5.516641419344622e-02
5.516641419677589e-02
5.516641420007294e-02
5.516641420333745e-02
5.516641420656951e-02
5.516641420976921e-02
5.516641421293663e-02
5.516641421607187e-02
5.516641421917500e-02
5.516641422224613e-02
5.516641422528532e-02
5.516641422829269e-02
5.516641423126830e-02
5.516641423421225e-02
5.516641423712462e-02
5.516641424000551e-02
5.516641424285500e-02
5.516641424567317e-02
5.516641424846012e-02
5.516641425121594e-02
5.516641425394071e-02
5.516641425663450e-02
5.516641425929743e-02
5.516641426192957e-02
5.516641426453101e-02
5.516641426710184e-02
5.516641426964214e-02
5.516641427215201e-02
5.516641427463152e-02
5.516641427708078e-02
5.516641427949986e-02
5.516641428188885e-02
5.516641428424784e-02
5.516641428657692e-02
5.516641428887618e-02
5.516641429114569e-02
5.516641429338556e-02
5.516641429559586e-02
5.516641429777670e-02
5.516641429992814e-02
5.516641430205028e-02
5.516641430414321e-02
5.516641430620702e-02
5.516641430824179e-02
5.516641431024761e-02
5.516641431222457e-02
5.516641431417275e-02
5.516641431609225e-02
5.516641431798314e-02
5.516641431984553e-02
5.516641432167949e-02
5.516641432348511e-02
5.516641432526248e-02
5.516641432701169e-02
5.516641432873283e-02
5.516641433042598e-02
5.516641433209123e-02
5.516641433372866e-02
5.516641433533837e-02
5.516641433692045e-02
5.516641433847497e-02
5.516641434000204e-02
5.516641434150173e-02
5.516641434297413e-02
5.516641434441932e-02
5.516641434583741e-02
5.516641434722848e-02
5.516641434859260e-02
5.516641434992988e-02
5.516641435124040e-02
5.516641435252424e-02
5.516641435378149e-02
5.516641435501225e-02
5.516641435621659e-02
5.516641435739460e-02
5.516641435854638e-02
5.516641435967201e-02
5.516641436077158e-02
5.516641436184518e-02
5.516641436289288e-02
5.516641436391478e-02
5.516641436491098e-02
5.516641436588155e-02
5.516641436682658e-02
5.516641436774616e-02
5.516641436864039e-02
5.516641436950933e-02
5.516641437035309e-02
5.516641437117175e-02
5.516641437196540e-02
5.516641437273412e-02
5.516641437347800e-02
5.516641437419714e-02
5.516641437489161e-02
5.516641437556152e-02
5.516641437620692e-02
5.516641437682793e-02
5.516641437742464e-02
5.516641437799711e-02
5.516641437854545e-02
5.516641437906974e-02
5.516641437957007e-02
5.516641438004652e-02
5.516641438049918e-02
5.516641438092815e-02
5.516641438133350e-02
5.516641438171533e-02
5.516641438207372e-02
5.516641438240876e-02
5.516641438272054e-02
5.516641438300914e-02
5.516641438327467e-02
5.516641438351718e-02
5.516641438373679e-02
5.516641438393357e-02
5.516641438410761e-02
5.516641438425901e-02
5.516641438438784e-02
5.516641438449420e-02
5.516641438457817e-02
5.516641438463984e-02
5.516641438467930e-02
5.516641438469664e-02
5.516641438469193e-02
5.516641438466528e-02
5.516641438461677e-02
5.516641438454648e-02
5.516641438445451e-02
5.516641438434093e-02
5.516641438420584e-02
5.516641438404933e-02
5.516641438387148e-02
5.516641438367238e-02
5.516641438345212e-02
5.516641438321079e-02
5.516641438294847e-02
5.516641438266524e-02
5.516641438236121e-02
5.516641438203645e-02
5.516641438169106e-02
5.516641438132511e-02
5.516641438093871e-02
5.516641438053192e-02
5.516641438010485e-02
5.516641437965759e-02
5.516641437919020e-02
5.516641437870280e-02
5.516641437819546e-02
5.516641437766827e-02
5.516641437712132e-02
5.516641437655469e-02
5.516641437596848e-02
5.516641437536276e-02
5.516641437473763e-02
5.516641437409318e-02
5.516641437342949e-02
5.516641437274666e-02
5.516641437204476e-02
5.516641437132389e-02
5.516641437058412e-02
5.516641436982556e-02
5.516641436904829e-02
5.516641436825239e-02
5.516641436743796e-02
5.516641436660508e-02
5.516641436575383e-02
5.516641436488431e-02
5.516641436399660e-02
5.516641436309080e-02
5.516641436216697e-02
5.516641436122523e-02
5.516641436026565e-02
5.516641435928833e-02
5.516641435829333e-02
5.516641435728076e-02
5.516641435625071e-02
5.516641435520326e-02
5.516641435413849e-02
5.516641435305650e-02
5.516641435195738e-02
5.516641435084121e-02
5.516641434970807e-02
5.516641434855805e-02
5.516641434739126e-02
5.516641434620776e-02
5.516641434500765e-02
5.516641434379101e-02
5.516641434255794e-02
5.516641434130852e-02
5.516641434004284e-02
5.516641433876098e-02
5.516641433746303e-02
5.516641433614909e-02
5.516641433481923e-02
5.516641433347355e-02
5.516641433211213e-02
5.516641433073507e-02
5.516641432934244e-02
5.516641432793434e-02
5.516641432651085e-02
5.516641432507206e-02
5.516641432361805e-02
5.516641432214893e-02
5.516641432066477e-02
5.516641431916566e-02
5.516641431765168e-02
5.516641431612293e-02
5.516641431457950e-02
5.516641431302146e-02
5.516641431144891e-02
5.516641430986194e-02
5.516641430826063e-02
5.516641430664507e-02
5.516641430501536e-02
5.516641430337156e-02
5.516641430171378e-02
5.516641430004210e-02
5.516641429835661e-02
5.516641429665739e-02
5.516641429494454e-02
5.516641429321813e-02
5.516641429147827e-02
5.516641428972503e-02
5.516641428795850e-02
5.516641428617877e-02
5.516641428438594e-02
5.516641428258007e-02
5.516641428076127e-02
5.516641427892963e-02
5.516641427708522e-02
5.516641427522813e-02
5.516641427335846e-02
5.516641427147629e-02
5.516641426958171e-02
5.516641426767480e-02
5.516641426575566e-02
5.516641426382436e-02
5.516641426188101e-02
5.516641425992568e-02
5.516641425795846e-02
5.516641425597944e-02
5.516641425398872e-02
5.516641425198636e-02
5.516641424997247e-02
5.516641424794713e-02
5.516641424591043e-02
5.516641424386246e-02
5.516641424180330e-02
5.516641423973304e-02
5.516641423765176e-02
5.516641423555957e-02
5.516641423345654e-02
5.516641423134275e-02
5.516641422921830e-02
5.516641422708329e-02
5.516641422493778e-02
5.516641422278187e-02
5.516641422061565e-02
5.516641421843922e-02
5.516641421625263e-02
5.516641421405601e-02
5.516641421184942e-02
5.516641420963295e-02
5.516641420740670e-02
5.516641420517075e-02
5.516641420292519e-02
5.516641420067010e-02
5.516641419840557e-02
5.516641419613171e-02
5.516641419384857e-02
5.516641419155626e-02
5.516641418925487e-02
5.516641418694447e-02
5.516641418462516e-02
5.516641418229703e-02
5.516641417996016e-02
5.516641417761464e-02
5.516641417526057e-02
5.516641417289801e-02
5.516641417052707e-02
5.516641416814783e-02
5.516641416576038e-02
5.516641416336480e-02
5.516641416096119e-02
5.516641415854963e-02
5.516641415613020e-02
5.516641415370301e-02
5.516641415126812e-02
5.516641414882564e-02
5.516641414637564e-02
5.516641414391822e-02
5.516641414145346e-02
5.516641413898146e-02
5.516641413650229e-02
5.516641413401605e-02
5.516641413152282e-02
5.516641412902269e-02
5.516641412651575e-02
5.516641412400209e-02
5.516641412148179e-02
5.516641411895493e-02
5.516641411642163e-02
5.516641411388194e-02
5.516641411133597e-02
5.516641410878379e-02
5.516641410622550e-02
5.516641410366120e-02
5.516641410109095e-02
5.516641409851486e-02
5.516641409593300e-02
5.516641409334547e-02
5.516641409075235e-02
5.516641408815374e-02
5.516641408554971e-02
5.516641408294036e-02
5.516641408032577e-02
5.516641407770603e-02
5.516641407508123e-02
5.516641407245146e-02
5.516641406981680e-02
5.516641406717733e-02
5.516641406453316e-02
5.516641406188436e-02
5.516641405923103e-02
5.516641405657325e-02
5.516641405391111e-02
5.516641405124469e-02
5.516641404857408e-02
5.516641404589938e-02
5.516641404322066e-02
5.516641404053802e-02
5.516641403785155e-02
5.516641403516132e-02
5.516641403246743e-02
5.516641402976997e-02
5.516641402706902e-02
5.516641402436467e-02
5.516641402165701e-02
5.516641401894613e-02
5.516641401623211e-02
5.516641401351504e-02
5.516641401079501e-02
5.516641400807210e-02
5.516641400534641e-02
5.516641400261801e-02
5.516641399988701e-02
5.516641399715349e-02
5.516641399441752e-02
5.516641399167921e-02
5.516641398893864e-02
5.516641398619589e-02
5.516641398345105e-02
5.516641398070422e-02
5.516641397795546e-02
5.516641397520489e-02
5.516641397245259e-02
5.516641396969863e-02
5.516641396694311e-02
5.516641396418612e-02
5.516641396142774e-02
5.516641395866807e-02
5.516641395590717e-02
5.516641395314516e-02
5.516641395038211e-02
5.516641394761811e-02
5.516641394485325e-02
5.516641394208761e-02
5.516641393932129e-02
5.516641393655437e-02
5.516641393378693e-02
5.516641393101908e-02
5.516641392825088e-02
5.516641392548244e-02
5.516641392271383e-02
5.516641391994515e-02
5.516641391717649e-02
5.516641391440792e-02
5.516641391163955e-02
5.516641390887145e-02
5.516641390610371e-02
5.516641390333642e-02
5.516641390056968e-02
5.516641389780355e-02
5.516641389503815e-02
5.516641389227354e-02
5.516641388950982e-02
5.516641388674708e-02
5.516641388398540e-02
5.516641388122487e-02
5.516641387846558e-02
5.516641387570761e-02
5.516641387295106e-02
5.516641387019601e-02
5.516641386744255e-02
5.516641386469076e-02
5.516641386194074e-02
5.516641385919256e-02
5.516641385644633e-02
5.516641385370212e-02
5.516641385096003e-02
5.516641384822014e-02
5.516641384548253e-02
5.516641384274730e-02
5.516641384001453e-02
5.516641383728432e-02
5.516641383455674e-02
5.516641383183189e-02
5.516641382910985e-02
5.516641382639072e-02
5.516641382367457e-02
5.516641382096150e-02
5.516641381825159e-02
5.516641381554493e-02
5.516641381284162e-02
5.516641381014172e-02
5.516641380744534e-02
5.516641380475256e-02
5.516641380206348e-02
5.516641379937816e-02
5.516641379669671e-02
5.516641379401921e-02
5.516641379134574e-02
5.516641378867641e-02
5.516641378601129e-02
5.516641378335047e-02
5.516641378069403e-02
5.516641377804208e-02
5.516641377539468e-02
5.516641377275194e-02
5.516641377011394e-02
5.516641376748076e-02
5.516641376485250e-02
5.516641376222923e-02
5.516641375961106e-02
5.516641375699806e-02
5.516641375439032e-02
5.516641375178793e-02
5.516641374919099e-02
5.516641374659957e-02
5.516641374401376e-02
5.516641374143366e-02
5.516641373885934e-02
5.516641373629090e-02
5.516641373372842e-02
5.516641373117200e-02
5.516641372862171e-02
5.516641372607765e-02
5.516641372353989e-02
5.516641372100855e-02
5.516641371848369e-02
5.516641371596540e-02
5.516641371345379e-02
5.516641371094892e-02
5.516641370845089e-02
5.516641370595978e-02
5.516641370347569e-02
5.516641370099870e-02
5.516641369852890e-02
5.516641369606638e-02
5.516641369361121e-02
5.516641369116350e-02
5.516641368872333e-02
5.516641368629078e-02
5.516641368386595e-02
5.516641368144892e-02
5.516641367903977e-02
5.516641367663860e-02
5.516641367424550e-02
5.516641367186055e-02
5.516641366948383e-02
5.516641366711544e-02
5.516641366475547e-02
5.516641366240400e-02
5.516641366006111e-02
5.516641365772691e-02
5.516641365540146e-02
5.516641365308486e-02
5.516641365077721e-02
5.516641364847858e-02
5.516641364618907e-02
5.516641364390875e-02
5.516641364163772e-02
5.516641363937607e-02
5.516641363712389e-02
5.516641363488125e-02
5.516641363264825e-02
5.516641363042498e-02
5.516641362821152e-02
5.516641362600797e-02
5.516641362381439e-02
5.516641362163090e-02
5.516641361945757e-02
5.516641361729450e-02
5.516641361514175e-02
5.516641361299945e-02
5.516641361086765e-02
5.516641360874645e-02
5.516641360663593e-02
5.516641360453620e-02
5.516641360244733e-02
5.516641360036941e-02
5.516641359830254e-02
5.516641359624678e-02
5.516641359420224e-02
5.516641359216900e-02
5.516641359014715e-02
5.516641358813677e-02
5.516641358613796e-02
5.516641358415080e-02
5.516641358217538e-02
5.516641358021179e-02
5.516641357826010e-02
5.516641357632042e-02
5.516641357439283e-02
5.516641357247741e-02
5.516641357057426e-02
5.516641356868346e-02
5.516641356680509e-02
5.516641356493926e-02
5.516641356308603e-02
5.516641356124551e-02
5.516641355941778e-02
5.516641355760293e-02
5.516641355580103e-02
5.516641355401219e-02
5.516641355223648e-02
5.516641355047400e-02
5.516641354872484e-02
5.516641354698908e-02
5.516641354526681e-02
5.516641354355811e-02
5.516641354186307e-02
5.516641354018179e-02
5.516641353851434e-02
5.516641353686082e-02
5.516641353522132e-02
5.516641353359591e-02
5.516641353198470e-02
5.516641353038777e-02
5.516641352880518e-02
5.516641352723706e-02
5.516641352568348e-02
5.516641352414452e-02
5.516641352262027e-02
5.516641352111083e-02
5.516641351961627e-02
5.516641351813669e-02
5.516641351667217e-02
5.516641351522281e-02
5.516641351378868e-02
5.516641351236989e-02
5.516641351096650e-02
5.516641350957861e-02
5.516641350820631e-02
5.516641350684970e-02
5.516641350550884e-02
5.516641350418383e-02
5.516641350287477e-02
5.516641350158173e-02
5.516641350030480e-02
5.516641349904407e-02
5.516641349779964e-02
5.516641349657157e-02
5.516641349535998e-02
5.516641349416494e-02
5.516641349298652e-02
5.516641349182484e-02
5.516641349067997e-02
5.516641348955201e-02
5.516641348844104e-02
5.516641348734713e-02
5.516641348627040e-02
5.516641348521091e-02
5.516641348416876e-02
5.516641348314404e-02
5.516641348213683e-02
5.516641348114722e-02
5.516641348017531e-02
5.516641347922117e-02
5.516641347828489e-02
5.516641347736656e-02
5.516641347646627e-02
5.516641347558411e-02
5.516641347472016e-02
5.516641347387451e-02
5.516641347304726e-02
5.516641347223847e-02
5.516641347144826e-02
5.516641347067669e-02
5.516641346992386e-02
5.516641346918986e-02
5.516641346847477e-02
5.516641346777869e-02
5.516641346710169e-02
5.516641346644387e-02
5.516641346580531e-02
5.516641346518610e-02
5.516641346458633e-02
5.516641346400609e-02
5.516641346344546e-02
5.516641346290454e-02
5.516641346238340e-02
5.516641346188213e-02
5.516641346140084e-02
5.516641346093959e-02
5.516641346049848e-02
5.516641346007761e-02
5.516641345967704e-02
5.516641345929687e-02
5.516641345893719e-02
5.516641345859809e-02
5.516641345827965e-02
5.516641345798196e-02
5.516641345770511e-02
5.516641345744919e-02
5.516641345721428e-02
5.516641345700048e-02
5.516641345680786e-02
5.516641345663652e-02
5.516641345648654e-02
5.516641345635802e-02
5.516641345625103e-02
5.516641345616567e-02
5.516641345610202e-02
5.516641345606017e-02
5.516641345604022e-02
5.516641345604224e-02
5.516641345606632e-02
5.516641345611255e-02
5.516641345618103e-02
5.516641345627182e-02
5.516641345638504e-02
5.516641345652076e-02
5.516641345667905e-02
5.516641345686003e-02
5.516641345706378e-02
5.516641345729038e-02
5.516641345753991e-02
5.516641345781247e-02
5.516641345810814e-02
5.516641345842702e-02
5.516641345876918e-02
5.516641345913472e-02
5.516641345952372e-02
5.516641345993628e-02
5.516641346037247e-02
5.516641346083239e-02
5.516641346131613e-02
5.516641346182376e-02
5.516641346235539e-02
5.516641346291109e-02
5.516641346349095e-02
5.516641346409507e-02
5.516641346472352e-02
5.516641346537641e-02
5.516641346605380e-02
5.516641346675580e-02
5.516641346748248e-02
5.516641346823394e-02
5.516641346901027e-02
5.516641346981155e-02
5.516641347063786e-02
5.516641347148930e-02
5.516641347236596e-02
5.516641347326792e-02
5.516641347419526e-02
5.516641347514809e-02
5.516641347612648e-02
5.516641347713051e-02
5.516641347816029e-02
5.516641347921589e-02
5.516641348029741e-02
5.516641348140493e-02
5.516641348253853e-02
5.516641348369831e-02
5.516641348488437e-02
5.516641348609676e-02
5.516641348733560e-02
5.516641348860097e-02
5.516641348989294e-02
5.516641349121162e-02
5.516641349255709e-02
5.516641349392944e-02
5.516641349532875e-02
5.516641349675511e-02
5.516641349820860e-02
5.516641349968933e-02
5.516641350119737e-02
5.516641350273281e-02
5.516641350429574e-02
5.516641350588625e-02
5.516641350750442e-02
5.516641350915034e-02
5.516641351082410e-02
5.516641351252578e-02
5.516641351425549e-02
5.516641351601329e-02
5.516641351779928e-02
5.516641351961354e-02
5.516641352145618e-02
5.516641352332726e-02
5.516641352522689e-02
5.516641352715513e-02
5.516641352911209e-02
5.516641353109786e-02
5.516641353311251e-02
5.516641353515614e-02
5.516641353722884e-02
5.516641353933067e-02
5.516641354146176e-02
5.516641354362217e-02
5.516641354581200e-02
5.516641354803132e-02
5.516641355028024e-02
5.516641355255882e-02
5.516641355486718e-02
5.516641355720538e-02
5.516641355957353e-02
5.516641356197170e-02
5.516641356439999e-02
5.516641356685847e-02
5.516641356934725e-02
5.516641357186641e-02
5.516641357441602e-02
5.516641357699618e-02
5.516641357960699e-02
5.516641358224852e-02
5.516641358492087e-02
5.516641358762412e-02
5.516641359035836e-02
5.516641359312367e-02
5.516641359592015e-02
5.516641359874788e-02
5.516641360160695e-02
5.516641360449745e-02
5.516641360741946e-02
5.516641361037307e-02
5.516641361335837e-02
5.516641361637544e-02
5.516641361942438e-02
5.516641362250527e-02
5.516641362561821e-02
5.516641362876326e-02
5.516641363194053e-02
5.516641363515011e-02
5.516641363839207e-02
5.516641364166651e-02
5.516641364497351e-02
5.516641364831316e-02
5.516641365168556e-02
5.516641365509078e-02
5.516641365852891e-02
5.516641366200004e-02
5.516641366550427e-02
5.516641366904167e-02
5.516641367261233e-02
5.516641367621635e-02
5.516641367985380e-02
5.516641368352479e-02
5.516641368722938e-02
5.516641369096768e-02
5.516641369473976e-02
5.516641369854573e-02
5.516641370238565e-02
5.516641370625963e-02
5.516641371016775e-02
5.516641371411009e-02
5.516641371808675e-02
5.516641372209781e-02
5.516641372614336e-02
5.516641373022348e-02
5.516641373433828e-02
5.516641373848782e-02
5.516641374267220e-02
5.516641374689150e-02
5.516641375114582e-02
5.516641375543525e-02
5.516641375975986e-02
5.516641376411974e-02
5.516641376851500e-02
5.516641377294570e-02
5.516641377741194e-02
5.516641378191381e-02
5.516641378645139e-02
5.516641379102478e-02
5.516641379563406e-02
5.516641380027931e-02
5.516641380496062e-02
5.516641380967809e-02
5.516641381443179e-02
5.516641381922182e-02
5.516641382404826e-02
5.516641382891121e-02
5.516641383381075e-02
5.516641383874697e-02
5.516641384371994e-02
5.516641384872977e-02
5.516641385377654e-02
5.516641385886033e-02
5.516641386398124e-02
5.516641386913935e-02
5.516641387433475e-02
5.516641387956753e-02
5.516641388483777e-02
5.516641389014556e-02
5.516641389549099e-02
5.516641390087414e-02
5.516641390629470e-02
5.516641391175137e-02
5.516641391724279e-02
5.516641392276756e-02
5.516641392832429e-02
5.516641393391160e-02
5.516641393952808e-02
5.516641394517237e-02
5.516641395084305e-02
5.516641395653876e-02
5.516641396225809e-02
5.516641396799966e-02
5.516641397376208e-02
5.516641397954396e-02
5.516641398534391e-02
5.516641399116053e-02
5.516641399699246e-02
5.516641400283828e-02
5.516641400869662e-02
5.516641401456608e-02
5.516641402044528e-02
5.516641402633282e-02
5.516641403222732e-02
5.516641403812739e-02
5.516641404403164e-02
5.516641404993868e-02
5.516641405584712e-02
5.516641406175556e-02
5.516641406766263e-02
5.516641407356693e-02
5.516641407946708e-02
5.516641408536168e-02
5.516641409124935e-02
5.516641409712869e-02
5.516641410299832e-02
5.516641410885684e-02
5.516641411470288e-02
5.516641412053504e-02
5.516641412635193e-02
5.516641413215215e-02
5.516641413793433e-02
5.516641414369707e-02
5.516641414943898e-02
5.516641415515868e-02
5.516641416085477e-02
5.516641416652587e-02
5.516641417217059e-02
5.516641417778753e-02
5.516641418337532e-02
5.516641418893255e-02
5.516641419445784e-02
5.516641419994980e-02
5.516641420540705e-02
5.516641421082819e-02
5.516641421621183e-02
5.516641422155658e-02
5.516641422686106e-02
5.516641423212388e-02
5.516641423734364e-02
5.516641424251897e-02
5.516641424764845e-02
5.516641425273072e-02
5.516641425776438e-02
5.516641426274804e-02
5.516641426768031e-02
5.516641427255981e-02
5.516641427738513e-02
5.516641428215491e-02
5.516641428686773e-02
5.516641429152222e-02
5.516641429611699e-02
5.516641430065065e-02
5.516641430512180e-02
5.516641430952907e-02
5.516641431387105e-02
5.516641431814637e-02
5.516641432235362e-02
5.516641432649143e-02
5.516641433055840e-02
5.516641433455315e-02
5.516641433847428e-02
5.516641434232041e-02
5.516641434609014e-02
5.516641434978209e-02
5.516641435339487e-02
5.516641435692709e-02
5.516641436037736e-02
5.516641436374429e-02
5.516641436702649e-02
5.516641437022257e-02
5.516641437333115e-02
5.516641437635083e-02
5.516641437928022e-02
5.516641438211795e-02
5.516641438486260e-02
5.516641438751280e-02
5.516641439006717e-02
5.516641439252430e-02
5.516641439488281e-02
5.516641439714132e-02
5.516641439929842e-02
5.516641440135273e-02
5.516641440330287e-02
5.516641440514745e-02
5.516641440688506e-02
5.516641440851434e-02
5.516641441003388e-02
5.516641441144229e-02
5.516641441273820e-02
5.516641441392021e-02
5.516641441498692e-02
5.516641441593696e-02
5.516641441676892e-02
5.516641441748144e-02
5.516641441807309e-02
5.516641441854252e-02
5.516641441888832e-02
5.516641441910911e-02
5.516641441920349e-02
5.516641441917008e-02
5.516641441900749e-02
5.516641441871432e-02
5.516641441828920e-02
5.516641441773073e-02
5.516641441703751e-02
5.516641441620818e-02
5.516641441524132e-02
5.516641441413556e-02
5.516641441288950e-02
5.516641441150175e-02
5.516641440997094e-02
5.516641440829566e-02
5.516641440647452e-02
5.516641440450615e-02
5.516641440238915e-02
5.516641440012213e-02
5.516641439770370e-02
5.516641439513247e-02
5.516641439240706e-02
5.516641438952606e-02
5.516641438648810e-02
5.516641438329179e-02
5.516641437993573e-02
5.516641437641855e-02
5.516641437273884e-02
5.516641436889521e-02
5.516641436488629e-02
5.516641436071067e-02
5.516641435636698e-02
5.516641435185383e-02
5.516641434716981e-02
5.516641434231355e-02
5.516641433728365e-02
5.516641433207872e-02
5.516641432669739e-02
5.516641432113825e-02
5.516641431539992e-02
5.516641430948100e-02
5.516641430338012e-02
5.516641429709587e-02
5.516641429062688e-02
5.516641428397175e-02
5.516641427712909e-02
5.516641427009752e-02
5.516641426287564e-02
5.516641425546207e-02
5.516641424785541e-02
5.516641424005428e-02
5.516641423205729e-02
5.516641422386304e-02
5.516641421547015e-02
5.516641420687723e-02
5.516641419808290e-02
5.516641418908576e-02
5.516641417988442e-02
5.516641417047750e-02
5.516641416086359e-02
5.516641415104133e-02
5.516641414100931e-02
5.516641413076614e-02
5.516641412031045e-02
5.516641410964083e-02
5.516641409875590e-02
5.516641408765427e-02
5.516641407633455e-02
5.516641406479536e-02
5.516641405303530e-02
5.516641404105298e-02
5.516641402884701e-02
5.516641401641601e-02
5.516641400375859e-02
5.516641399087335e-02
5.516641397775891e-02
5.516641396441388e-02
5.516641395083687e-02
5.516641393702648e-02
5.516641392298134e-02
5.516641390870006e-02
5.516641389418123e-02
5.516641387942348e-02
5.516641386442540e-02
5.516641384918563e-02
5.516641383370276e-02
5.516641381797541e-02
5.516641380200218e-02
5.516641378578170e-02
5.516641376931256e-02
5.516641375259339e-02
5.516641373562278e-02
5.516641371839936e-02
5.516641370092173e-02
5.516641368318850e-02
5.516641366519828e-02
5.516641364694969e-02
5.516641362844135e-02
5.516641360967184e-02
5.516641359063999e-02
5.516641357134911e-02
5.516641355180708e-02
5.516641353202192e-02
5.516641351200170e-02
5.516641349175445e-02
5.516641347128824e-02
5.516641345061109e-02
5.516641342973106e-02
5.516641340865620e-02
5.516641338739456e-02
5.516641336595418e-02
5.516641334434311e-02
5.516641332256940e-02
5.516641330064110e-02
5.516641327856625e-02
5.516641325635290e-02
5.516641323400911e-02
5.516641321154291e-02
5.516641318896235e-02
5.516641316627549e-02
5.516641314349037e-02
5.516641312061504e-02
5.516641309765753e-02
5.516641307462592e-02
5.516641305152824e-02
5.516641302837253e-02
5.516641300516686e-02
5.516641298191925e-02
5.516641295863777e-02
5.516641293533046e-02
5.516641291200537e-02
5.516641288867053e-02
5.516641286533402e-02
5.516641284200386e-02
5.516641281868811e-02
5.516641279539482e-02
5.516641277213202e-02
5.516641274890779e-02
5.516641272573015e-02
5.516641270260715e-02
5.516641267954685e-02
5.516641265655729e-02
5.516641263364652e-02
5.516641261082259e-02
5.516641258809354e-02
5.516641256546743e-02
5.516641254295230e-02
5.516641252055619e-02
5.516641249828716e-02
5.516641247615325e-02
5.516641245416252e-02
5.516641243232300e-02
5.516641241064275e-02
5.516641238912981e-02
5.516641236779223e-02
5.516641234663807e-02
5.516641232567536e-02
5.516641230491216e-02
5.516641228435650e-02
5.516641226401645e-02
5.516641224390004e-02
5.516641222401533e-02
5.516641220437037e-02
5.516641218497319e-02
5.516641216583186e-02
5.516641214695440e-02
5.516641212834889e-02
5.516641211002336e-02
5.516641209198585e-02
5.516641207424442e-02
5.516641205680712e-02
5.516641203968198e-02
5.516641202287707e-02
5.516641200640043e-02
5.516641199026010e-02
5.516641197446413e-02
5.516641195902058e-02
5.516641194393748e-02
5.516641192922289e-02
5.516641191488485e-02
5.516641190093142e-02
5.516641188737063e-02
5.516641187421055e-02
5.516641186145920e-02
5.516641184912465e-02
5.516641183721493e-02
5.516641182573812e-02
5.516641181470222e-02
5.516641180411531e-02
5.516641179398544e-02
5.516641178432064e-02
5.516641177512897e-02
5.516641176641847e-02
5.516641175819720e-02
5.516641175047319e-02
5.516641174325450e-02
5.516641173654917e-02
5.516641173036525e-02
5.516641172471080e-02
5.516641171959386e-02
5.516641171502246e-02
5.516641171100467e-02
5.516641170754853e-02
5.516641170466209e-02
5.516641170235340e-02
5.516641170063050e-02
5.516641169950144e-02
5.516641169897421e-02
5.516641169903071e-02
5.516641169958573e-02
5.516641170054346e-02
5.516641170180807e-02
5.516641170328373e-02
5.516641170487462e-02
5.516641170648490e-02
5.516641170801877e-02
5.516641170938039e-02
5.516641171047393e-02
5.516641171120357e-02
5.516641171147348e-02
5.516641171118784e-02
5.516641171025082e-02
5.516641170856660e-02
5.516641170603935e-02
5.516641170257325e-02
5.516641169807246e-02
5.516641169244117e-02
5.516641168558355e-02
5.516641167740376e-02
5.516641166780600e-02
5.516641165669442e-02
5.516641164397321e-02
5.516641162954655e-02
5.516641161331859e-02
5.516641159519352e-02
5.516641157507552e-02
5.516641155286876e-02
5.516641152847740e-02
5.516641150180563e-02
5.516641147275762e-02
5.516641144123755e-02
5.516641140714958e-02
5.516641137039789e-02
5.516641133088667e-02
5.516641128852007e-02
5.516641124320228e-02
5.516641119483748e-02
5.516641114332983e-02
5.516641108858350e-02
5.516641103050268e-02
5.516641096899154e-02
5.516641090395425e-02
5.516641083529499e-02
5.516641076291792e-02
5.516641068672724e-02
5.516641060662709e-02
5.516641052252168e-02
5.516641043431517e-02
5.516641034191172e-02
5.516641024521552e-02
5.516641014413075e-02
5.516641003856157e-02
5.516640992841216e-02
5.516640981358669e-02
5.516640969398934e-02
5.516640956952429e-02
5.516640944009570e-02
5.516640930560775e-02
5.516640916596462e-02
5.516640902107048e-02
5.516640887082951e-02
5.516640871514587e-02
5.516640855392374e-02
5.516640838706731e-02
5.516640821448073e-02
5.516640803606819e-02
5.516640785173386e-02
5.516640766138192e-02
5.516640746491654e-02
5.516640726224189e-02
5.516640705326215e-02
5.516640683788149e-02
5.516640661600408e-02
5.516640638753411e-02
5.516640615237574e-02
5.516640591043315e-02
5.516640566161052e-02
5.516640540581201e-02
5.516640514294181e-02
5.516640487290408e-02
5.516640459560301e-02
5.516640431094276e-02
5.516640401882751e-02
5.516640371916143e-02
5.516640341184870e-02
5.516640309679350e-02
5.516640277390000e-02
5.516640244307236e-02
5.516640210421477e-02
5.516640175723141e-02
5.516640140202643e-02
5.516640103850402e-02
5.516640066656836e-02
5.516640028612362e-02
5.516639989707397e-02
5.516639949932358e-02
5.516639909277663e-02
5.516639867733730e-02
5.516639825290976e-02
5.516639781939819e-02
5.516639737670675e-02
5.516639692473962e-02
5.516639646340098e-02
5.516639599259500e-02
5.516639551222585e-02
5.516639502219772e-02
5.516639452236847e-02
5.516639401225381e-02
5.516639349121608e-02
5.516639295861688e-02
5.516639241381784e-02
5.516639185618058e-02
5.516639128506670e-02
5.516639069983783e-02
5.516639009985558e-02
5.516638948448156e-02
5.516638885307738e-02
5.516638820500467e-02
5.516638753962504e-02
5.516638685630010e-02
5.516638615439148e-02
5.516638543326077e-02
5.516638469226961e-02
5.516638393077961e-02
5.516638314815237e-02
5.516638234374952e-02
5.516638151693267e-02
5.516638066706344e-02
5.516637979350345e-02
5.516637889561429e-02
5.516637797275760e-02
5.516637702429499e-02
5.516637604958807e-02
5.516637504799846e-02
5.516637401888778e-02
5.516637296161762e-02
5.516637187554963e-02
5.516637076004541e-02
5.516636961446657e-02
5.516636843817473e-02
5.516636723053150e-02
5.516636599089851e-02
5.516636471863737e-02
5.516636341310968e-02
5.516636207367707e-02
5.516636069970115e-02
5.516635929054354e-02
5.516635784556585e-02
5.516635636412970e-02
5.516635484559670e-02
5.516635328932847e-02
5.516635169468662e-02
5.516635006103277e-02
5.516634838772853e-02
5.516634667413553e-02
5.516634491961537e-02
5.516634312352967e-02
5.516634128524003e-02
5.516633940410810e-02
5.516633747949547e-02
5.516633551019029e-02
5.516633348719527e-02
5.516633139590230e-02
5.516632922157938e-02
5.516632694949453e-02
5.516632456491574e-02
5.516632205311105e-02
5.516631939934846e-02
5.516631658889597e-02
5.516631360702159e-02
5.516631043899334e-02
5.516630707007924e-02
5.516630348554728e-02
5.516629967066548e-02
5.516629561070185e-02
5.516629129092440e-02
5.516628669660114e-02
5.516628181300008e-02
5.516627662538923e-02
5.516627111903662e-02
5.516626527921022e-02
5.516625909117807e-02
5.516625254020818e-02
5.516624561156856e-02
5.516623829052720e-02
5.516623056235213e-02
5.516622241231136e-02
5.516621382617942e-02
5.516620479955995e-02
5.516619533696936e-02
5.516618544324676e-02
5.516617512323124e-02
5.516616438176190e-02
5.516615322367784e-02
5.516614165381818e-02
5.516612967702200e-02
5.516611729812841e-02
5.516610452197651e-02
5.516609135340540e-02
5.516607779725419e-02
5.516606385836197e-02
5.516604954156785e-02
5.516603485171093e-02
5.516601979363030e-02
5.516600437216507e-02
5.516598859215435e-02
5.516597245843723e-02
5.516595597585282e-02
5.516593914924021e-02
5.516592198343850e-02
5.516590448328681e-02
5.516588665362423e-02
5.516586849928985e-02
5.516585002512280e-02
5.516583123259575e-02
5.516581202402260e-02
5.516579218873264e-02
5.516577150990881e-02
5.516574977073404e-02
5.516572675439128e-02
5.516570224406348e-02
5.516567602293358e-02
5.516564787418450e-02
5.516561758099920e-02
5.516558492656062e-02
5.516554969405171e-02
5.516551166665539e-02
5.516547062755461e-02
5.516542635993232e-02
5.516537864697146e-02
5.516532727185497e-02
5.516527201776578e-02
5.516521266788686e-02
5.516514900540111e-02
5.516508081349151e-02
5.516500787534098e-02
5.516492997413248e-02
5.516484689304892e-02
5.516475841527328e-02
5.516466432398847e-02
5.516456440237745e-02
5.516445843022107e-02
5.516434602026138e-02
5.516422654566344e-02
5.516409936108848e-02
5.516396382119770e-02
5.516381928065233e-02
5.516366509411358e-02
5.516350061624266e-02
5.516332520170079e-02
5.516313820514918e-02
5.516293898124906e-02
5.516272688466162e-02
5.516250127004810e-02
5.516226149206971e-02
5.516200647999197e-02
5.516173220174112e-02
5.516143336619257e-02
5.516110467760675e-02
5.516074084024405e-02
5.516033655836491e-02
5.515988653622970e-02
5.515938547809887e-02
5.515882808823281e-02
5.515820907089194e-02
5.515752313033666e-02
5.515676497082739e-02
5.515592929662454e-02
5.515501072836262e-02
5.515399588680032e-02
5.515285688206366e-02
5.515156429193305e-02
5.515008869418888e-02
5.514840066661157e-02
5.514647078698152e-02
5.514426946870355e-02
5.514176339944826e-02
5.513891557140146e-02
5.513568881842344e-02
5.513204597437445e-02
5.512794987311475e-02
5.512336334850459e-02
5.511823767040119e-02
5.511241690653745e-02
5.510568702063074e-02
5.509783340234011e-02
5.508864144132463e-02
5.507789652724336e-02
5.506538404975538e-02
5.505084338790077e-02
5.503380599974529e-02
5.501374463873483e-02
5.499012043567502e-02
5.496220096855094e-02
5.492909405479292e-02
5.488990254816870e-02
5.484368402985854e-02
5.478939145985547e-02
5.472596306494635e-02
5.465214288620106e-02
5.456524698924455e-02
5.446195421504796e-02
5.433893077232066e-02
5.419249889234481e-02
5.401848733714068e-02
5.381208124265395e-02
5.356850371934793e-02
5.328429824179384e-02
5.295239486983343e-02
5.256029476334521e-02
5.210178686399975e-02
5.157093294989049e-02
5.095886898152318e-02
5.025228760020493e-02
4.944842324290458e-02
4.854152868356489e-02
4.752677823828069e-02
4.640018648406625e-02
4.515858912987522e-02
4.379960083841362e-02
4.232155732723581e-02
4.072345294427741e-02
3.900490577418125e-02
3.716621247340145e-02
3.520857246231568e-02
3.313455751460950e-02
3.094887323626203e-02
2.865940002907144e-02
2.627845558196026e-02
2.382416804176029e-02
2.132171929683798e-02
1.880413318256215e-02
1.631215243657131e-02
1.389275421954780e-02
1.159630315863957e-02
9.465202074045961e-03
7.548532246050191e-03
5.877167232542380e-03
4.468128843556040e-03
3.315030925694012e-03
2.401189856220170e-03
1.699667960457754e-03
1.177339399549725e-03
7.991043156904106e-04
5.331114856356274e-04
3.501471598493078e-04
2.268421201261816e-04
1.451639513043044e-04
9.240844177958236e-05
5.855442181799175e-05
3.684832317203745e-05
2.303758490745428e-05
1.425346275225105e-05
8.826600307815239e-06
5.641648602803166e-06
3.588505251606004e-06
2.247823548358680e-06
1.412948941678483e-06
8.834201004859574e-07
5.375631676856260e-07
3.245795868402679e-07
2.054078800406780e-07
1.445761935540456e-07
1.072481334515561e-07
7.539589514182324e-08
4.922835050914865e-08
2.986834096654152e-08
1.774374666196955e-08
1.111057289384068e-08
7.801715255920693e-09
5.768589443518772e-09
4.199636747138918e-09
3.019252818795430e-09
2.161587532341038e-09
1.560790761628798e-09
1.151012380512177e-09
8.664022628441745e-10
6.488774699095333e-10
4.792915919214036e-10
3.506733501785025e-10
2.560556061897077e-10
1.884712214637830e-10
1.409530575095854e-10
1.065375815614864e-10
7.978670608810951e-11
5.914899104485903e-11
4.368297176774138e-11
3.244718359277387e-11
2.450016185596183e-11
1.890044189331502e-11
1.471435553278568e-11
1.134780323654754e-11
8.670144408015014e-12
6.584066915692568e-12
4.992258628087091e-12
3.797407413704115e-12
2.902201141048733e-12
2.212169365720092e-12
1.673822173415710e-12
1.264447239891531e-12
9.620807592667811e-13
7.447589256610974e-13
5.905179331937315e-13
4.773939759841673e-13
3.854344907185263e-13
3.078837796520699e-13
2.433062217699559e-13
1.902808876913022e-13
1.473868480351995e-13
1.132031734208107e-13
8.630896181486843e-14
6.540029315249519e-14
4.955788312465015e-14
3.794138345117195e-14
2.971044585189913e-14
2.402472204666910e-14
2.004386375532315e-14
1.693108401877672e-14
1.413959919667686e-14
1.162256926178869e-14
9.382648224821208e-15
7.422490096483449e-15
5.744748887484041e-15
4.352078608532853e-15
3.246094244994679e-15
2.406799898224036e-15
1.793787648966974e-15
1.365850570166559e-15
1.081781734766874e-15
9.003742157114521e-16
7.804210859440677e-16
6.835735943259989e-16
5.963597060387351e-16
5.181162487094617e-16
4.482859083326683e-16
3.863113709028955e-16
3.316353224146303e-16
2.837004488623673e-16
2.419494362406458e-16
2.058249705439297e-16
1.747697377667537e-16
1.482264239036139e-16
1.256377149490108e-16
1.064462968974612e-16
9.009539823897382e-17
7.613460159767612e-17
6.434666395704437e-17
5.454526415230509e-17
4.654408101867193e-17
4.015679339136033e-17
3.519708010559031e-17
3.147861999657693e-17
2.881509189953709e-17
2.702017464968759e-17
2.590754708224511e-17
2.529088803242704e-17
2.498387633544980e-17
2.480019082653047e-17
2.456331686374593e-17
2.421248183186050e-17
2.376242058171131e-17
2.322916448266719e-17
2.262874490409741e-17
2.197719321537086e-17
2.129054078585651e-17
2.058481898492336e-17
1.987605918194022e-17
1.918029274627645e-17
1.851355104730070e-17
1.789186545438230e-17
1.733126733689020e-17
1.684778135437328e-17
1.645184840779686e-17
1.613820063603361e-17
1.589882792579803e-17
1.572572016380434e-17
1.561086723676696e-17
1.554625903140014e-17
1.552388543441823e-17
1.553573633253559e-17
1.557380161246654e-17
1.563007116092539e-17
1.569653486462648e-17
1.576518261028419e-17
1.582800428461280e-17
1.587729713924523e-17
1.591044569793860e-17
1.592901641064255e-17
1.593469984038674e-17
1.592918655020087e-17
1.591416710311459e-17
1.589133206215758e-17
1.586237199035952e-17
1.582897745075008e-17
1.579283900635895e-17
1.575564722021578e-17
1.571909265535025e-17
1.568486587479204e-17
1.565465743054781e-17
1.562976178449662e-17
1.561003067277329e-17
1.559498744476532e-17
1.558415544986021e-17
1.557705803744546e-17
1.557321855690859e-17
1.557216035763709e-17
1.557340678901847e-17
1.557648120044024e-17
1.558090694128989e-17
1.558620736095494e-17
1.559190580882289e-17
1.559752563428123e-17
1.560260018989282e-17
1.560690698991439e-17
1.561047580369661e-17
1.561334802298513e-17
1.561556503952558e-17
1.561716824506363e-17
1.561819903134491e-17
1.561869879011507e-17
1.561870891311976e-17
1.561827079210462e-17
1.561742581881530e-17
1.561621538499744e-17
1.561468088239669e-17
1.561286370275870e-17
1.561080523782911e-17
1.560854687935357e-17
1.560613001907772e-17
1.560359604874721e-17
1.560098636010769e-17
1.559834234490480e-17
1.559570539488419e-17
1.559311690179151e-17
1.559061825737240e-17
1.558825085337250e-17
1.558605608153746e-17
1.558407533361293e-17
1.558235000134456e-17
1.558092089418075e-17
1.557980618476475e-17
1.557899463972923e-17
1.557847306045369e-17
1.557822824831762e-17
1.557824700470053e-17
1.557851613098191e-17
1.557902242854126e-17
1.557975269875807e-17
1.558069374301184e-17
1.558183236268207e-17
1.558315535914825e-17
1.558464953378988e-17
1.558630168798646e-17
1.558809862311748e-17
1.559002714056245e-17
1.559207404170084e-17
1.559422612791218e-17
1.559647020057594e-17
1.559879306107163e-17
1.560118151077874e-17
1.560362235107678e-17
1.560610238334523e-17
1.560860840896359e-17
1.561112722931137e-17
1.561364564576805e-17
1.561615045971314e-17
1.561862854526813e-17
1.562107187489657e-17
1.562348077708221e-17
1.562585635486573e-17
1.562819971128781e-17
1.563051194938914e-17
1.563279417221039e-17
1.563504748279224e-17
1.563727298417538e-17
1.563947177940049e-17
1.564164497150826e-17
1.564379366353935e-17
1.564591895853447e-17
1.564802195953427e-17
1.565010376957945e-17
1.565216549171069e-17
1.565420822896867e-17
1.565623308439408e-17
1.565824116102758e-17
1.566023356190987e-17
1.566221139008163e-17
1.566417574858353e-17
1.566612774045626e-17
1.566806846874051e-17
1.566999903647694e-17
1.567192054670625e-17
1.567383410246912e-17
1.567574080484898e-17
1.567764144689100e-17
1.567953618064590e-17
1.568142507818070e-17
1.568330821156244e-17
1.568518565285814e-17
1.568705747413483e-17
1.568892374745955e-17
1.569078454489931e-17
1.569263993852116e-17
1.569449000039212e-17
1.569633480257922e-17
1.569817441714948e-17
1.570000891616994e-17
1.570183837170764e-17
1.570366285582958e-17
1.570548244060281e-17
1.570729719809436e-17
1.570910720037126e-17
1.571091251950052e-17
1.571271322754919e-17
1.571450939658429e-17
1.571630109867285e-17
1.571808840588191e-17
1.571987139027848e-17
1.572165012392960e-17
1.572342467890230e-17
1.572519512726361e-17
1.572696154108055e-17
1.572872399242016e-17
1.573048255334947e-17
1.573223729593550e-17
1.573398829224529e-17
1.573573561434586e-17
1.573747933430424e-17
1.573921952418746e-17
1.574095625606255e-17
1.574268960199655e-17
1.574441963405648e-17
1.574614642430936e-17
1.574787004482223e-17
1.574959056766213e-17
1.575130806489606e-17
1.575302260859107e-17
1.575473427081420e-17
1.575644312363245e-17
1.575814923911286e-17
1.575985268932248e-17
1.576155354632831e-17
1.576325188219739e-17
1.576494776899676e-17
1.576664127879344e-17
1.576833248365445e-17
1.577002145564684e-17
1.577170826683393e-17
1.577339295510404e-17
1.577507544063972e-17
1.577675561830144e-17
1.577843338294966e-17
1.578010862944486e-17
1.578178125264749e-17
1.578345114741804e-17
1.578511820861697e-17
1.578678233110474e-17
1.578844340974183e-17
1.579010133938870e-17
1.579175601490583e-17
1.579340733115368e-17
1.579505518299272e-17
1.579669946528341e-17
1.579834007288624e-17
1.579997690066166e-17
1.580160984347014e-17
1.580323879617216e-17
1.580486365362817e-17
1.580648431069866e-17
1.580810066224408e-17
1.580971260312491e-17
1.581132002820162e-17
1.581292283233467e-17
1.581452091038453e-17
1.581611415721167e-17
1.581770246767656e-17
1.581928573663967e-17
1.582086385896146e-17
1.582243672950241e-17
1.582400424312298e-17
1.582556629468364e-17
1.582712277904487e-17
1.582867359106711e-17
1.583021862561086e-17
1.583175777753658e-17
1.583329094170472e-17
1.583481801297577e-17
1.583633888621019e-17
1.583785345626845e-17
1.583936161801102e-17
1.584086326629837e-17
1.584235829599096e-17
1.584384660194926e-17
1.584532807903374e-17
1.584680262210488e-17
1.584827012602313e-17
1.584973048564898e-17
1.585118359584287e-17
1.585262935146530e-17
1.585406764737671e-17
1.585549837843759e-17
1.585692143950839e-17
1.585833672471790e-17
1.585974412392199e-17
1.586114352542997e-17
1.586253481754899e-17
1.586391788858622e-17
1.586529262684881e-17
1.586665892064394e-17
1.586801665827875e-17
1.586936572806041e-17
1.587070601829608e-17
1.587203741729293e-17
1.587335981335811e-17
1.587467309479877e-17
1.587597714992210e-17
1.587727186703524e-17
1.587855713444536e-17
1.587983284045962e-17
1.588109887338517e-17
1.588235512152918e-17
1.588360147319882e-17
1.588483781670124e-17
1.588606404034359e-17
1.588728003243306e-17
1.588848568127678e-17
1.588968087518194e-17
1.589086550245567e-17
1.589203945140516e-17
1.589320261033756e-17
1.589435486756002e-17
1.589549611137972e-17
1.589662623010380e-17
1.589774511203944e-17
1.589885264549380e-17
1.589994871877402e-17
1.590103322018728e-17
1.590210603804074e-17
1.590316706064156e-17
1.590421617629689e-17
1.590525327331391e-17
1.590627823999976e-17
1.590729096466162e-17
1.590829133560664e-17
1.590927924114198e-17
1.591025456957481e-17
1.591121720921228e-17
1.591216704836156e-17
1.591310397532980e-17
1.591402787842417e-17
1.591493864595184e-17
1.591583616621995e-17
1.591672032753567e-17
1.591759101820617e-17
1.591844812653860e-17
1.591929154084012e-17
1.592012116197302e-17
1.592093702041379e-17
1.592173922310437e-17
1.592252787797498e-17
1.592330309295587e-17
1.592406497597727e-17
1.592481363496942e-17
1.592554917786255e-17
1.592627171258689e-17
1.592698134707269e-17
1.592767818925018e-17
1.592836234704959e-17
1.592903392840117e-17
1.592969304123514e-17
1.593033979348174e-17
1.593097429307121e-17
1.593159664793378e-17
1.593220696599969e-17
1.593280535519917e-17
1.593339192346246e-17
1.593396677871980e-17
1.593453002890142e-17
1.593508178193755e-17
1.593562214575844e-17
1.593615122829432e-17
1.593666913747542e-17
1.593717598123197e-17
1.593767186749422e-17
1.593815690419240e-17
1.593863119925675e-17
1.593909486061750e-17
1.593954799620489e-17
1.593999071394914e-17
1.594042312178051e-17
1.594084532762922e-17
1.594125743942551e-17
1.594165956509962e-17
1.594205181258177e-17
1.594243428980221e-17
1.594280710469118e-17
1.594317036517890e-17
1.594352417919561e-17
1.594386865467156e-17
1.594420389953697e-17
1.594453002172207e-17
1.594484712915712e-17
1.594515532977233e-17
1.594545473149796e-17
1.594574544226422e-17
1.594602757000136e-17
1.594630122263962e-17
1.594656650810922e-17
1.594682353434041e-17
1.594707240926343e-17
1.594731324080849e-17
1.594754613690585e-17
1.594777120548574e-17
1.594798855447839e-17
1.594819829181404e-17
1.594840052542292e-17
1.594859536323527e-17
1.594878291318133e-17
1.594896328319133e-17
1.594913658119551e-17
1.594930291512410e-17
1.594946239290733e-17
1.594961512247545e-17
1.594976121175869e-17
1.594990076868729e-17
1.595003390119147e-17
1.595016071720148e-17
1.595028132464756e-17
1.595039583145993e-17
1.595050434556883e-17
1.595060697490450e-17
1.595070382739718e-17
1.595079501097710e-17
1.595088063357449e-17
1.595096080311959e-17
1.595103562754264e-17
1.595110521477387e-17
1.595116967274352e-17
1.595122910938182e-17
1.595128363261902e-17
1.595133335038533e-17
1.595137837061101e-17
1.595141880122628e-17
1.595145475016139e-17
1.595148632534656e-17
1.595151363471204e-17
1.595153678618805e-17
1.595155588770484e-17
1.595157104719264e-17
1.595158237258168e-17
1.595158997180220e-17
1.595159395278444e-17
1.595159442345864e-17
1.595159149175502e-17
1.595158526560382e-17
1.595157585293529e-17
1.595156336167965e-17
1.595154789976713e-17
1.595152957512799e-17
1.595150849569244e-17
1.595148476939074e-17
1.595145850415310e-17
1.595142980790978e-17
1.595139878859100e-17
1.595136555329659e-17
1.595133016479521e-17
1.595129262012745e-17
1.595125291101491e-17
1.595121102917922e-17
1.595116696634200e-17
1.595112071422484e-17
1.595107226454938e-17
1.595102160903723e-17
1.595096873941000e-17
1.595091364738930e-17
1.595085632469676e-17
1.595079676305399e-17
1.595073495418260e-17
1.595067088980421e-17
1.595060456164044e-17
1.595053596141290e-17
1.595046508084321e-17
1.595039191165298e-17
1.595031644556382e-17
1.595023867429736e-17
1.595015858957521e-17
1.595007618311898e-17
1.594999144665029e-17
1.594990437189075e-17
1.594981495056199e-17
1.594972317438562e-17
1.594962903508324e-17
1.594953252437648e-17
1.594943363398696e-17
1.594933235563628e-17
1.594922868104607e-17
1.594912260193793e-17
1.594901411003350e-17
1.594890319705437e-17
1.594878985472216e-17
1.594867407475850e-17
1.594855584888500e-17
1.594843516882327e-17
1.594831202629492e-17
1.594818641302158e-17
1.594805832072486e-17
1.594792774112637e-17
1.594779466594774e-17
1.594765908691057e-17
1.594752099573647e-17
1.594738038414708e-17
1.594723724386400e-17
1.594709156660885e-17
1.594694334410324e-17
1.594679256806878e-17
1.594663923022711e-17
1.594648332229982e-17
1.594632483600853e-17
1.594616376307487e-17
1.594600009522045e-17
1.594583382416687e-17
1.594566494163577e-17
1.594549343934874e-17
1.594531930902742e-17
1.594514254239341e-17
1.594496313116832e-17
1.594478106707379e-17
1.594459634183141e-17
1.594440894716281e-17
1.594421887478960e-17
1.594402611643340e-17
1.594383066381582e-17
1.594363250865847e-17
1.594343164268298e-17
1.594322805761096e-17
1.594302174516403e-17
1.594281269706379e-17
1.594260090503187e-17
1.594238636078989e-17
1.594216905605944e-17
1.594194898256217e-17
1.594172613201966e-17
1.594150049615356e-17
1.594127206668546e-17
1.594104083533698e-17
1.594080679382975e-17
1.594056993388537e-17
1.594033024722546e-17
1.594008772557163e-17
1.593984236064551e-17
1.593959414416871e-17
1.593934306786284e-17
1.593908912344951e-17
1.593883230265035e-17
1.593857259718697e-17
1.593830999878099e-17
1.593804449915402e-17
1.593777609002767e-17
1.593750476312356e-17
1.593723051016331e-17
1.593695332286854e-17
1.593667319296085e-17
1.593639011216186e-17
1.593610407219319e-17
1.593581506477646e-17
1.593552308163328e-17
1.593522811448527e-17
1.593493015505404e-17
1.593462919506120e-17
1.593432522622837e-17
1.593401824027717e-17
1.593370822892922e-17
1.593339518390612e-17
1.593307910155093e-17
1.593275999669237e-17
1.593243788878062e-17
1.593211279726585e-17
1.593178474159821e-17
1.593145374122788e-17
1.593111981560503e-17
1.593078298417981e-17
1.593044326640240e-17
1.593010068172296e-17
1.592975524959165e-17
1.592940698945866e-17
1.592905592077413e-17
1.592870206298824e-17
1.592834543555116e-17
1.592798605791304e-17
1.592762394952406e-17
1.592725912983438e-17
1.592689161829417e-17
1.592652143435360e-17
1.592614859746283e-17
1.592577312707203e-17
1.592539504263136e-17
1.592501436359100e-17
1.592463110940110e-17
1.592424529951183e-17
1.592385695337337e-17
1.592346609043587e-17
1.592307273014951e-17
1.592267689196444e-17
1.592227859533084e-17
1.592187785969887e-17
1.592147470451870e-17
1.592106914924050e-17
1.592066121331443e-17
1.592025091619065e-17
1.591983827731934e-17
1.591942331615066e-17
1.591900605213477e-17
1.591858650472185e-17
1.591816469336206e-17
1.591774063750556e-17
1.591731435660253e-17
1.591688587010313e-17
1.591645519745752e-17
1.591602235811587e-17
1.591558737152835e-17
1.591515025714512e-17
1.591471103441636e-17
1.591426972279222e-17
1.591382634172287e-17
1.591338091065849e-17
1.591293344904923e-17
1.591248397634526e-17
1.591203251199676e-17
1.591157907545387e-17
1.591112368616678e-17
1.591066636358565e-17
1.591020712716064e-17
1.590974599634192e-17
1.590928299057966e-17
1.590881812932403e-17
1.590835143202518e-17
1.590788291813329e-17
1.590741260709852e-17
1.590694051837104e-17
1.590646667140102e-17
1.590599108563862e-17
1.590551378053400e-17
1.590503477553735e-17
1.590455409009881e-17
1.590407174366856e-17
1.590358775569676e-17
1.590310214563358e-17
1.590261493292919e-17
1.590212613703376e-17
1.590163577739744e-17
1.590114387347041e-17
1.590065044470283e-17
1.590015551054486e-17
1.589965909044669e-17
1.589916120385846e-17
1.589866187023035e-17
1.589816110901253e-17
1.589765893965516e-17
1.589715538160840e-17
1.589665045432243e-17
1.589614417724740e-17
1.589563656983349e-17
1.589512765153087e-17
1.589461744178969e-17
1.589410596006013e-17
1.589359322579234e-17
1.589307925843651e-17
1.589256407744279e-17
1.589204770226135e-17
1.589153015234236e-17
1.589101144713598e-17
1.589049160609238e-17
1.588997064866173e-17
1.588944859429419e-17
1.588892546243993e-17
1.588840127254911e-17
1.588787604407190e-17
1.588734979645848e-17
1.588682254915899e-17
1.588629432162362e-17
1.588576513330253e-17
1.588523500283543e-17
1.588470393884715e-17
1.588417194320782e-17
1.588363901766104e-17
1.588310516395042e-17
1.588257038381956e-17
1.588203467901206e-17
1.588149805127153e-17
1.588096050234158e-17
1.588042203396580e-17
1.587988264788780e-17
1.587934234585119e-17
1.587880112959956e-17
1.587825900087654e-17
1.587771596142570e-17
1.587717201299067e-17
1.587662715731504e-17
1.587608139614243e-17
1.587553473121642e-17
1.587498716428063e-17
1.587443869707867e-17
1.587388933135413e-17
1.587333906885062e-17
1.587278791131174e-17
1.587223586048110e-17
1.587168291810231e-17
1.587112908591896e-17
1.587057436567465e-17
1.587001875911301e-17
1.586946226797762e-17
1.586890489401209e-17
1.586834663896003e-17
1.586778750456504e-17
1.586722749257073e-17
1.586666660472069e-17
1.586610484275853e-17
1.586554220842786e-17
1.586497870347229e-17
1.586441432963540e-17
1.586384908866082e-17
1.586328298229214e-17
1.586271601227296e-17
1.586214818034690e-17
1.586157948825755e-17
1.586100993774852e-17
1.586043953056341e-17
1.585986826844583e-17
1.585929615313938e-17
1.585872318638767e-17
1.585814936993429e-17
1.585757470552286e-17
1.585699919489698e-17
1.585642283980025e-17
1.585584564197627e-17
1.585526760316865e-17
1.585468872512100e-17
1.585410900957691e-17
1.585352845828000e-17
1.585294707297386e-17
1.585236485540210e-17
1.585178180730833e-17
1.585119793043614e-17
1.585061322652915e-17
1.585002769733095e-17
1.584944134458515e-17
1.584885417003536e-17
1.584826617542517e-17
1.584767736249820e-17
1.584708773299804e-17
1.584649728866831e-17
1.584590603125260e-17
1.584531396249451e-17
1.584472108413766e-17
1.584412739792565e-17
1.584353290560208e-17
1.584293760891055e-17
1.584234150959467e-17
1.584174460939804e-17
1.584114691006427e-17
1.584054841333697e-17
1.583994912095973e-17
1.583934903467615e-17
1.583874815622985e-17
1.583814648736443e-17
1.583754402982349e-17
1.583694078535064e-17
1.583633675568947e-17
1.583573194258360e-17
1.583512634777662e-17
1.583451997301215e-17
1.583391282003378e-17
1.583330489058513e-17
1.583269618640978e-17
1.583208670925136e-17
1.583147646085346e-17
1.583086544295968e-17
1.583025365731363e-17
1.582964110565892e-17
1.582902778973915e-17
1.582841371129791e-17
1.582779887207883e-17
1.582718327382549e-17
1.582656691828151e-17
1.582594980719049e-17
1.582533194229603e-17
1.582471332534174e-17
1.582409395807122e-17
1.582347384222807e-17
1.582285297957503e-17
1.582223137335465e-17
1.582160902931790e-17
1.582098595345873e-17
1.582036215177108e-17
1.581973763024888e-17
1.581911239488610e-17
1.581848645167667e-17
1.581785980661454e-17
1.581723246569366e-17
1.581660443490795e-17
1.581597572025139e-17
1.581534632771790e-17
1.581471626330142e-17
1.581408553299592e-17
1.581345414279533e-17
1.581282209869359e-17
1.581218940668466e-17
1.581155607276247e-17
1.581092210292096e-17
1.581028750315410e-17
1.580965227945581e-17
1.580901643782004e-17
1.580837998424075e-17
1.580774292471187e-17
1.580710526522734e-17
1.580646701178112e-17
1.580582817036715e-17
1.580518874697936e-17
1.580454874761172e-17
1.580390817825815e-17
1.580326704491262e-17
1.580262535356905e-17
1.580198311022140e-17
1.580134032086361e-17
1.580069699148962e-17
1.580005312809339e-17
1.579940873666885e-17
1.579876382320994e-17
1.579811839371063e-17
1.579747245416483e-17
1.579682601056652e-17
1.579617906890962e-17
1.579553163518808e-17
1.579488371539585e-17
1.579423531552688e-17
1.579358644157510e-17
1.579293709953446e-17
1.579228729539890e-17
1.579163703516238e-17
1.579098632481884e-17
1.579033517036221e-17
1.578968357778645e-17
1.578903155308550e-17
1.578837910225330e-17
1.578772623128380e-17
1.578707294617095e-17
1.578641925290868e-17
1.578576515749095e-17
1.578511066591169e-17
1.578445578416486e-17
1.578380051824439e-17
1.578314487414424e-17
1.578248885785834e-17
1.578183247538065e-17
1.578117573270510e-17
1.578051863582564e-17
1.577986119073622e-17
1.577920340343077e-17
1.577854527990325e-17
1.577788682614761e-17
1.577722804815777e-17
1.577656895192769e-17
1.577590954345132e-17
1.577524982872260e-17
1.577458981373547e-17
1.577392950448388e-17
1.577326890696176e-17
1.577260802716308e-17
1.577194687108177e-17
1.577128544471177e-17
1.577062375404704e-17
1.576996180508151e-17
1.576929960380913e-17
1.576863715622385e-17
1.576797446831961e-17
1.576731154609035e-17
1.576664839553003e-17
1.576598502263257e-17
1.576532143339194e-17
1.576465763380207e-17
1.576399362985691e-17
1.576332942755040e-17
1.576266503287648e-17
1.576200045182912e-17
1.576133569040223e-17
1.576067075458978e-17
1.576000565038571e-17
1.575934038378395e-17
1.575867496077847e-17
1.575800938736319e-17
1.575734366953207e-17
1.575667781327905e-17
1.575601182459807e-17
1.575534570948308e-17
1.575467947392803e-17
1.575401312392686e-17
1.575334666547350e-17
1.575268010456192e-17
1.575201344718605e-17
1.575134669933984e-17
1.575067986701723e-17
1.575001295621217e-17
1.574934597291860e-17
1.574867892313046e-17
1.574801181284171e-17
1.574734464804628e-17
1.574667743473812e-17
1.574601017891118e-17
1.574534288655940e-17
1.574467556367672e-17
1.574400821625709e-17
1.574334085029445e-17
1.574267347178276e-17
1.574200608671595e-17
1.574133870108796e-17
1.574067132089275e-17
1.574000395212426e-17
1.573933660077642e-17
1.573866927284320e-17
1.573800197431852e-17
1.573733471119635e-17
1.573666748947061e-17
1.573600031513526e-17
1.573533319418424e-17
1.573466613261150e-17
1.573399913641097e-17
1.573333221157661e-17
1.573266536410236e-17
1.573199859998216e-17
1.573133192520996e-17
1.573066534577971e-17
1.572999886768534e-17
1.572933249692081e-17
1.572866623948005e-17
1.572800010135701e-17
1.572733408854565e-17
1.572666820703989e-17
1.572600246283369e-17
1.572533686192099e-17
1.572467141029573e-17
1.572400611395187e-17
1.572334097888334e-17
1.572267601108409e-17
1.572201121654807e-17
1.572134660126921e-17
1.572068217124147e-17
1.572001793245879e-17
1.571935389091511e-17
1.571869005260438e-17
1.571802642352054e-17
1.571736300965753e-17
1.571669981700932e-17
1.571603685156982e-17
1.571537411933300e-17
1.571471162629280e-17
1.571404937844315e-17
1.571338738177801e-17
1.571272564229132e-17
1.571206416597703e-17
1.571140295882908e-17
1.571074202684141e-17
1.571008137600796e-17
1.570942101232270e-17
1.570876094177955e-17
1.570810117037246e-17
1.570744170409539e-17
1.570678254894226e-17
1.570612371090704e-17
1.570546519598365e-17
1.570480701016605e-17
1.570414915944818e-17
1.570349164982399e-17
1.570283448728742e-17
1.570217767783242e-17
1.570152122745292e-17
1.570086514214288e-17
1.570020942789624e-17
1.569955409070694e-17
1.569889913656893e-17
1.569824457147616e-17
1.569759040142256e-17
1.569693663240209e-17
1.569628327040869e-17
1.569563032143630e-17
1.569497779147886e-17
1.569432568653033e-17
1.569367401258464e-17
1.569302277563574e-17
1.569237198167759e-17
1.569172163670411e-17
1.569107174670926e-17
1.569042231768697e-17
1.568977335563120e-17
1.568912486653590e-17
1.568847685639499e-17
1.568782933120243e-17
1.568718229695217e-17
1.568653575963815e-17
1.568588972525431e-17
1.568524419979460e-17
1.568459918925295e-17
1.568395469962333e-17
1.568331073689967e-17
1.568266730707591e-17
1.568202441614601e-17
1.568138207010390e-17
1.568074027470965e-17
1.568009903222362e-17
1.567945834221214e-17
1.567881820417223e-17
1.567817861760091e-17
1.567753958199519e-17
1.567690109685210e-17
1.567626316166865e-17
1.567562577594187e-17
1.567498893916877e-17
1.567435265084637e-17
1.567371691047169e-17
1.567308171754176e-17
1.567244707155358e-17
1.567181297200418e-17
1.567117941839057e-17
1.567054641020979e-17
1.566991394695884e-17
1.566928202813474e-17
1.566865065323452e-17
1.566801982175519e-17
1.566738953319377e-17
1.566675978704729e-17
1.566613058281275e-17
1.566550191998718e-17
1.566487379806761e-17
1.566424621655104e-17
1.566361917493449e-17
1.566299267271499e-17
1.566236670938956e-17
1.566174128445521e-17
1.566111639740896e-17
1.566049204774784e-17
1.565986823496885e-17
1.565924495856903e-17
1.565862221804538e-17
1.565800001289494e-17
1.565737834261471e-17
1.565675720670172e-17
1.565613660465298e-17
1.565551653596552e-17
1.565489700013636e-17
1.565427799666251e-17
1.565365952504098e-17
1.565304158476881e-17
1.565242417534302e-17
1.565180729626060e-17
1.565119094701860e-17
1.565057512711403e-17
1.564995983604390e-17
1.564934507330524e-17
1.564873083839507e-17
1.564811713081039e-17
1.564750395004824e-17
1.564689129560564e-17
1.564627916697959e-17
1.564566756366713e-17
1.564505648516526e-17
1.564444593097102e-17
1.564383590058141e-17
1.564322639349346e-17
1.564261740920418e-17
1.564200894721060e-17
1.564140100700974e-17
1.564079358809860e-17
1.564018668997422e-17
1.563958031213361e-17
1.563897445407380e-17
1.563836911529179e-17
1.563776429528461e-17
1.563715999354927e-17
1.563655620958281e-17
1.563595294288223e-17
1.563535019294456e-17
1.563474795926681e-17
1.563414624134600e-17
1.563354503867916e-17
1.563294435076330e-17
1.563234417709544e-17
1.563174451717260e-17
1.563114537049180e-17
1.563054673655005e-17
1.562994861484439e-17
1.562935100487182e-17
1.562875390612936e-17
1.562815731811404e-17
1.562756124032287e-17
1.562696567225288e-17
1.562637061340108e-17
1.562577606326449e-17
1.562518202134012e-17
1.562458848712501e-17
1.562399546011616e-17
1.562340293981061e-17
1.562281092570536e-17
1.562221941729743e-17
1.562162841408385e-17
1.562103791556163e-17
1.562044792122780e-17
1.561985843057937e-17
1.561926944311335e-17
1.561868095832678e-17
1.561809297571667e-17
1.561750549478003e-17
1.561691851501390e-17
1.561633203591528e-17
1.561574605698119e-17
1.561516057770866e-17
1.561457559759471e-17
1.561399111613634e-17
1.561340713283059e-17
1.561282364717447e-17
1.561224065866500e-17
1.561165816679920e-17
1.561107617107409e-17
1.561049467098668e-17
1.560991366603400e-17
1.560933315571307e-17
1.560875313952090e-17
1.560817361695452e-17
1.560759458751094e-17
1.560701605068718e-17
1.560643800598026e-17
1.560586045288720e-17
1.560528339090502e-17
1.560470681953074e-17
1.560413073826138e-17
1.560355514659396e-17
1.560298004402549e-17
1.560240543005299e-17
1.560183130417349e-17
1.560125766588400e-17
1.560068451468155e-17
1.560011185006314e-17
1.559953967152581e-17
1.559896797856656e-17
1.559839677068243e-17
1.559782604737042e-17
1.559725580812756e-17
1.559668605245087e-17
1.559611677983735e-17
1.559554798978405e-17
1.559497968178797e-17
1.559441185534613e-17
1.559384450995555e-17
1.559327764511325e-17
1.559271126031625e-17
1.559214535506157e-17
1.559157992884623e-17
1.559101498116724e-17
1.559045051152163e-17
1.558988651940642e-17
1.558932300431862e-17
1.558875996575525e-17
1.558819740321334e-17
1.558763531618989e-17
1.558707370418194e-17
1.558651256668650e-17
1.558595190320058e-17
1.558539171322122e-17
1.558483199624542e-17
1.558427275177021e-17
1.558371397929260e-17
1.558315567830962e-17
1.558259784831828e-17
1.558204048881560e-17
1.558148359929860e-17
1.558092717926431e-17
1.558037122820974e-17
1.557981574563190e-17
1.557926073102782e-17
1.557870618389452e-17
1.557815210372902e-17
1.557759849002833e-17
1.557704534228947e-17
1.557649266000947e-17
1.557594044268534e-17
1.557538868981411e-17
1.557483740089278e-17
1.557428657541838e-17
1.557373621288794e-17
1.557318631279846e-17
1.557263687464697e-17
1.557208789793048e-17
1.557153938214602e-17
1.557099132679061e-17
1.557044373136126e-17
1.556989659535499e-17
1.556934991826882e-17
1.556880369959977e-17
1.556825793884487e-17
1.556771263550112e-17
1.556716778906555e-17
1.556662339903518e-17
1.556607946490703e-17
1.556553598617811e-17
1.556499296234545e-17
1.556445039290606e-17
1.556390827735696e-17
1.556336661519517e-17
1.556282540591772e-17
1.556228464902161e-17
1.556174434400388e-17
1.556120449036153e-17
1.556066508759159e-17
1.556012613519108e-17
1.555958763265701e-17
1.555904957948641e-17
1.555851197517629e-17
1.555797481922368e-17
1.555743811112559e-17
1.555690185037904e-17
1.555636603648104e-17
1.555583066892863e-17
1.555529574721882e-17
1.555476127084862e-17
1.555422723931506e-17
1.555369365211516e-17
1.555316050874593e-17
1.555262780870440e-17
1.555209555148757e-17
1.555156373659248e-17
1.555103236351615e-17
1.555050143175558e-17
1.554997094080780e-17
1.554944089016983e-17
1.554891127933869e-17
1.554838210781139e-17
1.554785337508496e-17
1.554732508065642e-17
1.554679722402278e-17
1.554626980468106e-17
1.554574282212829e-17
1.554521627586148e-17
1.554469016537764e-17
1.554416449017381e-17
1.554363924974700e-17
1.554311444359422e-17
1.554259007121250e-17
1.554206613209886e-17
1.554154262575031e-17
1.554101955166388e-17
1.554049690933657e-17
1.553997469826543e-17
1.553945291794745e-17
1.553893156787966e-17
1.553841064755909e-17
1.553789015648274e-17
1.553737009414764e-17
1.553685046005081e-17
1.553633125368926e-17
1.553581247456002e-17
1.553529412216010e-17
1.553477619598653e-17
1.553425869553632e-17
1.553374162030649e-17
1.553322496979406e-17
1.553270874349606e-17
1.553219294090949e-17
1.553167756153138e-17
1.553116260485874e-17
1.553064807038860e-17
1.553013395761798e-17
1.552962026604389e-17
1.552910699516335e-17
1.552859414447339e-17
1.552808171347102e-17
1.552756970165326e-17
1.552705810851713e-17
1.552654693355966e-17
1.552603617627784e-17
1.552552583616872e-17
1.552501591272930e-17
1.552450640545661e-17
1.552399731384766e-17
1.552348863739947e-17
1.552298037560907e-17
1.552247252797347e-17
1.552196509398969e-17
1.552145807315475e-17
1.552095146496567e-17
1.552044526891947e-17
1.551993948451316e-17
1.551943411124377e-17
1.551892914860832e-17
1.551842459610382e-17
1.551792045322730e-17
1.551741671947577e-17
1.551691339434625e-17
1.551641047733576e-17
1.551590796794133e-17
1.551540586565996e-17
1.551490416998868e-17
1.551440288042451e-17
1.551390199646446e-17
1.551340151760556e-17
1.551290144334482e-17
1.551240177317927e-17
1.551190250660592e-17
1.551140364312179e-17
1.551090518222391e-17
1.551040712340928e-17
1.550990946617494e-17
1.550941221001789e-17
1.550891535443516e-17
1.550841889892377e-17
1.550792284298073e-17
1.550742718610307e-17
1.550693192778780e-17
1.550643706753195e-17
1.550594260483253e-17
1.550544853918655e-17
1.550495487009105e-17
1.550446159704304e-17
1.550396871953954e-17
1.550347623707756e-17
1.550298414915413e-17
1.550249245526627e-17
1.550200115491100e-17
1.550151024758532e-17
1.550101973278627e-17
1.550052961001086e-17
1.550003987875612e-17
1.549955053851905e-17
1.549906158879669e-17
1.549857302908604e-17
1.549808485888413e-17
1.549759707768797e-17
1.549710968499460e-17
1.549662268030102e-17
1.549613606310425e-17
1.549564983290132e-17
1.549516398918923e-17
1.549467853146502e-17
1.549419345922570e-17
1.549370877196829e-17
1.549322446918982e-17
1.549274055038728e-17
1.549225701505772e-17
1.549177386269814e-17
1.549129109280556e-17
1.549080870487701e-17
1.549032669840950e-17
1.548984507290006e-17
1.548936382784570e-17
1.548888296274344e-17
1.548840247709029e-17
1.548792237038329e-17
1.548744264211945e-17
1.548696329179578e-17
1.548648431890931e-17
1.548600572295705e-17
1.548552750343603e-17
1.548504965984326e-17
1.548457219167577e-17
1.548409509843056e-17
1.548361837960467e-17
1.548314203469511e-17
1.548266606319889e-17
1.548219046461305e-17
1.548171523843459e-17
1.548124038416054e-17
1.548076590128791e-17
1.548029178931373e-17
1.547981804773501e-17
1.547934467604878e-17
1.547887167375204e-17
1.547839904034183e-17
1.547792677531516e-17
1.547745487816904e-17
1.547698334840051e-17
1.547651218550657e-17
1.547604138898425e-17
1.547557095833057e-17
1.547510089304253e-17
1.547463119261718e-17
1.547416185655151e-17
1.547369288434256e-17
1.547322427548734e-17
1.547275602948287e-17
1.547228814582617e-17
1.547182062401425e-17
1.547135346354415e-17
1.547088666391287e-17
1.547042022461743e-17
1.546995414515486e-17
1.546948842502218e-17
1.546902306371640e-17
1.546855806073454e-17
1.546809341557362e-17
1.546762912773066e-17
1.546716519670268e-17
1.546670162198670e-17
1.546623840307974e-17
1.546577553947882e-17
1.546531303068094e-17
1.546485087618315e-17
1.546438907548245e-17
1.546392762807586e-17
1.546346653346040e-17
1.546300579113310e-17
1.546254540059097e-17
1.546208536133102e-17
1.546162567285029e-17
1.546116633464578e-17
1.546070734621452e-17
1.546024870705352e-17
1.545979041665981e-17
1.545933247453040e-17
1.545887488016232e-17
1.545841763305258e-17
1.545796073269820e-17
1.545750417859620e-17
1.545704797024360e-17
1.545659210713742e-17
1.545613658877468e-17
1.545568141465239e-17
1.545522658426758e-17
1.545477209711727e-17
1.545431795269847e-17
1.545386415050820e-17
1.545341069004349e-17
1.545295757080134e-17
1.545250479227879e-17
1.545205235397285e-17
1.545160025538053e-17
1.545114849599887e-17
1.545069707532487e-17
1.545024599285556e-17
1.544979524808795e-17
1.544934484051907e-17
1.544889476964593e-17
1.544844503496555e-17
1.544799563597615e-17
1.544754657242830e-17
1.544709784463571e-17
1.544664945298825e-17
1.544620139787579e-17
1.544575367968821e-17
1.544530629881540e-17
1.544485925564722e-17
1.544441255057356e-17
1.544396618398429e-17
1.544352015626930e-17
1.544307446781845e-17
1.544262911902163e-17
1.544218411026871e-17
1.544173944194957e-17
1.544129511445410e-17
1.544085112817216e-17
1.544040748349363e-17
1.543996418080840e-17
1.543952122050633e-17
1.543907860297732e-17
1.543863632861123e-17
1.543819439779794e-17
1.543775281092733e-17
1.543731156838928e-17
1.543687067057367e-17
1.543643011787037e-17
1.543598991066925e-17
1.543555004936021e-17
1.543511053433312e-17
1.543467136597784e-17
1.543423254468427e-17
1.543379407084228e-17
1.543335594484174e-17
1.543291816707254e-17
1.543248073792455e-17
1.543204365778765e-17
1.543160692705172e-17
1.543117054610663e-17
1.543073451534226e-17
1.543029883514849e-17
1.542986350591520e-17
1.542942852803227e-17
1.542899390188957e-17
1.542855962787698e-17
1.542812570638437e-17
1.542769213780163e-17
1.542725892251864e-17
1.542682606092527e-17
1.542639355341140e-17
1.542596140036690e-17
1.542552960218165e-17
1.542509815924554e-17
1.542466707194843e-17
1.542423634068022e-17
1.542380596583076e-17
1.542337594778995e-17
1.542294628694766e-17
1.542251698369377e-17
1.542208803841815e-17
1.542165945151068e-17
1.542123122336124e-17
1.542080335435971e-17
1.542037584489597e-17
1.541994869535989e-17
1.541952190614135e-17
1.541909547763022e-17
1.541866941021640e-17
1.541824370428974e-17
1.541781836024014e-17
1.541739337845747e-17
1.541696875933160e-17
1.541654450325242e-17
1.541612061060980e-17
1.541569708179362e-17
1.541527391719375e-17
1.541485111720008e-17
1.541442868220248e-17
1.541400661259083e-17
1.541358490875501e-17
1.541316357108489e-17
1.541274259997036e-17
1.541232199580129e-17
1.541190175896755e-17
1.541148188985903e-17
1.541106238886560e-17
1.541064325637714e-17
1.541022449278353e-17
1.540980609847465e-17
1.540938807384037e-17
1.540897041927058e-17
1.540855313515514e-17
1.540813622188394e-17
1.540771967984685e-17
1.540730350943375e-17
1.540688771103453e-17
1.540647228503905e-17
1.540605723183719e-17
1.540564255181884e-17
1.540522824537386e-17
1.540481431289215e-17
1.540440075476357e-17
1.540398757137800e-17
1.540357476312532e-17
1.540316233039541e-17
1.540275027357815e-17
1.540233859306341e-17
1.540192728924107e-17
1.540151636250101e-17
1.540110581323310e-17
1.540069564182723e-17
1.540028584867328e-17
1.539987643416111e-17
1.539946739868060e-17
1.539905874262164e-17
1.539865046637410e-17
1.539824257032787e-17
1.539783505487280e-17
1.539742792039880e-17
1.539702116729573e-17
1.539661479595346e-17
1.539620880676189e-17
1.539580320011088e-17
1.539539797639031e-17
1.539499313599006e-17
1.539458867930001e-17
1.539418460671004e-17
1.539378091861002e-17
1.539337761538983e-17
1.539297469743935e-17
1.539257216514846e-17
1.539217001890703e-17
1.539176825910494e-17
1.539136688613207e-17
1.539096590037830e-17
1.539056530223350e-17
1.539016509208755e-17
1.538976527033034e-17
1.538936583735173e-17
1.538896679354161e-17
1.538856813928985e-17
1.538816987498632e-17
1.538777200102092e-17
1.538737451778351e-17
1.538697742566398e-17
1.538658072505220e-17
1.538618441633804e-17
1.538578849991139e-17
1.538539297616213e-17
1.538499784548012e-17
1.538460310825526e-17
1.538420876487741e-17
1.538381481573645e-17
1.538342126122227e-17
1.538302810172473e-17
1.538263533763373e-17
1.538224296933912e-17
1.538185099723081e-17
1.538145942169864e-17
1.538106824313252e-17
1.538067746192231e-17
1.538028707845790e-17
1.537989709312916e-17
1.537950750632596e-17
1.537911831843819e-17
1.537872952985572e-17
1.537834114096843e-17
1.537795315216620e-17
1.537756556383892e-17
1.537717837637643e-17
1.537679159016865e-17
1.537640520560543e-17
1.537601922307666e-17
1.537563364297221e-17
1.537524846568197e-17
1.537486369159580e-17
1.537447932110359e-17
1.537409535459522e-17
1.537371179246056e-17
1.537332863508949e-17
1.537294588287188e-17
1.537256353619762e-17
1.537218159545659e-17
1.537180006103866e-17
1.537141893333370e-17
1.537103821273160e-17
1.537065789962223e-17
1.537027799439548e-17
1.536989849744121e-17
1.536951940914931e-17
1.536914072990965e-17
1.536876246011211e-17
1.536838460014658e-17
1.536800715040292e-17
1.536763011127101e-17
1.536725348314074e-17
1.536687726640197e-17
1.536650146144460e-17
1.536612606865849e-17
1.536575108843352e-17
1.536537652115957e-17
1.536500236722652e-17
1.536462862702424e-17
1.536425530094262e-17
1.536388238937153e-17
1.536350989270084e-17
1.536313781132045e-17
1.536276614562021e-17
1.536239489599002e-17
1.536202406281975e-17
1.536165364649927e-17
1.536128364741847e-17
1.536091406596722e-17
1.536054490253540e-17
1.536017615751288e-17
1.535980783128955e-17
1.535943992425528e-17
1.535907243679995e-17
1.535870536931344e-17
1.535833872218563e-17
1.535797249580638e-17
1.535760669056559e-17
1.535724130685312e-17
1.535687634505887e-17
1.535651180557269e-17
1.535614768878447e-17
1.535578399508410e-17
1.535542072486144e-17
1.535505787850637e-17
1.535469545640877e-17
1.535433345895853e-17
1.535397188654551e-17
1.535361073955959e-17
1.535325001839066e-17
1.535288972342859e-17
1.535252985506325e-17
1.535217041368453e-17
1.535181139968230e-17
1.535145281344644e-17
1.535109465536683e-17
1.535073692583334e-17
1.535037962523585e-17
1.535002275396425e-17
1.534966631240841e-17
1.534931030095820e-17
1.534895472000350e-17
1.534859956993420e-17
1.534824485114016e-17
1.534789056401127e-17
1.534753670893740e-17
1.534718328630844e-17
1.534683029651425e-17
1.534647773994472e-17
1.534612561698973e-17
1.534577392803915e-17
1.534542267348286e-17
1.534507185371073e-17
1.534472146911265e-17
1.534437152007849e-17
1.534402200699814e-17
1.534367293026145e-17
1.534332429025833e-17
1.534297608737864e-17
1.534262832201226e-17
1.534228099454907e-17
1.534193410537894e-17
1.534158765489176e-17
1.534124164347740e-17
1.534089607152573e-17
1.534055093942664e-17
1.534020624757001e-17
1.533986199634571e-17
1.533951818614362e-17
1.533917481735362e-17
1.533883189036558e-17
1.533848940556938e-17
1.533814736335490e-17
1.533780576411202e-17
1.533746460823062e-17
1.533712389610057e-17
1.533678362811174e-17
1.533644380465403e-17
1.533610442611730e-17
1.533576549289143e-17
1.533542700536631e-17
1.533508896393181e-17
1.533475136897779e-17
1.533441422089416e-17
1.533407752007077e-17
1.533374126689752e-17
1.533340546176427e-17
1.533307010506090e-17
1.533273519717730e-17
1.533240073850333e-17
1.533206672942889e-17
1.533173317034384e-17
1.533140006163806e-17
1.533106740370143e-17
1.533073519692383e-17
1.533040344169513e-17
1.533007213840522e-17
1.532974128744397e-17
1.532941088920125e-17
1.532908094406695e-17
1.532875145243094e-17
1.532842241468311e-17
1.532809383121332e-17
1.532776570241146e-17
1.532743802866741e-17
1.532711081037103e-17
1.532678404791222e-17
1.532645774168084e-17
1.532613189206677e-17
1.532580649945990e-17
1.532548156425010e-17
1.532515708682724e-17
1.532483306758121e-17
1.532450950690189e-17
1.532418640517914e-17
1.532386376280285e-17
1.532354158016289e-17
1.532321985764915e-17
1.532289859565150e-17
1.532257779455982e-17
1.532225745476398e-17
1.532193757665387e-17
1.532161816061936e-17
1.532129920705032e-17
1.532098071633665e-17
1.532066268886821e-17
1.532034512503487e-17
1.532002802522653e-17
1.531971138983306e-17
1.531939521924433e-17
1.531907951385022e-17
1.531876427404061e-17
1.531844950020538e-17
1.531813519273441e-17
1.531782135201756e-17
1.531750797844473e-17
1.531719507240578e-17
1.531688263429061e-17
1.531657066448907e-17
1.531625916339105e-17
1.531594813138644e-17
1.531563756886510e-17
1.531532747621691e-17
1.531501785383176e-17
1.531470870209951e-17
1.531440002141005e-17
1.531409181215325e-17
1.531378407471900e-17
1.531347680949716e-17
1.531317001687763e-17
1.531286369725027e-17
1.531255785100496e-17
1.531225247853158e-17
1.531194758022000e-17
1.531164315646012e-17
1.531133920764179e-17
1.531103573415491e-17
1.531073273638934e-17
1.531043021473497e-17
1.531012816958167e-17
1.530982660131933e-17
1.530952551033781e-17
1.530922489702700e-17
1.530892476177678e-17
1.530862510497701e-17
1.530832592701758e-17
1.530802722828837e-17
1.530772900917926e-17
1.530743127008012e-17
1.530713401138082e-17
1.530683723347125e-17
1.530654093674129e-17
1.530624512158081e-17
1.530594978837969e-17
1.530565493752781e-17
1.530536056941505e-17
1.530506668443128e-17
1.530477328296637e-17
1.530448036541022e-17
1.530418793215269e-17
1.530389598358367e-17
1.530360452009302e-17
1.530331354207064e-17
1.530302304990639e-17
1.530273304399016e-17
1.530244352471182e-17
1.530215449246124e-17
1.530186594762832e-17
1.530157789060291e-17
1.530129032177492e-17
1.530100324153420e-17
1.530071665027063e-17
1.530043054837411e-17
1.530014493623449e-17
1.529985981424167e-17
1.529957518278551e-17
1.529929104225590e-17
1.529900739304272e-17
1.529872423553583e-17
1.529844157012512e-17
1.529815939720047e-17
1.529787771715175e-17
1.529759653036884e-17
1.529731583724162e-17
1.529703563815997e-17
1.529675593351376e-17
1.529647672369288e-17
1.529619800908720e-17
1.529591979008659e-17
1.529564206708093e-17
1.529536484046011e-17
1.529508811061400e-17
1.529481187793247e-17
1.529453614280541e-17
1.529426090562270e-17
1.529398616677420e-17
1.529371192664980e-17
1.529343818563938e-17
1.529316494413281e-17
1.529289220251997e-17
1.529261996119075e-17
1.529234822053500e-17
1.529207698094262e-17
1.529180624280349e-17
1.529153600650747e-17
1.529126627244445e-17
1.529099704100430e-17
1.529072831257690e-17
1.529046008755214e-17
1.529019236631988e-17
1.528992514927001e-17
1.528965843679239e-17
1.528939222927692e-17
1.528912652711347e-17
1.528886133069191e-17
1.528859664040213e-17
1.528833245663399e-17
1.528806877977739e-17
1.528780561022219e-17
1.528754294835827e-17
1.528728079457552e-17
1.528701914926380e-17
1.528675801281300e-17
1.528649738561299e-17
1.528623726805366e-17
1.528597766052487e-17
1.528571856341651e-17
1.528545997711846e-17
1.528520190202059e-17
1.528494433851278e-17
1.528468728698490e-17
1.528443074782684e-17
1.528417472142847e-17
1.528391920817968e-17
1.528366420847033e-17
1.528340972269031e-17
1.528315575122949e-17
1.528290229447774e-17
1.528264935282497e-17
1.528239692666102e-17
1.528214501637579e-17
1.528189362235915e-17
1.528164274500098e-17
1.528139238469115e-17
1.528114254181955e-17
1.528089321677605e-17
1.528064440995054e-17
1.528039612173288e-17
1.528014835251295e-17
1.527990110268063e-17
1.527965437262581e-17
1.527940816273835e-17
1.527916247340814e-17
1.527891730502505e-17
1.527867265797896e-17
1.527842853265975e-17
1.527818492945730e-17
1.527794184876147e-17
1.527769929096216e-17
1.527745725644924e-17
1.527721574561258e-17
1.527697475884207e-17
1.527673429652758e-17
1.527649435905899e-17
1.527625494682618e-17
1.527601606021902e-17
1.527577769962739e-17
1.527553986544117e-17
1.527530255805023e-17
1.527506577784447e-17
1.527482952521374e-17
1.527459380054794e-17
1.527435860423693e-17
1.527412393667060e-17
1.527388979823882e-17
1.527365618933148e-17
1.527342311033844e-17
1.527319056164958e-17
1.527295854365479e-17
1.527272705674394e-17
1.527249610130691e-17
1.527226567773358e-17
1.527203578641382e-17
1.527180642773751e-17
1.527157760209453e-17
1.527134930987476e-17
1.527112155146807e-17
1.527089432726435e-17
1.527066763765346e-17
1.527044148302529e-17
1.527021586376972e-17
1.526999078027662e-17
1.526976623293587e-17
1.526954222213735e-17
1.526931874827093e-17
1.526909581172650e-17
1.526887341289392e-17
1.526865155216309e-17
1.526843022992387e-17
1.526820944656615e-17
1.526798920247979e-17
1.526776949805469e-17
1.526755033368071e-17
1.526733170974773e-17
1.526711362664564e-17
1.526689608476431e-17
1.526667908449361e-17
1.526646262622344e-17
1.526624671034365e-17
1.526603133724413e-17
1.526581650731476e-17
1.526560222094541e-17
1.526538847852597e-17
1.526517528044630e-17
1.526496262709630e-17
1.526475051886583e-17
1.526453895614477e-17
1.526432793932301e-17
1.526411746879041e-17
1.526390754493686e-17
1.526369816815224e-17
1.526348933882641e-17
1.526328105734926e-17
1.526307332411068e-17
1.526286613950052e-17
1.526265950390868e-17
1.526245341772503e-17
1.526224788133944e-17
1.526204289514180e-17
1.526183845952198e-17
1.526163457486986e-17
1.526143124157532e-17
1.526122846002823e-17
1.526102623061848e-17
1.526082455373594e-17
1.526062342977048e-17
1.526042285911200e-17
1.526022284215035e-17
1.526002337927543e-17
1.525982447087710e-17
1.525962611734525e-17
1.525942831906976e-17
1.525923107644050e-17
1.525903438984734e-17
1.525883825968018e-17
1.525864268632888e-17
1.525844767018332e-17
1.525825321163338e-17
1.525805931106893e-17
1.525786596887987e-17
1.525767318545605e-17
1.525748096118736e-17
1.525728929646369e-17
1.525709819167490e-17
1.525690764721087e-17
1.525671766346148e-17
1.525652824081661e-17
1.525633937966614e-17
1.525615108039994e-17
1.525596334340789e-17
1.525577616907987e-17
1.525558955780576e-17
1.525540350997543e-17
1.525521802597876e-17
1.525503310620563e-17
1.525484875104592e-17
1.525466496088951e-17
1.525448173612626e-17
1.525429907714607e-17
1.525411698433880e-17
1.525393545809434e-17
1.525375449880256e-17
1.525357410685334e-17
1.525339428263656e-17
1.525321502654210e-17
1.525303633895983e-17
1.525285822027963e-17
1.525268067089138e-17
1.525250369118495e-17
1.525232728155023e-17
1.525215144237709e-17
1.525197617405541e-17
1.525180147697506e-17
1.525162735152594e-17
1.525145379809790e-17
1.525128081708083e-17
1.525110840886461e-17
1.525093657383911e-17
1.525076531239421e-17
1.525059462491980e-17
1.525042451180575e-17
1.525025497344192e-17
1.525008601021822e-17
1.524991762252450e-17
1.524974981075065e-17
1.524958257528655e-17
1.524941591652206e-17
1.524924983484709e-17
1.524908433065148e-17
1.524891940432514e-17
1.524875505625793e-17
1.524859128683973e-17
1.524842809646042e-17
1.524826548550988e-17
1.524810345437798e-17
1.524794200345461e-17
1.524778113312963e-17
1.524762084379293e-17
1.524746113583439e-17
1.524730200964388e-17
1.524714346561128e-17
1.524698550412647e-17
1.524682812557932e-17
1.524667133035971e-17
1.524651511885753e-17
1.524635949146265e-17
1.524620444856493e-17
1.524604999055428e-17
1.524589611782055e-17
1.524574283075364e-17
1.524559012974341e-17
1.524543801517975e-17
1.524528648745252e-17
1.524513554695162e-17
1.524498519406691e-17
1.524483542918828e-17
1.524468625270560e-17
1.524453766500875e-17
1.524438966648761e-17
1.524424225753205e-17
1.524409543853195e-17
1.524394920987720e-17
1.524380357195766e-17
1.524365852516322e-17
1.524351406988376e-17
1.524337020650914e-17
1.524322693542925e-17
1.524308425703397e-17
1.524294217171317e-17
1.524280067985674e-17
1.524265978185454e-17
1.524251947809646e-17
1.524237976897237e-17
1.524224065487216e-17
1.524210213618569e-17
1.524196421330285e-17
1.524182688661352e-17
1.524169015650757e-17
1.524155402337488e-17
1.524141848760533e-17
1.524128354958879e-17
1.524114920971514e-17
1.524101546837427e-17
1.524088232595604e-17
1.524074978285034e-17
1.524061783944705e-17
1.524048649613603e-17
1.524035575330718e-17
1.524022561135035e-17
1.524009607065545e-17
1.523996713161233e-17
1.523983879461089e-17
1.523971106004099e-17
1.523958392829251e-17
1.523945739975534e-17
1.523933147481935e-17
1.523920615387441e-17
1.523908143731041e-17
1.523895732551722e-17
1.523883381888473e-17
1.523871091780280e-17
1.523858862266131e-17
1.523846693385015e-17
1.523834585175919e-17
1.523822537677831e-17
1.523810550929738e-17
1.523798624970629e-17
1.523786759839491e-17
1.523774955575311e-17
1.523763212217079e-17
1.523751529803781e-17
1.523739908374404e-17
1.523728347967939e-17
1.523716848623370e-17
1.523705410379687e-17
1.523694033275878e-17
1.523682717350929e-17
1.523671462643829e-17
1.523660269193565e-17
1.523649137039126e-17
1.523638066219499e-17
1.523627056773672e-17
1.523616108740632e-17
1.523605222159367e-17
1.523594397068866e-17
1.523583633508115e-17
1.523572931516104e-17
1.523562291131818e-17
1.523551712394247e-17
1.523541195342377e-17
1.523530740015197e-17
1.523520346451695e-17
1.523510014690858e-17
1.523499744771674e-17
1.523489536733130e-17
1.523479390614215e-17
1.523469306453916e-17
1.523459284291221e-17
1.523449324165118e-17
1.523439426114595e-17
1.523429590178638e-17
1.523419816396237e-17
1.523410104806379e-17
1.523400455448051e-17
1.523390868360242e-17
1.523381343581938e-17
1.523371881152129e-17
1.523362481109801e-17
1.523353143493943e-17
1.523343868343541e-17
1.523334655697585e-17
1.523325505595061e-17
1.523316418074958e-17
1.523307393176263e-17
1.523298430937964e-17
1.523289531399049e-17
1.523280694598505e-17
1.523271920575320e-17
1.523263209368483e-17
1.523254561016980e-17
1.523245975559800e-17
1.523237453035930e-17
1.523228993484358e-17
1.523220596944072e-17
1.523212263454059e-17
1.523203993053308e-17
1.523195785780806e-17
1.523187641675541e-17
1.523179560776501e-17
1.523171543122673e-17
1.523163588753045e-17
1.523155697706605e-17
1.523147870022341e-17
1.523140105739240e-17
1.523132404896291e-17
1.523124767532480e-17
1.523117193686796e-17
1.523109683398227e-17
1.523102236705760e-17
1.523094853648383e-17
1.523087534265084e-17
1.523080278594850e-17
1.523073086676670e-17
1.523065958549531e-17
1.523058894252420e-17
1.523051893824326e-17
1.523044957304237e-17
1.523038084731140e-17
1.523031276144023e-17
1.523024531581873e-17
1.523017851083679e-17
1.523011234688427e-17
1.523004682435107e-17
1.522998194362706e-17
1.522991770510211e-17
1.522985410916610e-17
1.522979115620892e-17
1.522972884662043e-17
1.522966718079051e-17
1.522960615910905e-17
1.522954578196592e-17
1.522948604975100e-17
1.522942696285416e-17
1.522936852166529e-17
1.522931072657426e-17
1.522925357797094e-17
1.522919707624523e-17
1.522914122178698e-17
1.522908601498609e-17
1.522903145623243e-17
1.522897754591587e-17
1.522892428442630e-17
1.522887167215359e-17
1.522881970948762e-17
1.522876839681827e-17
1.522871773453541e-17
1.522866772302893e-17
1.522861836268870e-17
1.522856965390459e-17
1.522852159706649e-17
1.522847419256427e-17
1.522842744078781e-17
1.522838134212699e-17
1.522833589697169e-17
1.522829110571178e-17
1.522824696873714e-17
1.522820348643765e-17
1.522816065920319e-17
1.522811848742363e-17
1.522807697148885e-17
1.522803611178873e-17
1.522799590871315e-17
1.522795636265198e-17
1.522791747399511e-17
1.522787924313240e-17
1.522784167045374e-17
1.522780475634901e-17
1.522776850120808e-17
1.522773290542083e-17
1.522769796937714e-17
1.522766369346689e-17
1.522763007807994e-17
1.522759712360619e-17
1.522756483043551e-17
1.522753319895777e-17
1.522750222956286e-17
1.522747192264065e-17
1.522744227858101e-17
1.522741329777384e-17
1.522738498060899e-17
1.522735732747636e-17
1.522733033876582e-17
1.522730401486725e-17
1.522727835617052e-17
1.522725336306551e-17
1.522722903594211e-17
1.522720537519018e-17
1.522718238119960e-17
1.522716005436027e-17
1.522713839506204e-17
1.522711740369479e-17
1.522709708064842e-17
1.522707742631278e-17
1.522705844107777e-17
1.522704012533326e-17
1.522702247946912e-17
1.522700550387524e-17
1.522698919894149e-17
1.522697356505774e-17
1.522695860261389e-17
1.522694431199979e-17
1.522693069360535e-17
1.522691774782042e-17
1.522690547503488e-17
1.522689387563863e-17
1.522688295002152e-17
1.522687269857345e-17
1.522686312168428e-17
1.522685421974390e-17
1.522684599314218e-17
1.522683844226900e-17
1.522683156751424e-17
1.522682536926778e-17
1.522681984791949e-17
1.522681500385925e-17
1.522681083747694e-17
1.522680734916243e-17
1.522680453930562e-17
1.522680240829636e-17
1.522680095652454e-17
1.522680018438004e-17
1.522680009225273e-17
1.522680068053249e-17
1.522680194960921e-17
1.522680389987275e-17
1.522680653171300e-17
1.522680984551983e-17
1.522681384168312e-17
1.522681852059275e-17
1.522682388263859e-17
1.522682992821053e-17
1.522683665769844e-17
1.522684407149219e-17
1.522685216998168e-17
1.522686095355676e-17
1.522687042260733e-17
1.522688057752325e-17
1.522689141869442e-17
1.522690294651069e-17
1.522691516136196e-17
1.522692806363810e-17
1.522694165372899e-17
1.522695593202450e-17
1.522697089891451e-17
1.522698655478890e-17
1.522700290003756e-17
1.522701993505034e-17
1.522703766021714e-17
1.522705607592783e-17
1.522707518257228e-17
1.522709498054039e-17
1.522711547022201e-17
1.522713665200704e-17
1.522715852628535e-17
1.522718109344681e-17
1.522720435388130e-17
1.522722830797871e-17
1.522725295612891e-17
1.522727829872177e-17
1.522730433614718e-17
1.522733106879501e-17
1.522735849705514e-17
1.522738662131744e-17
1.522741544197181e-17
1.522744495940810e-17
1.522747517401620e-17
1.522750608618599e-17
1.522753769630735e-17
1.522757000477015e-17
1.522760301196427e-17
1.522763671827959e-17
1.522767112410599e-17
1.522770622983333e-17
1.522774203585151e-17
1.522777854255040e-17
1.522781575031988e-17
1.522785365954982e-17
1.522789227063010e-17
1.522793158395060e-17
1.522797159990119e-17
1.522801231887176e-17
1.522805374125219e-17
1.522809586743234e-17
1.522813869780210e-17
1.522818223275135e-17
1.522822647266996e-17
1.522827141794781e-17
1.522831706897477e-17
1.522836342614073e-17
1.522841048983557e-17
1.522845826044916e-17
1.522850673837137e-17
1.522855592399209e-17
1.522860581770120e-17
1.522865641988856e-17
1.522870773094407e-17
1.522875975125759e-17
1.522881248121900e-17
1.522886592121819e-17
1.522892007164503e-17
1.522897493288939e-17
1.522903050534116e-17
1.522908678939021e-17
1.522914378542642e-17
1.522920149383967e-17
1.522925991501983e-17
1.522931904935679e-17
1.522937889724042e-17
1.522943945906059e-17
1.522950073520719e-17
1.522956272607010e-17
1.522962543203918e-17
1.522968885350433e-17
1.522975299085541e-17
1.522981784448230e-17
1.522988341477488e-17
1.522994970212304e-17
1.523001670691664e-17
1.523008442954557e-17
1.523015287039969e-17
1.523022202986890e-17
1.523029190834306e-17
1.523036250621206e-17
1.523043382386577e-17
1.523050586169408e-17
1.523057862008685e-17
1.523065209943396e-17
1.523072630012530e-17
1.523080122255073e-17
1.523087686710015e-17
1.523095323416343e-17
1.523103032413043e-17
1.523110813739105e-17
1.523118667433515e-17
1.523126593535263e-17
1.523134592083335e-17
1.523142663116718e-17
1.523150806674402e-17
1.523159022795373e-17
1.523167311518620e-17
1.523175672883130e-17
1.523184106927891e-17
1.523192613691891e-17
1.523201193214117e-17
1.523209845533558e-17
1.523218570689201e-17
1.523227368720033e-17
1.523236239665043e-17
1.523245183563218e-17
1.523254200453547e-17
1.523263290375016e-17
1.523272453366614e-17
1.523281689467328e-17
1.523290998716146e-17
1.523300381152056e-17
1.523309836814046e-17
1.523319365741103e-17
1.523328967972216e-17
1.523338643546371e-17
1.523348392502557e-17
1.523358214879762e-17
1.523368110716973e-17
1.523378080053178e-17
1.523388122927364e-17
1.523398239378520e-17
1.523408429445633e-17
1.523418693167692e-17
1.523429030583683e-17
1.523439441732595e-17
1.523449926653415e-17
1.523460485385131e-17
1.523471117966731e-17
1.523481824437203e-17
1.523492604835534e-17
1.523503459200712e-17
1.523514387571725e-17
1.523525389987561e-17
1.523536466487207e-17
1.523547617109652e-17
1.523558841893882e-17
1.523570140878886e-17
1.523581514103652e-17
1.523592961607167e-17
1.523604483428418e-17
1.523616079606395e-17
1.523627750180084e-17
1.523639495188474e-17
1.523651314670551e-17
1.523663208665304e-17
1.523675177211721e-17
1.523687220348789e-17
1.523699338115497e-17
1.523711530550831e-17
1.523723797693780e-17
1.523736139583331e-17
1.523748556258473e-17
1.523761047758192e-17
1.523773614121477e-17
1.523786255387316e-17
1.523798971594696e-17
1.523811762782604e-17
1.523824628990030e-17
1.523837570255960e-17
1.523850586619382e-17
1.523863678119284e-17
1.523876844794654e-17
1.523890086684480e-17
1.523903403827749e-17
1.523916796263449e-17
1.523930264030567e-17
1.523943807168093e-17
1.523957425715013e-17
1.523971119710315e-17
1.523984889192986e-17
1.523998734202016e-17
1.524012654776391e-17
1.524026650955099e-17
1.524040722777128e-17
1.524054870281465e-17
1.524069093507100e-17
1.524083392493018e-17
1.524097767278208e-17
1.524112217901658e-17
1.524126744402356e-17
1.524141346819289e-17
1.524156025191445e-17
1.524170779557812e-17
1.524185609957377e-17
1.524200516429129e-17
1.524215499012055e-17
1.524230557745142e-17
1.524245692667379e-17
1.524260903817754e-17
1.524276191235254e-17
1.524291554958867e-17
1.524306995027580e-17
1.524322511480382e-17
1.524338104356260e-17
1.524353773694202e-17
1.524369519533195e-17
1.524385341912229e-17
1.524401240870289e-17
1.524417216446364e-17
1.524433268679442e-17
1.524449397608511e-17
1.524465603272558e-17
1.524481885710571e-17
1.524498244961538e-17
1.524514681064447e-17
1.524531194058284e-17
1.524547783982039e-17
1.524564450874699e-17
1.524581194775252e-17
1.524598015722684e-17
1.524614913755985e-17
1.524631888914142e-17
1.524648941236143e-17
1.524666070760975e-17
1.524683277527626e-17
1.524700561575084e-17
1.524717922942338e-17
1.524735361668373e-17
1.524752877792179e-17
1.524770471352743e-17
1.524788142389052e-17
1.524805890940095e-17
1.524823717044859e-17
1.524841620742333e-17
1.524859602071503e-17
1.524877661071358e-17
1.524895797780885e-17
1.524914012239073e-17
1.524932304484908e-17
1.524950674557379e-17
1.524969122495474e-17
1.524987648338179e-17
1.525006252124484e-17
1.525024933893375e-17
1.525043693683841e-17
1.525062531534868e-17
1.525081447485446e-17
1.525100441574562e-17
1.525119513841203e-17
1.525138664324358e-17
1.525157893063013e-17
1.525177200096157e-17
1.525196585462778e-17
1.525216049201863e-17
1.525235591352400e-17
1.525255211953378e-17
1.525274911043782e-17
1.525294688662602e-17
1.525314544848826e-17
1.525334479641440e-17
1.525354493079432e-17
1.525374585201792e-17
1.525394756047505e-17
1.525415005655561e-17
1.525435334064946e-17
1.525455741314649e-17
1.525476227443656e-17
1.525496792490957e-17
1.525517436495539e-17
1.525538159496389e-17
1.525558961532496e-17
1.525579842642846e-17
1.525600802866428e-17
1.525621842242230e-17
1.525642960809239e-17
1.525664158606444e-17
1.525685435672831e-17
1.525706792047389e-17
1.525728227769105e-17
1.525749742876968e-17
1.525771337409964e-17
1.525793011407082e-17
1.525814764907309e-17
1.525836597949634e-17
1.525858510573044e-17
1.525880502816526e-17
1.525902574719069e-17
1.525924726319660e-17
1.525946957657287e-17
1.525969268770938e-17
1.525991659699601e-17
1.526014130482263e-17
1.526036681157912e-17
1.526059311765535e-17
1.526082022344122e-17
1.526104812932658e-17
1.526127683570133e-17
1.526150634295534e-17
1.526173665147848e-17
1.526196776166064e-17
1.526219967389169e-17
1.526243238856151e-17
1.526266590605997e-17
1.526290022677697e-17
1.526313535110236e-17
1.526337127942603e-17
1.526360801213786e-17
1.526384554962773e-17
1.526408389228550e-17
1.526432304050107e-17
1.526456299466431e-17
1.526480375516509e-17
1.526504532239329e-17
1.526528769673880e-17
1.526553087859149e-17
1.526577486834123e-17
1.526601966637790e-17
1.526626527309139e-17
1.526651168887156e-17
1.526675891410830e-17
1.526700694919149e-17
1.526725579451100e-17
1.526750545045671e-17
1.526775591741849e-17
1.526800719578623e-17
1.526825928594980e-17
1.526851218829908e-17
1.526876590322395e-17
1.526902043111429e-17
1.526927577235997e-17
1.526953192735087e-17
1.526978889647686e-17
1.527004668012784e-17
1.527030527869366e-17
1.527056469256422e-17
1.527082492212938e-17
1.527108596777903e-17
1.527134782990305e-17
1.527161050889131e-17
1.527187400513368e-17
1.527213831902006e-17
1.527240345094031e-17
1.527266940128431e-17
1.527293617044194e-17
1.527320375880307e-17
1.527347216675760e-17
1.527374139469538e-17
1.527401144300630e-17
1.527428231208025e-17
1.527455400230709e-17
1.527482651407670e-17
1.527509984777896e-17
1.527537400380375e-17
1.527564898254094e-17
1.527592478438043e-17
1.527620140971207e-17
1.527647885892575e-17
1.527675713241134e-17
1.527703623055873e-17
1.527731615375780e-17
1.527759690239841e-17
1.527787847687045e-17
1.527816087756379e-17
1.527844410486832e-17
1.527872815917390e-17
1.527901304087042e-17
1.527929875034776e-17
1.527958528799579e-17
1.527987265420439e-17
1.528016084936344e-17
1.528044987386282e-17
1.528073972809240e-17
1.528103041244205e-17
1.528132192730167e-17
1.528161427306112e-17
1.528190745011029e-17
1.528220145883905e-17
1.528249629963728e-17
1.528279197289485e-17
1.528308847900165e-17
1.528338581834755e-17
1.528368399132243e-17
1.528398299831617e-17
1.528428283971864e-17
1.528458351591973e-17
1.528488502730930e-17
1.528518737427724e-17
1.528549055721343e-17
1.528579457650774e-17
1.528609943255005e-17
1.528640512573024e-17
1.528671165643818e-17
1.528701902506376e-17
1.528732723199685e-17
1.528763627762733e-17
1.528794616234507e-17
1.528825688653996e-17
1.528856845060187e-17
1.528888085492068e-17
1.528919409988626e-17
1.528950818588850e-17
1.528982311331728e-17
1.529013888256246e-17
)
;

boundaryField
{
    inlet
    {
        type            fixedValue;
        value           uniform 0.05516641;
    }
    outlet
    {
        type            zeroGradient;
    }
    wall
    {
        type            empty;
    }
}


// ************************************************************************* //
