/*--------------------------------*- C++ -*----------------------------------*\
| =========                 |                                                 |
| \\      /  F ield         | OpenFOAM: The Open Source CFD Toolbox           |
|  \\    /   O peration     | Version:  5.x                                   |
|   \\  /    A nd           | Web:      www.OpenFOAM.org                      |
|    \\/     M anipulation  |                                                 |
\*---------------------------------------------------------------------------*/
FoamFile
{
    version     2.0;
    format      ascii;
    class       volScalarField;
    location    "1";
    object       HCO;
}
// * * * * * * * * * * * * * * * * * * * * * * * * * * * * * * * * * * * * * //

dimensions      [0 0 0 0 0 0 0];

internalField   nonuniform List<scalar>
4335
(
1.483949177446503e-22
1.612285254621651e-21
3.066516817280061e-21
4.511111379965955e-21
5.946090716925412e-21
7.371476602404504e-21
8.787290810649311e-21
1.019355511590591e-20
1.159029129242037e-20
1.297752111443877e-20
1.435526635620719e-20
1.572354879197170e-20
1.708239019597838e-20
1.843181234247332e-20
1.977183700570256e-20
2.110248595991221e-20
2.242378097934834e-20
2.373574383825701e-20
2.503839631088430e-20
2.633176017147631e-20
2.761585719427909e-20
2.889070915353872e-20
3.015633782350128e-20
3.141276497841286e-20
3.266001239251951e-20
3.389810184006733e-20
3.512705509530237e-20
3.634689393247073e-20
3.755764012581847e-20
3.875931544959168e-20
3.995194167803643e-20
4.113554058539879e-20
4.231013394592485e-20
4.347574353386067e-20
4.463239112345233e-20
4.578009848894593e-20
4.691888740458750e-20
4.804877964462315e-20
4.916979698329895e-20
5.028196119486098e-20
5.138529405355530e-20
5.247981733362800e-20
5.356555280932516e-20
5.464252225489283e-20
5.571074744457712e-20
5.677025015262408e-20
5.782105215327981e-20
5.886317522079036e-20
5.989664112940182e-20
6.092147165336027e-20
6.193768856691178e-20
6.294531364430243e-20
6.394436865977829e-20
6.493487538758543e-20
6.591685560196995e-20
6.689033107717790e-20
6.785532358745538e-20
6.881185490704844e-20
6.975994681020318e-20
7.069962107116567e-20
7.163089946418196e-20
7.255380376349815e-20
7.346835574336033e-20
7.437457717801456e-20
7.527248984170691e-20
7.616211550868346e-20
7.704347595319029e-20
7.791659294947348e-20
7.878148827177910e-20
7.963818369435322e-20
8.048670099144192e-20
8.132706193729129e-20
8.215928830614738e-20
8.298340187225630e-20
8.379942440986409e-20
8.460737769321685e-20
8.540728349656065e-20
8.619916359414155e-20
8.698303976020565e-20
8.775893376899905e-20
8.852686739476774e-20
8.928686241175788e-20
9.003894059421553e-20
9.078312371638671e-20
9.151943355251756e-20
9.224789187685413e-20
9.296852046364252e-20
9.368134108712877e-20
9.438637552155896e-20
9.508364554117918e-20
9.577317292023553e-20
9.645497943297404e-20
9.712908685364080e-20
9.779551695648192e-20
9.845429151574343e-20
9.910543230567142e-20
9.974896110051197e-20
1.003848996745112e-19
1.010132698019151e-19
1.016340932569698e-19
1.022473918139213e-19
1.028531872470158e-19
1.034515013304994e-19
1.040423558386180e-19
1.046257725456177e-19
1.052017732257448e-19
1.057703796532451e-19
1.063316136023649e-19
1.068854968473501e-19
1.074320511624469e-19
1.079712983219013e-19
1.085032600999594e-19
1.090279582708673e-19
1.095454146088710e-19
1.100556508882166e-19
1.105586888831503e-19
1.110545503679181e-19
1.115432571167660e-19
1.120248309039401e-19
1.124992935036866e-19
1.129666666902514e-19
1.134269722378807e-19
1.138802319208205e-19
1.143264675133170e-19
1.147657007896161e-19
1.151979535239641e-19
1.156232474906068e-19
1.160416044637905e-19
1.164530462177612e-19
1.168575945267649e-19
1.172552711650478e-19
1.176460979068559e-19
1.180300965264354e-19
1.184072887980321e-19
1.187776964958924e-19
1.191413413942622e-19
1.194982452673875e-19
1.198484298895146e-19
1.201919170348894e-19
1.205287284777581e-19
1.208588859923666e-19
1.211824113529612e-19
1.214993263337878e-19
1.218096527090925e-19
1.221134122531214e-19
1.224106267401207e-19
1.227013179443363e-19
1.229855076400143e-19
1.232632176014009e-19
1.235344696027420e-19
1.237992854182839e-19
1.240576868222724e-19
1.243096955889538e-19
1.245553334925741e-19
1.247946223073794e-19
1.250275838076157e-19
1.252542397675291e-19
1.254746119613657e-19
1.256887221633717e-19
1.258965921477929e-19
1.260982436888756e-19
1.262936985608659e-19
1.264829785380096e-19
1.266661053945530e-19
1.268431009047423e-19
1.270139868428232e-19
1.271787849830421e-19
1.273375170996450e-19
1.274902049668779e-19
1.276368703589869e-19
1.277775350502180e-19
1.279122208148175e-19
1.280409494270313e-19
1.281637426611055e-19
1.282806222912862e-19
1.283916100918195e-19
1.284967278369514e-19
1.285959973009281e-19
1.286894402579955e-19
1.287770784823999e-19
1.288589337483871e-19
1.289350278302035e-19
1.290053825020949e-19
1.290700195383075e-19
1.291289607130873e-19
1.291822278006805e-19
1.292298425753331e-19
1.292718268112912e-19
1.293082022828008e-19
1.293389907641081e-19
1.293642140294591e-19
1.293838938530998e-19
1.293980520092765e-19
1.294067102722351e-19
1.294098904162216e-19
1.294076142154823e-19
1.293999034442632e-19
1.293867798768103e-19
1.293682652873697e-19
1.293443814501875e-19
1.293151501395099e-19
1.292805931295827e-19
1.292407321946521e-19
1.291955891089643e-19
1.291451856467653e-19
1.290895435823011e-19
1.290286846898178e-19
1.289626307435615e-19
1.288914035177784e-19
1.288150247867144e-19
1.287335163246156e-19
1.286468999057281e-19
1.285551973042980e-19
1.284584302945714e-19
1.283566206507943e-19
1.282497901472128e-19
1.281379605580730e-19
1.280211536576210e-19
1.278993912201029e-19
1.277726950197646e-19
1.276410868308524e-19
1.275045884276122e-19
1.273632215842901e-19
1.272170080751323e-19
1.270659696743848e-19
1.269101281562937e-19
1.267495052951050e-19
1.265841228650648e-19
1.264140026404193e-19
1.262391663954144e-19
1.260596359042963e-19
1.258754329413110e-19
1.256865792807046e-19
1.254930966967232e-19
1.252950069636129e-19
1.250923318556197e-19
1.248850931469897e-19
1.246733126119690e-19
1.244570120248037e-19
1.242362131597398e-19
1.240109377910234e-19
1.237812076929006e-19
1.235470446396175e-19
1.233084704054202e-19
1.230655067645546e-19
1.228181754912669e-19
1.225664983598033e-19
1.223104971444097e-19
1.220501936193321e-19
1.217856095588168e-19
1.215167667371098e-19
1.212436869284572e-19
1.209663919071049e-19
1.206849034472992e-19
1.203992433232860e-19
1.201094333093116e-19
1.198154951796218e-19
1.195174507084628e-19
1.192153216700808e-19
1.189091298387217e-19
1.185988969886317e-19
1.182846448940567e-19
1.179663953292429e-19
1.176441700684364e-19
1.173179908858833e-19
1.169878795558296e-19
1.166538578525213e-19
1.163159475502047e-19
1.159741704231257e-19
1.156285482455304e-19
1.152791027916649e-19
1.149258558357753e-19
1.145688291521076e-19
1.142080445149080e-19
1.138435236984225e-19
1.134752884768971e-19
1.131033606245780e-19
1.127277619157112e-19
1.123485141245429e-19
1.119656390253190e-19
1.115791583922857e-19
1.111890939996890e-19
1.107954676217751e-19
1.103983010327899e-19
1.099976160069796e-19
1.095934343185902e-19
1.091857777418679e-19
1.087746680510586e-19
1.083601270204085e-19
1.079421764241637e-19
1.075208380365702e-19
1.070961336318741e-19
1.066680849843214e-19
1.062367138681583e-19
1.058020420576308e-19
1.053640913269850e-19
1.049228834504670e-19
1.044784402023228e-19
1.040307833567986e-19
1.035799346881404e-19
1.031259159705943e-19
1.026687489784064e-19
1.022084554858226e-19
1.017450572670892e-19
1.012785760964522e-19
1.008090337481576e-19
1.003364519964515e-19
9.986085261558014e-20
9.938225737978942e-20
9.890068806332540e-20
9.841616644043429e-20
9.792871428536208e-20
9.743835337235491e-20
9.694510547565877e-20
9.644899236951977e-20
9.595003582818402e-20
9.544825762589751e-20
9.494367953690642e-20
9.443632333545679e-20
9.392621079579461e-20
9.341336369216621e-20
9.289780379881731e-20
9.237955288999428e-20
9.185863273994301e-20
9.133506512290970e-20
9.080887181314027e-20
9.028007458488105e-20
8.974869521237788e-20
8.921475546987693e-20
8.867827713162429e-20
8.813928197186595e-20
8.759779176484818e-20
8.705382828481685e-20
8.650741330601807e-20
8.595856860269800e-20
8.540731594910268e-20
8.485367711947815e-20
8.429767388807059e-20
8.373932802912588e-20
8.317866131689033e-20
8.261569552560991e-20
8.205045242953063e-20
8.148295380289859e-20
8.091322141996004e-20
8.034127705496081e-20
7.976714248214710e-20
7.919083947576500e-20
7.861238981006049e-20
7.803181525927981e-20
7.744913759766894e-20
7.686437859947392e-20
7.627756003894088e-20
7.568870369031583e-20
7.509783132784496e-20
7.450496472577418e-20
7.391012565834971e-20
7.331333589981761e-20
7.271461722442395e-20
7.211399140641479e-20
7.151148022003611e-20
7.090710543953421e-20
7.030088883915490e-20
6.969285219314443e-20
6.908301727574897e-20
6.847140586121417e-20
6.785803972378672e-20
6.724294063771216e-20
6.662613037723681e-20
6.600763071660676e-20
6.538746343006807e-20
6.476565029186677e-20
6.414221307624886e-20
6.351717355746056e-20
6.289055350974798e-20
6.226237470735702e-20
6.163265892453390e-20
6.100142793552454e-20
6.036870351457530e-20
5.973450743593191e-20
5.909886147384072e-20
5.846178740254767e-20
5.782330699629890e-20
5.718344202934043e-20
5.654221427591825e-20
5.589964551027873e-20
5.525575750666760e-20
5.461057203933112e-20
5.396411088251539e-20
5.331639581046634e-20
5.266744859743038e-20
5.201729101765312e-20
5.136594484538092e-20
5.071343185485982e-20
5.005977382033579e-20
4.940499251605518e-20
4.874910971626376e-20
4.809214719520778e-20
4.743412672713317e-20
4.677507008628619e-20
4.611499904691287e-20
4.545393538325909e-20
4.479190086957123e-20
4.412891728009506e-20
4.346500638907693e-20
4.280018997076274e-20
4.213448979939854e-20
4.146792764923059e-20
4.080052529450483e-20
4.013230450946742e-20
3.946328706836435e-20
3.879349474544177e-20
3.812294931494562e-20
3.745167255112211e-20
3.677968622821740e-20
3.610701212047720e-20
3.543367200214808e-20
3.475968764747570e-20
3.408508083070642e-20
3.340987332608624e-20
3.273408690786095e-20
3.205774335027713e-20
3.138086442758049e-20
3.070347191401712e-20
3.002558758383330e-20
2.934723321127504e-20
2.866843057058834e-20
2.798920143601921e-20
2.730956758181401e-20
2.662955078221845e-20
2.594917281147884e-20
2.526845544384124e-20
2.458742045355158e-20
2.390608961485631e-20
2.322448470200092e-20
2.254262748923193e-20
2.186053975079532e-20
2.117824326093713e-20
2.049575979390346e-20
1.981311112394041e-20
1.913031902529392e-20
1.844740527221022e-20
1.776439163893537e-20
1.708129989971532e-20
1.639815182879627e-20
1.571496920042426e-20
1.503177378884537e-20
1.434858736830567e-20
1.366543171305123e-20
1.298232859732813e-20
1.229929979538246e-20
1.161636708146028e-20
1.093355222980766e-20
1.025087701467070e-20
9.568363210295457e-21
8.886032590928015e-21
8.203906930814402e-21
7.522008004200830e-21
6.840357585333239e-21
6.158977448457712e-21
5.477889367820447e-21
4.797115117667395e-21
4.116676472244676e-21
3.436595205798363e-21
2.756893092574532e-21
2.077591906819264e-21
1.398713422778631e-21
7.202794146987081e-22
4.231165682557634e-23
-6.351680765946932e-22
-1.312138011316063e-21
-1.988576373092337e-21
-2.664461387677555e-21
-3.339771280825650e-21
-4.014484278290416e-21
-4.688578605825903e-21
-5.362032489186037e-21
-6.034824154124610e-21
-6.706931826395678e-21
-7.378333731753163e-21
-8.049008095950863e-21
-8.718933144742835e-21
-9.388087103882988e-21
-1.005644819912513e-20
-1.072399465622334e-20
-1.139070470093145e-20
-1.205655655900334e-20
-1.272152845619309e-20
-1.338559861825448e-20
-1.404874527094145e-20
-1.471094664000805e-20
-1.537218095120801e-20
-1.603242643029540e-20
-1.669166130302415e-20
-1.734986379514805e-20
-1.800701213242119e-20
-1.866308454059737e-20
-1.931805924543051e-20
-1.997191447267467e-20
-2.062462844808363e-20
-2.127617939741134e-20
-2.192654554641183e-20
-2.257570512083890e-20
-2.322363634644648e-20
-2.387031744898861e-20
-2.451572665421910e-20
-2.515984218789187e-20
-2.580264227576096e-20
-2.644410514358019e-20
-2.708420901710351e-20
-2.772293212208484e-20
-2.836025268427812e-20
-2.899614892943725e-20
-2.963059908331618e-20
-3.026358137166881e-20
-3.089507402024909e-20
-3.152505525481092e-20
-3.215350330110820e-20
-3.278039638489497e-20
-3.340571273192502e-20
-3.402943056795233e-20
-3.465152811873083e-20
-3.527198361001442e-20
-3.589077526755705e-20
-3.650788131711262e-20
-3.712327998443507e-20
-3.773694949527832e-20
-3.834886807539629e-20
-3.895901395054291e-20
-3.956736534647210e-20
-4.017390048893779e-20
-4.077859760369389e-20
-4.138143491649434e-20
-4.198239065309305e-20
-4.258144303924400e-20
-4.317857030070097e-20
-4.377375066321807e-20
-4.436696235254903e-20
-4.495818359444795e-20
-4.554739261466870e-20
-4.613456763896511e-20
-4.671968689309121e-20
-4.730272860280094e-20
-4.788367099384809e-20
-4.846249229198672e-20
-4.903917072297073e-20
-4.961368451255391e-20
-5.018601188649040e-20
-5.075613107053401e-20
-5.132402029043857e-20
-5.188965777195821e-20
-5.245302174084674e-20
-5.301409042285807e-20
-5.357284204374609e-20
-5.412925482926487e-20
-5.468330700516819e-20
-5.523497679721000e-20
-5.578424243114432e-20
-5.633108213272498e-20
-5.687547412770587e-20
-5.741739664184105e-20
-5.795682790088435e-20
-5.849374613058965e-20
-5.902812955671101e-20
-5.955995640500224e-20
-6.008920490121728e-20
-6.061585327111011e-20
-6.113987974043464e-20
-6.166126253494472e-20
-6.217997988039439e-20
-6.269601000253751e-20
-6.320933112712787e-20
-6.371992147991966e-20
-6.422775928666668e-20
-6.473282277312277e-20
-6.523509016504201e-20
-6.573453968817824e-20
-6.623114956828533e-20
-6.672489803111725e-20
-6.721576330242802e-20
-6.770372360797146e-20
-6.818875717350146e-20
-6.867084222477200e-20
-6.914995698753706e-20
-6.962607968755046e-20
-7.009918855056620e-20
-7.056926180233819e-20
-7.103627766862029e-20
-7.150021437516645e-20
-7.196105014773069e-20
-7.241876321206680e-20
-7.287333179392882e-20
-7.332473411907061e-20
-7.377294841324605e-20
-7.421795290220913e-20
-7.465972581171380e-20
-7.509824536751389e-20
-7.553348979536343e-20
-7.596543732101628e-20
-7.639406617022633e-20
-7.681935456874757e-20
-7.724128074233394e-20
-7.765982291673927e-20
-7.807495931771760e-20
-7.848666817102279e-20
-7.889492770240870e-20
-7.929971613762936e-20
-7.970101170243866e-20
-8.009879262259057e-20
-8.049303712383889e-20
-8.088372343193766e-20
-8.127082977264073e-20
-8.165433437170204e-20
-8.203421545487558e-20
-8.241045124791523e-20
-8.278301997657487e-20
-8.315189986660849e-20
-8.351706914376996e-20
-8.387850603381320e-20
-8.423618876249224e-20
-8.459009555556090e-20
-8.494020463877311e-20
-8.528649423788284e-20
-8.562894257864395e-20
-8.596752788681041e-20
-8.630222838813616e-20
-8.663302230837511e-20
-8.695988787328116e-20
-8.728280330860825e-20
-8.760174684011031e-20
-8.791669669354125e-20
-8.822763109465498e-20
-8.853452826920548e-20
-8.883736644294663e-20
-8.913612384163233e-20
-8.943077869101655e-20
-8.972130921685322e-20
-9.000769364489621e-20
-9.028991020089952e-20
-9.056793711061703e-20
-9.084175259980259e-20
-9.111133489421027e-20
-9.137666221959393e-20
-9.163771280170745e-20
-9.189446486630482e-20
-9.214689663913993e-20
-9.239498634596666e-20
-9.263871221253905e-20
-9.287805246461096e-20
-9.311298532793625e-20
-9.334348902826895e-20
-9.356954179136293e-20
-9.379112184297207e-20
-9.400820740885044e-20
-9.422077671475183e-20
-9.442880798643021e-20
-9.463227944963946e-20
-9.483116933013358e-20
-9.502545585366642e-20
-9.521511724599197e-20
-9.540013173286413e-20
-9.558047754003680e-20
-9.575613289326392e-20
-9.592707601829943e-20
-9.609328514089723e-20
-9.625473848681124e-20
-9.641141428179543e-20
-9.656329075160369e-20
-9.671034612198992e-20
-9.685255861870806e-20
-9.698990646751208e-20
-9.712236789415583e-20
-9.724992112439330e-20
-9.737254438397840e-20
-9.749021589866500e-20
-9.760291389420707e-20
-9.771061659635853e-20
-9.781330223087328e-20
-9.791094902350531e-20
-9.800353520000849e-20
-9.809103898613675e-20
-9.817343860764396e-20
-9.825071229028416e-20
-9.832283825981122e-20
-9.838979474197904e-20
-9.845155996254154e-20
-9.850811214725269e-20
-9.855942952186635e-20
-9.860549031213653e-20
-9.864627274381711e-20
-9.868175504266199e-20
-9.871191543442510e-20
-9.873673214486040e-20
-9.875618339972179e-20
-9.877024742476320e-20
-9.877890244573853e-20
-9.878212668840177e-20
-9.877989837850675e-20
-9.877219574180749e-20
-9.875899700405782e-20
-9.874028039101175e-20
-9.871602412842315e-20
-9.868620644204594e-20
-9.865080555763409e-20
-9.860979970094147e-20
-9.856316709772208e-20
-9.851088597372976e-20
-9.845293455471843e-20
-9.838929106644208e-20
-9.831993373465460e-20
-9.824484078510996e-20
-9.816399044356201e-20
-9.807736093576473e-20
-9.798493048747199e-20
-9.788667732443775e-20
-9.778257967241596e-20
-9.767261575716050e-20
-9.755676380442529e-20
-9.743500203996429e-20
-9.730730868953138e-20
-9.717366197888051e-20
-9.703404013376562e-20
-9.688842137994061e-20
-9.673678394315942e-20
-9.657910604917597e-20
-9.641536592374418e-20
-9.624554179261795e-20
-9.606961188155123e-20
-9.588755441629794e-20
-9.569934762261201e-20
-9.550496972624736e-20
-9.530439895295788e-20
-9.509761352849756e-20
-9.488459167862029e-20
-9.466531162908001e-20
-9.443975160563058e-20
-9.420788983402601e-20
-9.396970454002016e-20
-9.372517394936702e-20
-9.347427628782044e-20
-9.321698978113437e-20
-9.295329265506274e-20
-9.268316313535949e-20
-9.240657944777854e-20
-9.212351981807379e-20
-9.183396247199916e-20
-9.153788563530864e-20
-9.123526753375603e-20
-9.092608639309536e-20
-9.061032043908057e-20
-9.028794789746551e-20
-8.995894699400409e-20
-8.962329595445032e-20
-8.928097300455805e-20
-8.893195637008123e-20
-8.857622427677381e-20
-8.821375495038969e-20
-8.784452661668277e-20
-8.746851750140697e-20
-8.708570583031631e-20
-8.669606982916459e-20
-8.629958772370584e-20
-8.589623773969393e-20
-8.548599810288276e-20
-8.506884703902623e-20
-8.464476277387843e-20
-8.421372353319307e-20
-8.377570754272425e-20
-8.333069302822580e-20
-8.287865821545161e-20
-8.241958133015564e-20
-8.195344059809193e-20
-8.148021424501421e-20
-8.099988049667657e-20
-8.051241757883284e-20
-8.001780371723692e-20
-7.951601713764279e-20
-7.900703606580440e-20
-7.849083872747557e-20
-7.796740334841036e-20
-7.743670815436265e-20
-7.689873137108627e-20
-7.635345122433517e-20
-7.580084593986333e-20
-7.524089374342473e-20
-7.467357286077324e-20
-7.409886151766267e-20
-7.351673793984713e-20
-7.292718035308039e-20
-7.233016698311640e-20
-7.172567605570926e-20
-7.111368579661269e-20
-7.049417443158066e-20
-6.986712018636717e-20
-6.923250128672600e-20
-6.859029595841118e-20
-6.794048242717676e-20
-6.728303891877638e-20
-6.661794365896411e-20
-6.594517487349393e-20
-6.526471078811961e-20
-6.457652962859519e-20
-6.388060962067471e-20
-6.317692899011180e-20
-6.246546596266054e-20
-6.174619876407493e-20
-6.101910562010872e-20
-6.028416475651595e-20
-5.954135439905060e-20
-5.879065277346656e-20
-5.803203810551755e-20
-5.726548862095771e-20
-5.649098254554096e-20
-5.570849810502112e-20
-5.491801352515222e-20
-5.411950703168817e-20
-5.331295685038270e-20
-5.249834120698996e-20
-5.167563832726386e-20
-5.084482643695826e-20
-5.000588376182704e-20
-4.915878852762422e-20
-4.830351896010363e-20
-4.744005328501917e-20
-4.656836972812498e-20
-4.568844651517485e-20
-4.480026187192260e-20
-4.390379402412230e-20
-4.299902119752779e-20
-4.208592161789294e-20
-4.116447351097190e-20
-4.023465510251848e-20
-3.929644461828646e-20
-3.834982028402988e-20
-3.739476032550278e-20
-3.643124296845881e-20
-3.545924643865210e-20
-3.447874896183674e-20
-3.348972876376622e-20
-3.249216407019470e-20
-3.148603310687618e-20
-3.047131409956434e-20
-2.944798527401341e-20
-2.841602485597715e-20
-2.737541107120940e-20
-2.632612214546422e-20
-2.526813630449556e-20
-2.420143177405712e-20
-2.312598677990313e-20
-2.204177954778743e-20
-2.094878830346364e-20
-1.984699127268599e-20
-1.873636668120845e-20
-1.761689275478466e-20
-1.648854771916888e-20
-1.535130980011493e-20
-1.420515722337647e-20
-1.305006821470764e-20
-1.188602099986248e-20
-1.071299380459461e-20
-9.530964854658369e-21
-8.339912375807185e-21
-7.139814593795399e-21
-5.930649734376672e-21
-4.712396023304981e-21
-3.485031686334463e-21
-2.248534949218945e-21
-1.002884037712026e-21
2.519424094577156e-22
1.515878203031268e-21
2.788661816950651e-21
4.070005294808829e-21
5.359620680199080e-21
6.657220016714694e-21
7.962515347948466e-21
9.275218717493848e-21
1.059504216894380e-20
1.192169774589111e-20
1.325489749192957e-20
1.459435345065196e-20
1.593977766565125e-20
1.729088218052089e-20
1.864737903885384e-20
2.000898028424287e-20
2.137539796028181e-20
2.274634411056341e-20
2.412153077868082e-20
2.550067000822697e-20
2.688347384279535e-20
2.826965432597872e-20
2.965892350137038e-20
3.105099341256363e-20
3.244557610315141e-20
3.384238361672668e-20
3.524112799688291e-20
3.664152128721287e-20
3.804327553130985e-20
3.944610277276717e-20
4.084971505517776e-20
4.225382442213457e-20
4.365814291723090e-20
4.506238258406006e-20
4.646625546621480e-20
4.786947360728862e-20
4.927174905087444e-20
5.067279384056523e-20
5.207232001995427e-20
5.347003963263488e-20
5.486566472219981e-20
5.625890733224256e-20
5.764947950635604e-20
5.903709328813340e-20
6.042146072116742e-20
6.180229384905190e-20
6.317930471537963e-20
6.455220536374355e-20
6.592070783773713e-20
6.728452418095332e-20
6.864336643698492e-20
6.999694664942570e-20
7.134497686186847e-20
7.268716911790618e-20
7.402323546113229e-20
7.535288793513957e-20
7.667583858352134e-20
7.799179944987086e-20
7.930048257778111e-20
8.060160001084503e-20
8.189486379265608e-20
8.317998596680707e-20
8.445667857689126e-20
8.572465366650195e-20
8.698362327923210e-20
8.823329945867468e-20
8.947339424842311e-20
9.070361969207021e-20
9.192368783320942e-20
9.313331071543355e-20
9.433220038233602e-20
9.552006887750983e-20
9.669662824454791e-20
9.786159052704357e-20
9.901466776859007e-20
1.001555720127802e-19
1.012840153032075e-19
1.023997096834648e-19
1.035023671971451e-19
1.045916998878417e-19
1.056674197991480e-19
1.067292389746566e-19
1.077768694579610e-19
1.088100232926542e-19
1.098284125223292e-19
1.108317491905793e-19
1.118197453409976e-19
1.127921130171771e-19
1.137485642627112e-19
1.146888111211928e-19
1.156125656362148e-19
1.165195398513708e-19
1.174094458102537e-19
1.182819955564565e-19
1.191369011335726e-19
1.199738745851950e-19
1.207926279549166e-19
1.215928732863308e-19
1.223743226230307e-19
1.231366880086094e-19
1.238796814866599e-19
1.246030151007755e-19
1.253064008945491e-19
1.259895509115739e-19
1.266521771954433e-19
1.272939917897501e-19
1.279147067380875e-19
1.285140340840487e-19
1.290916858712267e-19
1.296473741432147e-19
1.301808109436060e-19
1.306917083159934e-19
1.311797783039701e-19
1.316447329511294e-19
1.320862843010643e-19
1.325041443973678e-19
1.328980252836333e-19
1.332676390034538e-19
1.336126976004223e-19
1.339329131181320e-19
1.342279976001762e-19
1.344976630901478e-19
1.347416216316400e-19
1.349595852682458e-19
1.351512660435586e-19
1.353163760011713e-19
1.354546271846771e-19
1.355657316376691e-19
1.356494014037404e-19
1.357053485264842e-19
1.357332850494935e-19
1.357329230163616e-19
1.357039744706815e-19
1.356461514560463e-19
1.355591660160493e-19
1.354427301942834e-19
1.352965560343418e-19
1.351203555798177e-19
1.349138408743041e-19
1.346767239613942e-19
1.344087168846811e-19
1.341095316877580e-19
1.337788804142179e-19
1.334164751076540e-19
1.330220278116594e-19
1.325952505698272e-19
1.321358554257505e-19
1.316435544230226e-19
1.311180596052364e-19
1.305590830159852e-19
1.299663366988620e-19
1.293395326974599e-19
1.286783830553721e-19
1.279825998161918e-19
1.272518950235120e-19
1.264859807209257e-19
1.256845689520264e-19
1.248473717604069e-19
1.239741011896603e-19
1.230644692833800e-19
1.221181880851591e-19
1.211349696385903e-19
1.201145259872673e-19
1.190565691747827e-19
1.179608112447299e-19
1.168269642407023e-19
1.156547402062923e-19
1.144438511850936e-19
1.131940092206991e-19
1.119049263567020e-19
1.105763146366953e-19
1.092078861042725e-19
1.077993528030263e-19
1.063504267765499e-19
1.048608200684365e-19
1.033302447222793e-19
1.017584127816712e-19
1.001450362902057e-19
9.848982729147563e-20
9.679249782907399e-20
9.505275994659409e-20
9.327032568762921e-20
9.144490709577211e-20
8.957621621461637e-20
8.766396508775484e-20
8.570786575878042e-20
8.370763027128638e-20
8.166297066886630e-20
7.957359899511291e-20
7.743922729361908e-20
7.525956760797843e-20
7.303433198178365e-20
7.076323245862809e-20
6.844598108210514e-20
6.608228989580758e-20
6.367187094332835e-20
6.121443626826082e-20
5.870969791419843e-20
5.615736792473368e-20
5.355715834345991e-20
5.090878121397107e-20
4.821194857985887e-20
4.546637248471711e-20
4.267176497213885e-20
3.982783808571804e-20
3.693430386904631e-20
3.399087436571786e-20
3.099726161932508e-20
2.795317767346150e-20
2.485833457172023e-20
2.171244435769436e-20
1.851521907497784e-20
1.526637076716254e-20
1.196561147784168e-20
8.612653250608744e-21
5.207208129056791e-21
1.748988156778979e-21
-1.762220545392386e-21
-5.324928080148499e-21
-8.935940773700213e-21
-1.259199087501975e-20
-1.628981063307979e-20
-2.002613229685297e-20
-2.379768811531056e-20
-2.760121033742805e-20
-3.143343121217668e-20
-3.529108298852914e-20
-3.917089791545808e-20
-4.306960824193617e-20
-4.698394621693460e-20
-5.091064408942899e-20
-5.484643410839052e-20
-5.878804852279186e-20
-6.273221958160567e-20
-6.667567953380414e-20
-7.061516062836090e-20
-7.454739511424716e-20
-7.846911524043754e-20
-8.237705325590372e-20
-8.626794140961838e-20
-9.013851195055369e-20
-9.398549712768328e-20
-9.780562918997838e-20
-1.015956403864136e-19
-1.053522629659606e-19
-1.090722291775921e-19
-1.127522712702802e-19
-1.163891214929986e-19
-1.199795120947185e-19
-1.235201753244145e-19
-1.270078434310583e-19
-1.304392486636225e-19
-1.338111232710794e-19
-1.371201995024026e-19
-1.403632096065634e-19
-1.435368858325361e-19
-1.466379604292926e-19
-1.496631656458056e-19
-1.526092337310473e-19
-1.554728969339912e-19
-1.582508875036095e-19
-1.609399376888742e-19
-1.635367797387595e-19
-1.660381459022368e-19
-1.684407684282799e-19
-1.707413795658601e-19
-1.729367115639509e-19
-1.750234966715247e-19
-1.769984671375544e-19
-1.788583552110130e-19
-1.805998931408722e-19
-1.822198131761056e-19
-1.837148475656850e-19
-1.850817285585833e-19
-1.863171884037740e-19
-1.874179593502288e-19
-1.883807736469210e-19
-1.892023635428227e-19
-1.898794612869069e-19
-1.904087991281462e-19
-1.907871093155133e-19
-1.910111240979809e-19
-1.910775757245215e-19
-1.909831964441079e-19
-1.907247185057127e-19
-1.902988741583087e-19
-1.897023956508685e-19
-1.889320152323647e-19
-1.879844651517698e-19
-1.868564776580569e-19
-1.855447850001984e-19
-1.840461194271667e-19
-1.823572131879356e-19
-1.804747985314760e-19
-1.783956077067619e-19
-1.761163729627657e-19
-1.736338265484593e-19
-1.709447007128166e-19
-1.680457277048097e-19
-1.649336397734113e-19
-1.616051691675930e-19
-1.580570481363294e-19
-1.542860089285922e-19
-1.502887837933531e-19
-1.460621049795879e-19
-1.416027047362650e-19
-1.369073153123602e-19
-1.319726689568452e-19
-1.267954979186914e-19
-1.213725344468740e-19
-1.157005107903643e-19
-1.097761591981350e-19
-1.035962119191573e-19
-9.715740120240687e-20
-9.045645929685498e-20
-8.349011845147236e-20
-7.625511091523520e-20
-6.874816893711450e-20
-6.096602476608289e-20
-5.290541065111318e-20
-4.456305884117568e-20
-3.593570158524734e-20
-2.702007113229653e-20
-1.781289973130269e-20
-8.310919631231778e-21
1.489127547625190e-21
1.158631467637284e-20
2.196895461683140e-20
3.262365499789378e-20
4.353702344846065e-20
5.469566759743012e-20
6.608619507370028e-20
7.769521350617220e-20
8.950933052373814e-20
1.015151537553021e-19
1.136992908297532e-19
1.260483493759985e-19
1.385489370229363e-19
1.511876613994585e-19
1.639511301344693e-19
1.768259508568607e-19
1.897987311955338e-19
2.028560787793868e-19
2.159846012373177e-19
2.291709061982281e-19
2.424016012910093e-19
2.556632941445661e-19
2.689425923877900e-19
2.822261036495791e-19
2.955004355588414e-19
3.087521957444650e-19
3.219679918353548e-19
3.351344314604023e-19
3.482381222485087e-19
3.612656718285723e-19
3.742036878294911e-19
3.870387778801664e-19
3.997575496094899e-19
4.123466106463661e-19
4.247925686196870e-19
4.370820311583503e-19
4.492016058912636e-19
4.611379004473159e-19
4.728775224554113e-19
4.844070795444418e-19
4.957131793433086e-19
5.067824294809126e-19
5.176014375861435e-19
5.281568112879104e-19
5.384351582151033e-19
5.484230859966232e-19
5.581072022613703e-19
5.674741146382378e-19
5.765104307561266e-19
5.852027582439346e-19
5.935377047305621e-19
6.015018778449028e-19
6.090818852158570e-19
6.162643344723246e-19
6.230358332431986e-19
6.293829891573836e-19
6.352924098437731e-19
6.407507029312667e-19
6.457444760487635e-19
6.502603368251594e-19
6.542848928893537e-19
6.578047518702445e-19
6.608065213967306e-19
6.632768090977085e-19
6.652022226020772e-19
6.665693695387352e-19
6.673648575365799e-19
6.675752942245095e-19
6.671872872314224e-19
6.661874441862168e-19
6.645623727177901e-19
6.622986804550414e-19
6.593829750268673e-19
6.558018640621687e-19
6.515419551898401e-19
6.465898560387823e-19
6.409321742378928e-19
6.345555174160675e-19
6.274464932022083e-19
6.195917092252112e-19
6.109777731139749e-19
6.015912924973971e-19
5.914188750043733e-19
5.804471282638070e-19
5.686626599045904e-19
5.560520775556308e-19
5.426019888458176e-19
5.282990014040479e-19
5.131297228592268e-19
4.970807608402452e-19
4.801387229760088e-19
4.622902168954125e-19
4.435218502273537e-19
4.238202306007311e-19
4.031719656444366e-19
3.815636629873798e-19
3.589819302584473e-19
3.354133750865483e-19
3.108446051005822e-19
2.852622279294282e-19
2.586528512020028e-19
2.310030825471912e-19
2.022995295939055e-19
1.725287999710363e-19
1.416775013074822e-19
1.097322412321416e-19
7.667962737390356e-20
4.250626736168289e-20
7.198768824360971e-21
-2.924338336555467e-20
-6.672553345714840e-20
-1.051103698301351e-19
-1.442603796572415e-19
-1.840380501112420e-19
-2.243058683648719e-19
-2.649263215908962e-19
-3.057618969620803e-19
-3.466750816511484e-19
-3.875283628308967e-19
-4.281842276740495e-19
-4.685051633533823e-19
-5.083536570416299e-19
-5.475921959115575e-19
-5.860832671359204e-19
-6.236893578874735e-19
-6.602729553389811e-19
-6.956965466631798e-19
-7.298226190328341e-19
-7.625136596207071e-19
-7.936321555995300e-19
-8.230405941420888e-19
-8.506014624211161e-19
-8.761772476093743e-19
-8.996304368796245e-19
-9.208235174046097e-19
-9.396189763570914e-19
-9.558793009098245e-19
-9.694669782355673e-19
-9.802444955070680e-19
-9.880743398970854e-19
-9.928189985783758e-19
-9.943409587236911e-19
-9.925027075057890e-19
-9.871667320974237e-19
-9.781955196713508e-19
-9.654515574003215e-19
-9.487973324570975e-19
-9.280953320144256e-19
-9.032080432450774e-19
-8.739979533217836e-19
-8.403275494173197e-19
-8.020593187044336e-19
-7.590557483558689e-19
-7.111793255444029e-19
-6.582925374427801e-19
-6.002578712237556e-19
-5.369378140600844e-19
-4.681948531245045e-19
-3.938914755898043e-19
-3.138901686287022e-19
-2.280534194140156e-19
-1.362437151184373e-19
-3.832354291471767e-20
6.577622917059443e-20
1.751963946406176e-19
2.884087087253285e-19
4.038701563904063e-19
5.200377226013868e-19
6.353683923239806e-19
7.483191505238095e-19
8.573469821664398e-19
9.609088722175487e-19
1.057461805642707e-18
1.145462767407543e-18
1.223368742477744e-18
1.289636715818870e-18
1.342723672396576e-18
1.381086597176458e-18
1.403182475124156e-18
1.407468291205291e-18
1.392401030385488e-18
1.356437677630357e-18
1.298035217905539e-18
1.215650636176629e-18
1.107740917409289e-18
9.727630465691622e-19
8.091740086217604e-19
6.154307885328191e-19
3.899903712678635e-19
1.313097417926277e-19
-1.619506185840872e-19
-4.871813675137346e-19
-8.381924516701247e-19
-1.208664172535758e-18
-1.592276831592514e-18
-1.982710730322732e-18
-2.373646170208366e-18
-2.758763452731664e-18
-3.131742879374777e-18
-3.486264751619855e-18
-3.816009370949130e-18
-4.114657038844586e-18
-4.375888056788458e-18
-4.593382726262947e-18
-4.760821348750060e-18
-4.871884225732109e-18
-4.920251658691144e-18
-4.899603949109348e-18
-4.803621398468840e-18
-4.625984308251818e-18
-4.360372979940416e-18
-4.000467715016786e-18
-3.539948814962952e-18
-2.972496581261294e-18
-2.291791315393858e-18
-1.491513318842581e-18
-5.653428930902621e-19
4.925831950371357e-19
1.674682801005920e-18
2.958053701284952e-18
4.318960263051212e-18
5.733666853480641e-18
7.178437839750565e-18
8.629537589036524e-18
1.006323046851659e-17
1.145578084536631e-17
1.278345308676268e-17
1.402251155988262e-17
1.514922063190213e-17
1.613984466999817e-17
1.697064804134738e-17
1.761789511312636e-17
1.805785025251185e-17
1.826677782668025e-17
1.822094220280827e-17
1.789660774807268e-17
1.727003882964998e-17
1.631749981471656e-17
1.501525507044952e-17
1.333956896402483e-17
1.126670586261995e-17
8.772930133411130e-18
5.834506143575021e-18
2.427698260288227e-18
-1.469118081511527e-18
-5.773916348179698e-18
-1.025600743534590e-17
-1.467322020781372e-17
-1.878338353038920e-17
-2.234432626788113e-17
-2.511387728509249e-17
-2.684986544683044e-17
-2.731011961789993e-17
-2.625246866310743e-17
-2.343474144725884e-17
-1.861476683516004e-17
-1.155037369161485e-17
-1.999390881432643e-18
1.016822670118262e-17
2.430197269864962e-17
3.941947944552002e-17
5.453716284796125e-17
6.867143881211773e-17
8.083872324415199e-17
9.005543205021362e-17
9.533798113646189e-17
9.570278640905275e-17
9.016626377414210e-17
7.774482913788190e-17
5.745489840643399e-17
2.831288748594368e-17
-1.062533591130232e-17
-5.652983937177618e-17
-9.972507592297514e-17
-1.298125909294583e-16
-1.363939297557825e-16
-1.090706377665013e-16
-3.744426032617906e-17
8.787141050244972e-17
2.533190160090036e-16
4.225839109811027e-16
5.583764603130893e-16
6.234070288994796e-16
5.803859816347187e-16
3.920236834132930e-16
3.816533500359660e-17
-3.424982802314429e-16
-5.251813852713752e-16
-2.842475984889877e-16
6.059394617427137e-16
2.371016177051373e-15
5.236618929062353e-15
9.426368682664666e-15
1.515477877885333e-14
2.263379110281323e-14
3.237142352261135e-14
4.980775758207435e-14
8.445385258913157e-14
1.459455998703931e-13
2.446597618430484e-13
3.926851924487620e-13
6.023518497302663e-13
9.004762007438151e-13
1.420403552441545e-12
2.343017006176462e-12
3.854008428293018e-12
6.302037552419806e-12
1.030340304522401e-11
1.710242495489355e-11
2.846324463129863e-11
4.685965620513636e-11
7.801693410242957e-11
1.327514238273428e-10
2.277469583548408e-10
3.938140757459073e-10
6.901630425491418e-10
1.236627547452944e-09
2.252202367384967e-09
4.164105594957986e-09
7.776929343898311e-09
1.455574718041164e-08
2.707743013004879e-08
4.975637415732969e-08
9.007314784374220e-08
1.607226438854622e-07
2.833219588967178e-07
4.945366352927646e-07
8.553796954738140e-07
1.463653742235023e-06
2.467170100793541e-06
4.070683070063109e-06
6.525394922028398e-06
1.009083341304629e-05
1.496909215949146e-05
2.122602372978121e-05
2.872286884412128e-05
3.708078786603387e-05
4.569323505838663e-05
5.381049830284211e-05
6.056674455580482e-05
6.518449608435284e-05
6.710066659860451e-05
6.608354184105042e-05
6.225141937135138e-05
5.607946725670294e-05
4.832322549715817e-05
3.987392374678273e-05
3.157918715744125e-05
2.408391528337809e-05
1.776080088875399e-05
1.272571776216628e-05
8.929452764882532e-06
6.162485231771230e-06
4.194910465645978e-06
2.827244296717127e-06
1.888855989748992e-06
1.268090679535453e-06
8.745974861077596e-07
6.072803286305545e-07
4.246843867232552e-07
3.038387011250096e-07
2.224861439957143e-07
1.667404731754398e-07
1.302158285538708e-07
1.076246803312032e-07
9.400389537742907e-08
8.447639317447366e-08
7.645018783717795e-08
6.981253374858901e-08
6.457494639868119e-08
6.067398513815732e-08
5.781195834303558e-08
5.564553922728185e-08
5.384896511784869e-08
5.227979462673215e-08
5.090465128731289e-08
4.969160416205938e-08
4.860872231344032e-08
4.762407480392514e-08
4.670573069598250e-08
4.582591250093621e-08
4.497766376512654e-08
4.416053860061781e-08
4.337409333342317e-08
4.261788428955494e-08
4.189146779502644e-08
4.119439912288442e-08
4.052578807667668e-08
3.988360945826366e-08
3.926565994090321e-08
3.866973619785360e-08
3.809363490237267e-08
3.753515272771841e-08
3.699210311094809e-08
3.646302962011533e-08
3.594747233974969e-08
3.544504301631532e-08
3.495535339627690e-08
3.447801522609881e-08
3.401264025224510e-08
3.355883799296972e-08
3.311618583305815e-08
3.268423702411162e-08
3.226254423080614e-08
3.185066011781818e-08
3.144813734982365e-08
3.105452859149874e-08
3.066940707909769e-08
3.029248103027942e-08
2.992351307800569e-08
2.956226600550843e-08
2.920850259601930e-08
2.886198563277049e-08
2.852247790162326e-08
2.818975343644577e-08
2.786362325445952e-08
2.754390596271364e-08
2.723042016825729e-08
2.692298447813953e-08
2.662141749940967e-08
2.632553799211432e-08
2.603517717510855e-08
2.575018774528270e-08
2.547042452583639e-08
2.519574233996923e-08
2.492599601088076e-08
2.466104036177074e-08
2.440073232198535e-08
2.414497262701201e-08
2.389370338833467e-08
2.364686833705819e-08
2.340441120428785e-08
2.316627572112865e-08
2.293240561868579e-08
2.270274045146370e-08
2.247718342207248e-08
2.225561901576386e-08
2.203793156310061e-08
2.182400539464567e-08
2.161372484096179e-08
2.140697423261175e-08
2.120363790015852e-08
2.100360017416472e-08
2.080674538519332e-08
2.061295786380709e-08
2.042212194056881e-08
2.023412194604139e-08
2.004884232871738e-08
1.986619065677168e-08
1.968612518674291e-08
1.950861089708439e-08
1.933361276624926e-08
1.916109577269065e-08
1.899102489486183e-08
1.882336511121594e-08
1.865808140020616e-08
1.849513874028567e-08
1.833450210990761e-08
1.817613648752525e-08
1.802000685159168e-08
1.786607818056019e-08
1.771431532260134e-08
1.756468158821957e-08
1.741713928478067e-08
1.727165070242577e-08
1.712817813129614e-08
1.698668386153292e-08
1.684713018327730e-08
1.670947938667046e-08
1.657369376185355e-08
1.643973559896782e-08
1.630756718815439e-08
1.617715081955451e-08
1.604844878330936e-08
1.592142337345614e-08
1.579604012628299e-08
1.567227369948691e-08
1.555010034307405e-08
1.542949630705042e-08
1.531043784142220e-08
1.519290119619537e-08
1.507686262137602e-08
1.496229836697029e-08
1.484918468298419e-08
1.473749781942387e-08
1.462721402629540e-08
1.451830955360479e-08
1.441076065135819e-08
1.430454367039082e-08
1.419963663038652e-08
1.409601892288442e-08
1.399366998013818e-08
1.389256923440147e-08
1.379269611792794e-08
1.369403006297132e-08
1.359655050178523e-08
1.350023686662340e-08
1.340506858973948e-08
1.331102510338710e-08
1.321808583981999e-08
1.312623023129177e-08
1.303543771012122e-08
1.294569004592807e-08
1.285697752175910e-08
1.276929235844912e-08
1.268262677683282e-08
1.259697299774503e-08
1.251232324202046e-08
1.242866973049392e-08
1.234600468400017e-08
1.226432032337395e-08
1.218360886945004e-08
1.210386254306317e-08
1.202507356504816e-08
1.194723415623975e-08
1.187033638370151e-08
1.179436856118596e-08
1.171931512472071e-08
1.164516033167129e-08
1.157188843940315e-08
1.149948370528181e-08
1.142793038667273e-08
1.135721274094139e-08
1.128731502545327e-08
1.121822149757384e-08
1.114991641466862e-08
1.108238403410307e-08
1.101560861324265e-08
1.094957440945288e-08
1.088426568009923e-08
1.081966668254717e-08
1.075576167416220e-08
1.069253491230976e-08
1.062997065435539e-08
1.056805315766453e-08
1.050676667960270e-08
1.044609547753533e-08
1.038602380882795e-08
1.032653593084602e-08
1.026761610095501e-08
1.020924857652043e-08
1.015141761490774e-08
1.009410759655406e-08
1.003730768630573e-08
9.981013264125926e-09
9.925220125344593e-09
9.869924065291608e-09
9.815120879296926e-09
9.760806362690401e-09
9.706976310801984e-09
9.653626518961572e-09
9.600752782499064e-09
9.548350896744394e-09
9.496416657027446e-09
9.444945858678173e-09
9.393934297026443e-09
9.343377767402166e-09
9.293272065135282e-09
9.243612985555672e-09
9.194396323993274e-09
9.145617875777995e-09
9.097273436239712e-09
9.049358800708370e-09
9.001869764513854e-09
8.954802122986103e-09
8.908151671454999e-09
8.861914205250489e-09
8.816085519702448e-09
8.770661410140788e-09
8.725637678680040e-09
8.681010602953693e-09
8.636777239955780e-09
8.592934718922725e-09
8.549480169090919e-09
8.506410719696822e-09
8.463723499976834e-09
8.421415639167404e-09
8.379484266504945e-09
8.337926511225871e-09
8.296739502566637e-09
8.255920369763629e-09
8.215466242053299e-09
8.175374248672056e-09
8.135641518856340e-09
8.096265181842569e-09
8.057242366867167e-09
8.018570203166556e-09
7.980245819977155e-09
7.942266346535406e-09
7.904628912077725e-09
7.867330645840526e-09
7.830368677060263e-09
7.793740134973324e-09
7.757442148816160e-09
7.721471847825178e-09
7.685826361236820e-09
7.650502817214000e-09
7.615498174967303e-09
7.580809042135724e-09
7.546431982488928e-09
7.512363559796605e-09
7.478600337828417e-09
7.445138880354029e-09
7.411975751143132e-09
7.379107513965388e-09
7.346530732590470e-09
7.314241970788051e-09
7.282237792327796e-09
7.250514760979391e-09
7.219069440512497e-09
7.187898394696807e-09
7.156998187301963e-09
7.126365382097660e-09
7.095996542853565e-09
7.065888233339341e-09
7.036037017324676e-09
7.006439458579236e-09
6.977092120872692e-09
6.947991567974718e-09
6.919134363654978e-09
6.890517071683160e-09
6.862136255828923e-09
6.833988479861958e-09
6.806070307551912e-09
6.778378302668477e-09
6.750909028981319e-09
6.723659050260104e-09
6.696624930274519e-09
6.669803232794222e-09
6.643190521588904e-09
6.616783360428221e-09
6.590578313081843e-09
6.564571943319457e-09
6.538760814910721e-09
6.513141491625322e-09
6.487710537232932e-09
6.462464515503205e-09
6.437399990205831e-09
6.412513525110472e-09
6.387801683986811e-09
6.363261030604509e-09
6.338888128733258e-09
6.314679542142711e-09
6.290631834602540e-09
6.266741569882431e-09
6.243005311752045e-09
6.219419623981064e-09
6.195981070339163e-09
6.172686214595995e-09
6.149531620521251e-09
6.126513851942906e-09
6.103630012495208e-09
6.080879065015451e-09
6.058260372311876e-09
6.035773297192750e-09
6.013417202466298e-09
5.991191450940785e-09
5.969095405424449e-09
5.947128428725548e-09
5.925289883652326e-09
5.903579133013031e-09
5.881995539615912e-09
5.860538466269210e-09
5.839207275781186e-09
5.818001330960082e-09
5.796919994614142e-09
5.775962629551628e-09
5.755128598580770e-09
5.734417264509830e-09
5.713827990147048e-09
5.693360138300680e-09
5.673013071778971e-09
5.652786153390169e-09
5.632678745942523e-09
5.612690212244274e-09
5.592819915103682e-09
5.573067217328992e-09
5.553431481728443e-09
5.533912071110298e-09
5.514508348282797e-09
5.495219676054189e-09
5.476045417232724e-09
5.456984934626645e-09
5.438037591044207e-09
5.419202749293653e-09
5.400479772183242e-09
5.381868022521206e-09
5.363366863115806e-09
5.344975656775287e-09
5.326693766307892e-09
5.308520554521877e-09
5.290455384225488e-09
5.272497618226972e-09
5.254646619334578e-09
5.236901750356550e-09
5.219262374101143e-09
5.201727853376600e-09
5.184297550991181e-09
5.166970829753116e-09
5.149747052470667e-09
5.132625581952078e-09
5.115605781005593e-09
5.098687012439470e-09
5.081868639061947e-09
5.065150023681286e-09
5.048530543660715e-09
5.032009661359543e-09
5.015586869902013e-09
4.999261662454788e-09
4.983033532184544e-09
4.966901972257946e-09
4.950866475841666e-09
4.934926536102373e-09
4.919081646206730e-09
4.903331299321418e-09
4.887674988613097e-09
4.872112207248450e-09
4.856642448394132e-09
4.841265205216814e-09
4.825979970883175e-09
4.810786238559874e-09
4.795683501413591e-09
4.780671252610994e-09
4.765748985318742e-09
4.750916192703516e-09
4.736172367931977e-09
4.721517004170803e-09
4.706949594586660e-09
4.692469632346217e-09
4.678076610616145e-09
4.663770022563107e-09
4.649549361353783e-09
4.635414120154835e-09
4.621363792132939e-09
4.607397870454760e-09
4.593515848286970e-09
4.579717218796236e-09
4.566001475149227e-09
4.552368110512618e-09
4.538816618053074e-09
4.525346490937263e-09
4.511957222331865e-09
4.498648305403535e-09
4.485419233318953e-09
4.472269499244783e-09
4.459198596347699e-09
4.446206017794369e-09
4.433291256751462e-09
4.420453806385649e-09
4.407693159863594e-09
4.395008810351975e-09
4.382400251017458e-09
4.369866975026709e-09
4.357408475546407e-09
4.345024245743210e-09
4.332713778783796e-09
4.320476567834828e-09
4.308312106062984e-09
4.296219886634929e-09
4.284199406011358e-09
4.272250194659268e-09
4.260371803107518e-09
4.248563782144286e-09
4.236825682557737e-09
4.225157055136037e-09
4.213557450667359e-09
4.202026419939871e-09
4.190563513741741e-09
4.179168282861136e-09
4.167840278086222e-09
4.156579050205174e-09
4.145384150006155e-09
4.134255128277342e-09
4.123191535806892e-09
4.112192923382981e-09
4.101258841793776e-09
4.090388841827443e-09
4.079582474272154e-09
4.068839289916078e-09
4.058158839547380e-09
4.047540673954232e-09
4.036984343924797e-09
4.026489400247250e-09
4.016055393709753e-09
4.005681875100483e-09
3.995368395207604e-09
3.985114504819283e-09
3.974919754723691e-09
3.964783695708992e-09
3.954705878563362e-09
3.944685854074962e-09
3.934723173031969e-09
3.924817386222544e-09
3.914968044434857e-09
3.905174698457079e-09
3.895436899077375e-09
3.885754197083918e-09
3.876126143264877e-09
3.866552288408413e-09
3.857032183302701e-09
3.847565378735907e-09
3.838151425496202e-09
3.828789874371750e-09
3.819480276150728e-09
3.810222181621296e-09
3.801015141571624e-09
3.791858706789884e-09
3.782752428064240e-09
3.773695856182865e-09
3.764688541933927e-09
3.755730036105592e-09
3.746819889486030e-09
3.737957652863407e-09
3.729142877025896e-09
3.720375112761664e-09
3.711653910858876e-09
3.702978822105708e-09
3.694349397290319e-09
3.685765187200885e-09
3.677225742625570e-09
3.668730614352546e-09
3.660279353169981e-09
3.651871509866042e-09
3.643506635228898e-09
3.635184280046715e-09
3.626903995107667e-09
3.618665331199920e-09
3.610467839111639e-09
3.602311069631001e-09
3.594194573546165e-09
3.586117901645305e-09
3.578080604716587e-09
3.570082233548182e-09
3.562122338928258e-09
3.554200471644981e-09
3.546316182486526e-09
3.538469022241052e-09
3.530658541696735e-09
3.522884291641741e-09
3.515145822864236e-09
3.507442686152394e-09
3.499774432294381e-09
3.492140612078364e-09
3.484540776292513e-09
3.476974475724994e-09
3.469441261163981e-09
3.461940683397636e-09
3.454472293214135e-09
3.447035641401639e-09
3.439630278748322e-09
3.432255756042349e-09
3.424911624071889e-09
3.417597433625113e-09
3.410312735490189e-09
3.403057080455284e-09
3.395830019308566e-09
3.388631102838204e-09
3.381459881832369e-09
3.374315907079225e-09
3.367198729366945e-09
3.360107899483697e-09
3.353042968217647e-09
3.346003486356965e-09
3.338989004689818e-09
3.331999074004378e-09
3.325033245088809e-09
3.318091068731285e-09
3.311172098578463e-09
3.304276040877179e-09
3.297402828128558e-09
3.290552411143071e-09
3.283724740731196e-09
3.276919767703407e-09
3.270137442870174e-09
3.263377717041977e-09
3.256640541029287e-09
3.249925865642583e-09
3.243233641692334e-09
3.236563819989022e-09
3.229916351343116e-09
3.223291186565091e-09
3.216688276465424e-09
3.210107571854586e-09
3.203549023543057e-09
3.197012582341308e-09
3.190498199059815e-09
3.184005824509053e-09
3.177535409499493e-09
3.171086904841615e-09
3.164660261345890e-09
3.158255429822793e-09
3.151872361082803e-09
3.145511005936388e-09
3.139171315194027e-09
3.132853239666193e-09
3.126556730163362e-09
3.120281737496008e-09
3.114028212474605e-09
3.107796105909630e-09
3.101585368611553e-09
3.095395951390853e-09
3.089227805058004e-09
3.083080880423478e-09
3.076955128297755e-09
3.070850499491303e-09
3.064766944814601e-09
3.058704415078122e-09
3.052662861092342e-09
3.046642233667736e-09
3.040642483614775e-09
3.034663561743940e-09
3.028705418865699e-09
3.022768005790531e-09
3.016851273328910e-09
3.010955172291308e-09
3.005079653488202e-09
2.999224667730068e-09
2.993390165827378e-09
2.987576098590608e-09
2.981782416830231e-09
2.976009071356724e-09
2.970256012980560e-09
2.964523192512217e-09
2.958810560762164e-09
2.953118068540880e-09
2.947445666658839e-09
2.941793305926513e-09
2.936160937154381e-09
2.930548511152915e-09
2.924955978732589e-09
2.919383290703880e-09
2.913830397877260e-09
2.908297251063206e-09
2.902783801072190e-09
2.897289998714690e-09
2.891815794801180e-09
2.886361140142133e-09
2.880925985548024e-09
2.875510281829327e-09
2.870113979796520e-09
2.864737030260073e-09
2.859379384030467e-09
2.854040991918171e-09
2.848721804733660e-09
2.843421773287411e-09
2.838140848389897e-09
2.832878980851595e-09
2.827636121482977e-09
2.822412221094519e-09
2.817207230496696e-09
2.812021100499983e-09
2.806853781914854e-09
2.801705225551781e-09
2.796575382221243e-09
2.791464202733713e-09
2.786371637899664e-09
2.781297638529573e-09
2.776242155433913e-09
2.771205139423161e-09
2.766186541307790e-09
2.761186311898273e-09
2.756204402005089e-09
2.751240762438708e-09
2.746295344009611e-09
2.741368097528265e-09
2.736458973805150e-09
2.731567923650738e-09
2.726694897875503e-09
2.721839847289924e-09
2.717002722704470e-09
2.712183474929621e-09
2.707382054775848e-09
2.702598413053627e-09
2.697832500573433e-09
2.693084268145740e-09
2.688353666581026e-09
2.683640642440887e-09
2.678945125291441e-09
2.674267040449928e-09
2.669606313233589e-09
2.664962868959666e-09
2.660336632945400e-09
2.655727530508033e-09
2.651135486964805e-09
2.646560427632958e-09
2.642002277829734e-09
2.637460962872373e-09
2.632936408078118e-09
2.628428538764212e-09
2.623937280247890e-09
2.619462557846397e-09
2.615004296876974e-09
2.610562422656864e-09
2.606136860503305e-09
2.601727535733541e-09
2.597334373664813e-09
2.592957299614360e-09
2.588596238899427e-09
2.584251116837252e-09
2.579921858745078e-09
2.575608389940149e-09
2.571310635739700e-09
2.567028521460976e-09
2.562761972421217e-09
2.558510913937667e-09
2.554275271327564e-09
2.550054969908151e-09
2.545849934996670e-09
2.541660091910360e-09
2.537485365966465e-09
2.533325682482225e-09
2.529180966774880e-09
2.525051144161674e-09
2.520936139959847e-09
2.516835879486640e-09
2.512750288059294e-09
2.508679290995051e-09
2.504622813611153e-09
2.500580781224838e-09
2.496553119153352e-09
2.492539752713933e-09
2.488540607223824e-09
2.484555608000266e-09
2.480584680360499e-09
2.476627749621766e-09
2.472684741101309e-09
2.468755580116366e-09
2.464840191984180e-09
2.460938502021993e-09
2.457050435547047e-09
2.453175917876580e-09
2.449314874327836e-09
2.445467230218056e-09
2.441632910864481e-09
2.437811841584353e-09
2.434003947694912e-09
2.430209154513400e-09
2.426427387357058e-09
2.422658571543130e-09
2.418902632388852e-09
2.415159495211470e-09
2.411429085328222e-09
2.407711328056351e-09
2.404006148713099e-09
2.400313472615705e-09
2.396633225081412e-09
2.392965331427462e-09
2.389309716971094e-09
2.385666307029552e-09
2.382035026920075e-09
2.378415801959908e-09
2.374808557466286e-09
2.371213218756456e-09
2.367629711147656e-09
2.364057959957128e-09
2.360497890502115e-09
2.356949428099856e-09
2.353412498067594e-09
2.349887025722569e-09
2.346372936382024e-09
2.342870155363199e-09
2.339378607983335e-09
2.335898219559674e-09
2.332428915409460e-09
2.328970620849928e-09
2.325523261198324e-09
2.322086761771887e-09
2.318661047887860e-09
2.315246044863486e-09
2.311841678016001e-09
2.308447872662650e-09
2.305064554120676e-09
2.301691647707315e-09
2.298329078739812e-09
2.294976772535409e-09
2.291634654411346e-09
2.288302649684862e-09
2.284980683673202e-09
2.281668681693606e-09
2.278366569063314e-09
2.275074271099568e-09
2.271791713119612e-09
2.268518820440683e-09
2.265255518380024e-09
2.262001734836961e-09
2.258757429618416e-09
2.255522584051807e-09
2.252297179867674e-09
2.249081198796561e-09
2.245874622569001e-09
2.242677432915537e-09
2.239489611566710e-09
2.236311140253060e-09
2.233142000705124e-09
2.229982174653443e-09
2.226831643828560e-09
2.223690389961011e-09
2.220558394781336e-09
2.217435640020078e-09
2.214322107407774e-09
2.211217778674966e-09
2.208122635552190e-09
2.205036659769991e-09
2.201959833058904e-09
2.198892137149472e-09
2.195833553772235e-09
2.192784064657730e-09
2.189743651536499e-09
2.186712296139081e-09
2.183689980196018e-09
2.180676685437847e-09
2.177672393595108e-09
2.174677086398344e-09
2.171690745578093e-09
2.168713352864893e-09
2.165744889989287e-09
2.162785338681811e-09
2.159834680673008e-09
2.156892897693416e-09
2.153959971473578e-09
2.151035883744030e-09
2.148120616235314e-09
2.145214150677970e-09
2.142316468802536e-09
2.139427552339553e-09
2.136547383019562e-09
2.133675942573102e-09
2.130813212730711e-09
2.127959175222931e-09
2.125113811780303e-09
2.122277104133363e-09
2.119449034012653e-09
2.116629583148714e-09
2.113818733272083e-09
2.111016466113302e-09
2.108222763402910e-09
2.105437606871449e-09
2.102660978249457e-09
2.099892859267472e-09
2.097133231656037e-09
2.094382077145690e-09
2.091639377466971e-09
2.088905114350421e-09
2.086179269526579e-09
2.083461824725985e-09
2.080752761679178e-09
2.078052062116701e-09
2.075359707769089e-09
2.072675680366885e-09
2.069999961640629e-09
2.067332533320861e-09
2.064673377138117e-09
2.062022474822941e-09
2.059379808105873e-09
2.056745358717449e-09
2.054119108388213e-09
2.051501038848703e-09
2.048891131829458e-09
2.046289369061019e-09
2.043695732273926e-09
2.041110203198720e-09
2.038532763565937e-09
2.035963395106121e-09
2.033402079549810e-09
2.030848798627543e-09
2.028303534069860e-09
2.025766267607303e-09
2.023236980970411e-09
2.020715655889721e-09
2.018202274095776e-09
2.015696817319117e-09
2.013199267290280e-09
2.010709605739807e-09
2.008227814398238e-09
2.005753874996111e-09
2.003287769263969e-09
2.000829478932349e-09
1.998378985731793e-09
1.995936271392838e-09
1.993501317646027e-09
1.991074106221899e-09
1.988654618850992e-09
1.986242837263846e-09
1.983838743191004e-09
1.981442318363004e-09
1.979053544510384e-09
1.976672403363686e-09
1.974298876653453e-09
1.971932946110217e-09
1.969574593464523e-09
1.967223800446911e-09
1.964880548787919e-09
1.962544820199690e-09
1.960216594970954e-09
1.957895850977662e-09
1.955582565862041e-09
1.953276717266329e-09
1.950978282832758e-09
1.948687240203559e-09
1.946403567020966e-09
1.944127240927213e-09
1.941858239564533e-09
1.939596540575156e-09
1.937342121601317e-09
1.935094960285251e-09
1.932855034269187e-09
1.930622321195360e-09
1.928396798706004e-09
1.926178444443350e-09
1.923967236049632e-09
1.921763151167081e-09
1.919566167437935e-09
1.917376262504422e-09
1.915193414008777e-09
1.913017599593232e-09
1.910848796900020e-09
1.908686983571375e-09
1.906532137249529e-09
1.904384235576716e-09
1.902243256195168e-09
1.900109176747118e-09
1.897981974874801e-09
1.895861628220446e-09
1.893748114426289e-09
1.891641411134563e-09
1.889541495987500e-09
1.887448346627332e-09
1.885361940696293e-09
1.883282255836617e-09
1.881209269690535e-09
1.879142959900281e-09
1.877083304108089e-09
1.875030279956190e-09
1.872983865086817e-09
1.870944037142204e-09
1.868910773764584e-09
1.866884052596190e-09
1.864863851279255e-09
1.862850147456011e-09
1.860842918768692e-09
1.858842142859529e-09
1.856847797370757e-09
1.854859859944609e-09
1.852878308223317e-09
1.850903119849114e-09
1.848934272464234e-09
1.846971743710909e-09
1.845015511231372e-09
1.843065552667856e-09
1.841121845662594e-09
1.839184367857820e-09
1.837253096895765e-09
1.835328010418665e-09
1.833409086068749e-09
1.831496301488252e-09
1.829589634319407e-09
1.827689062204447e-09
1.825794562785604e-09
1.823906113705112e-09
1.822023692605205e-09
1.820147277128114e-09
1.818276844916072e-09
1.816412373611314e-09
1.814553840856071e-09
1.812701224292575e-09
1.810854501563061e-09
1.809013650309763e-09
1.807178648174911e-09
1.805349472800739e-09
1.803526101829481e-09
1.801708512903369e-09
1.799896683664636e-09
1.798090591755516e-09
1.796290214818241e-09
1.794495530495043e-09
1.792706516428157e-09
1.790923150259815e-09
1.789145409632250e-09
1.787373272187694e-09
1.785606715568382e-09
1.783845717416545e-09
1.782090255374417e-09
1.780340307084231e-09
1.778595850188220e-09
1.776856862328615e-09
1.775123321147652e-09
1.773395204287563e-09
1.771672489390580e-09
1.769955154098936e-09
1.768243176054866e-09
1.766536532900600e-09
1.764835202278372e-09
1.763139161830416e-09
1.761448389198965e-09
1.759762862026251e-09
1.758082557954506e-09
1.756407454625966e-09
1.754737529682860e-09
1.753072760767424e-09
1.751413125521891e-09
1.749758601588493e-09
1.748109166609462e-09
1.746464798227032e-09
1.744825474083437e-09
1.743191171820907e-09
1.741561869081678e-09
1.739937543507982e-09
1.738318172742051e-09
1.736703734426118e-09
1.735094206202417e-09
1.733489565713182e-09
1.731889790600644e-09
1.730294858507036e-09
1.728704747074592e-09
1.727119433945544e-09
1.725538896762125e-09
1.723963113166569e-09
1.722392060801109e-09
1.720825717307976e-09
1.719264060329404e-09
1.717707067507628e-09
1.716154716484877e-09
1.714606984903387e-09
1.713063850405391e-09
1.711525290633120e-09
1.709991283228808e-09
1.708461805834688e-09
1.706936836092994e-09
1.705416351645956e-09
1.703900330135810e-09
1.702388749204787e-09
1.700881586495121e-09
1.699378819649045e-09
1.697880426308791e-09
1.696386384116594e-09
1.694896670714684e-09
1.693411263745296e-09
1.691930140850664e-09
1.690453279673018e-09
1.688980657854592e-09
1.687512253037620e-09
1.686048042864335e-09
1.684588004976968e-09
1.683132117017754e-09
1.681680356628925e-09
1.680232701452714e-09
1.678789129131354e-09
1.677349617307079e-09
1.675914143622120e-09
1.674482685718711e-09
1.673055221239086e-09
1.671631727825476e-09
1.670212183120115e-09
1.668796564765236e-09
1.667384850403072e-09
1.665977017675855e-09
1.664573044225819e-09
1.663172907695197e-09
1.661776585726222e-09
1.660384055961125e-09
1.658995296042142e-09
1.657610283611504e-09
1.656228996311445e-09
1.654851411784197e-09
1.653477507671993e-09
1.652107261617067e-09
1.650740651261651e-09
1.649377654247978e-09
1.648018248218281e-09
1.646662410814794e-09
1.645310119679748e-09
1.643961352455378e-09
1.642616086783916e-09
1.641274300307595e-09
1.639935970668648e-09
1.638601075509308e-09
1.637269592471807e-09
1.635941499198380e-09
1.634616773331258e-09
1.633295392512675e-09
1.631977334384863e-09
1.630662576590057e-09
1.629351096770488e-09
1.628042872568389e-09
1.626737881625994e-09
1.625436101585537e-09
1.624137510089247e-09
1.622842084779361e-09
1.621549803298111e-09
1.620260643287728e-09
1.618974582390446e-09
1.617691598248499e-09
1.616411668504120e-09
1.615134770799539e-09
1.613860882776993e-09
1.612589982078713e-09
1.611322046346931e-09
1.610057053223881e-09
1.608794980351797e-09
1.607535805372911e-09
1.606279505929456e-09
1.605026059663664e-09
1.603775444217769e-09
1.602527637234004e-09
1.601282616354601e-09
1.600040359221795e-09
1.598800843477816e-09
1.597564046764900e-09
1.596329946725278e-09
1.595098521631847e-09
1.593869759194104e-09
1.592643654385857e-09
1.591420202367780e-09
1.590199398300542e-09
1.588981237344818e-09
1.587765714661278e-09
1.586552825410598e-09
1.585342564753446e-09
1.584134927850497e-09
1.582929909862422e-09
1.581727505949894e-09
1.580527711273584e-09
1.579330520994167e-09
1.578135930272312e-09
1.576943934268693e-09
1.575754528143983e-09
1.574567707058853e-09
1.573383466173974e-09
1.572201800650021e-09
1.571022705647665e-09
1.569846176327578e-09
1.568672207850432e-09
1.567500795376901e-09
1.566331934067656e-09
1.565165619083369e-09
1.564001845584712e-09
1.562840608732359e-09
1.561681903686980e-09
1.560525725609249e-09
1.559372069659838e-09
1.558220930999418e-09
1.557072304788663e-09
1.555926186188244e-09
1.554782570358834e-09
1.553641452461105e-09
1.552502827655729e-09
1.551366691103378e-09
1.550233037964726e-09
1.549101863400443e-09
1.547973162571202e-09
1.546846930637677e-09
1.545723162760538e-09
1.544601854100458e-09
1.543482999818109e-09
1.542366595074164e-09
1.541252635029294e-09
1.540141114844174e-09
1.539032029679473e-09
1.537925374695864e-09
1.536821145054021e-09
1.535719335914615e-09
1.534619942438318e-09
1.533522959785803e-09
1.532428383117743e-09
1.531336207594808e-09
1.530246428377671e-09
1.529159040627005e-09
1.528074039503483e-09
1.526991420167775e-09
1.525911177780555e-09
1.524833307502495e-09
1.523757804494267e-09
1.522684663916543e-09
1.521613880929996e-09
1.520545450695297e-09
1.519479368373120e-09
1.518415629124136e-09
1.517354228109018e-09
1.516295160488437e-09
1.515238421423067e-09
1.514184006073579e-09
1.513131909600645e-09
1.512082127164939e-09
1.511034653927132e-09
1.509989485047896e-09
1.508946615687904e-09
1.507906041007827e-09
1.506867756168340e-09
1.505831756330112e-09
1.504798036653818e-09
1.503766592300128e-09
1.502737418429716e-09
1.501710510203253e-09
1.500685862781411e-09
1.499663471324865e-09
1.498643330994284e-09
1.497625436950342e-09
1.496609784353710e-09
1.495596368365062e-09
1.494585184145069e-09
1.493576226854404e-09
1.492569491653739e-09
1.491564973703746e-09
1.490562668165097e-09
1.489562570198465e-09
1.488564674964522e-09
1.487568977623940e-09
1.486575473337391e-09
1.485584157265549e-09
1.484595024569084e-09
1.483608070408669e-09
1.482623289944978e-09
1.481640678338681e-09
1.480660230750450e-09
1.479681942340960e-09
1.478705808270880e-09
1.477731823700885e-09
1.476759983791645e-09
1.475790283703834e-09
1.474822718598124e-09
1.473857283635186e-09
1.472893973975694e-09
1.471932784780318e-09
1.470973711209733e-09
1.470016748424609e-09
1.469061891585620e-09
1.468109135853437e-09
1.467158476388733e-09
1.466209908352180e-09
1.465263426904450e-09
1.464319027206215e-09
1.463376704418149e-09
1.462436453700922e-09
1.461498270215207e-09
1.460562149121677e-09
1.459628085581004e-09
1.458696074753860e-09
1.457766111800917e-09
1.456838191882848e-09
1.455912310160325e-09
1.454988461794019e-09
1.454066641944604e-09
1.453146845772752e-09
1.452229068439134e-09
1.451313305104424e-09
1.450399550929293e-09
1.449487801074414e-09
1.448578050700458e-09
1.447670294968100e-09
1.446764529038009e-09
1.445860748070859e-09
1.444958947227322e-09
1.444059121668071e-09
1.443161266553776e-09
1.442265377045112e-09
1.441371448302750e-09
1.440479475487362e-09
1.439589453759620e-09
1.438701378280197e-09
1.437815244209766e-09
1.436931046708997e-09
1.436048780938564e-09
1.435168442059140e-09
1.434290025231395e-09
1.433413525616003e-09
1.432538938373635e-09
1.431666258664965e-09
1.430795481650663e-09
1.429926602491403e-09
1.429059616347856e-09
1.428194518380696e-09
1.427331303750593e-09
1.426469967618222e-09
1.425610505144253e-09
1.424752911489358e-09
1.423897181814212e-09
1.423043311279485e-09
1.422191295045849e-09
1.421341128273978e-09
1.420492806124543e-09
1.419646323758216e-09
1.418801676335670e-09
1.417958859017578e-09
1.417117866964611e-09
1.416278695337441e-09
1.415441339296741e-09
1.414605794003184e-09
1.413772054617441e-09
1.412940116300184e-09
1.412109974212087e-09
1.411281623513821e-09
1.410455059366057e-09
1.409630276929470e-09
1.408807271364731e-09
1.407986037832512e-09
1.407166571493485e-09
1.406348867508324e-09
1.405532921037699e-09
1.404718727242284e-09
1.403906281282750e-09
1.403095578319770e-09
1.402286613514016e-09
1.401479382026160e-09
1.400673879016876e-09
1.399870099646833e-09
1.399068039076706e-09
1.398267692467167e-09
1.397469054978887e-09
1.396672121772538e-09
1.395876888008794e-09
1.395083348848327e-09
1.394291499451808e-09
1.393501334979911e-09
1.392712850593306e-09
1.391926041452667e-09
1.391140902718665e-09
1.390357429551974e-09
1.389575617113265e-09
1.388795460563210e-09
1.388016955062482e-09
1.387240095771753e-09
1.386464877851696e-09
1.385691296462982e-09
1.384919346766284e-09
1.384149023922274e-09
1.383380323091625e-09
1.382613239435007e-09
1.381847768113095e-09
1.381083904286560e-09
1.380321643116075e-09
1.379560979762311e-09
1.378801909385941e-09
1.378044427147637e-09
1.377288528208072e-09
1.376534207727917e-09
1.375781460867846e-09
1.375030282788529e-09
1.374280668650641e-09
1.373532613614851e-09
1.372786112841834e-09
1.372041161492261e-09
1.371297754726805e-09
1.370555887706138e-09
1.369815555590931e-09
1.369076753541858e-09
1.368339476719591e-09
1.367603720284801e-09
1.366869479398161e-09
1.366136749220344e-09
1.365405524912022e-09
1.364675801633866e-09
1.363947574546550e-09
1.363220838810745e-09
1.362495589587124e-09
1.361771822036358e-09
1.361049531319121e-09
1.360328712596084e-09
1.359609361027920e-09
1.358891471775302e-09
1.358175039998900e-09
1.357460060859388e-09
1.356746529517437e-09
1.356034441133721e-09
1.355323790868911e-09
1.354614573883680e-09
1.353906785338699e-09
1.353200420394642e-09
1.352495474212180e-09
1.351791941951985e-09
1.351089818774730e-09
1.350389099841088e-09
1.349689780311730e-09
1.348991855347328e-09
1.348295320108556e-09
1.347600169756085e-09
1.346906399450587e-09
1.346214004352735e-09
1.345522979623200e-09
1.344833320422657e-09
1.344145021911775e-09
1.343458079251228e-09
1.342772487601689e-09
1.342088242123828e-09
1.341405337978319e-09
1.340723770325834e-09
1.340043534327045e-09
1.339364625142625e-09
1.338687037933245e-09
1.338010767859578e-09
1.337335810082295e-09
1.336662159762071e-09
1.335989812059575e-09
1.335318762135483e-09
1.334649005150463e-09
1.333980536265191e-09
1.333313350640337e-09
1.332647443436574e-09
1.331982809814574e-09
1.331319444935010e-09
1.330657343958554e-09
1.329996502045877e-09
1.329336914357653e-09
1.328678576054553e-09
1.328021482297250e-09
1.327365628246416e-09
1.326711009062724e-09
1.326057619906844e-09
1.325405455939451e-09
1.324754512321216e-09
1.324104784212811e-09
1.323456266774909e-09
1.322808955168181e-09
1.322162844553302e-09
1.321517930090941e-09
1.320874206941772e-09
1.320231670266466e-09
1.319590315225698e-09
1.318950136980137e-09
1.318311130690457e-09
1.317673291517330e-09
1.317036614621429e-09
1.316401095163424e-09
1.315766728303990e-09
1.315133509203798e-09
1.314501433023520e-09
1.313870494923828e-09
1.313240690065396e-09
1.312612013608894e-09
1.311984460714995e-09
1.311358026544373e-09
1.310732706257698e-09
1.310108495015643e-09
1.309485387978880e-09
1.308863380308083e-09
1.308242467163921e-09
1.307622643707070e-09
1.307003905098199e-09
1.306386246497983e-09
1.305769663067092e-09
1.305154149966200e-09
1.304539702355978e-09
1.303926315397098e-09
1.303313984250234e-09
1.302702704076057e-09
1.302092470035240e-09
1.301483277288454e-09
1.300875120996372e-09
1.300267996319667e-09
1.299661898419010e-09
1.299056822455074e-09
1.298452763588531e-09
1.297849716980054e-09
1.297247677790313e-09
1.296646641179983e-09
1.296046602309735e-09
1.295447556340242e-09
1.294849498432175e-09
1.294252423746207e-09
1.293656327443010e-09
1.293061204683257e-09
1.292467050627619e-09
1.291873860436769e-09
1.291281629271380e-09
1.290690352292123e-09
1.290100024659671e-09
1.289510641534696e-09
1.288922198077870e-09
1.288334689449866e-09
1.287748110811355e-09
1.287162457323010e-09
1.286577724145504e-09
1.285993906439508e-09
1.285410999365695e-09
1.284828998084738e-09
1.284247897757308e-09
1.283667693544077e-09
1.283088380605718e-09
1.282509954102904e-09
1.281932409196306e-09
1.281355741046596e-09
1.280779944814448e-09
1.280205015660532e-09
1.279630948745522e-09
1.279057739230090e-09
1.278485382274908e-09
1.277913873040648e-09
1.277343206687983e-09
1.276773378377584e-09
1.276204383270125e-09
1.275636216526276e-09
1.275068873306711e-09
1.274502348772103e-09
1.273936638083122e-09
1.273371736400441e-09
1.272807638884733e-09
1.272244340696670e-09
1.271681836996924e-09
1.271120122946168e-09
1.270559193705073e-09
1.269999044434312e-09
1.269439670294557e-09
1.268881066446481e-09
1.268323228050756e-09
1.267766150268053e-09
1.267209828259046e-09
1.266654257184406e-09
1.266099432204806e-09
1.265545348480917e-09
1.264992001173414e-09
1.264439385442966e-09
1.263887496450248e-09
1.263336329355930e-09
1.262785879320686e-09
1.262236141505188e-09
1.261687111070107e-09
1.261138783176116e-09
1.260591152983888e-09
1.260044215654094e-09
1.259497966347408e-09
1.258952400224500e-09
1.258407512446044e-09
1.257863298172711e-09
1.257319752565175e-09
1.256776870784106e-09
1.256234647990179e-09
1.255693079344063e-09
1.255152160006433e-09
1.254611885137960e-09
1.254072249899317e-09
1.253533249451175e-09
1.252994878954208e-09
1.252457133569086e-09
1.251920008456484e-09
1.251383498777072e-09
1.250847599691523e-09
1.250312306360509e-09
1.249777613944703e-09
1.249243517604777e-09
1.248710012501403e-09
1.248177093795254e-09
1.247644756647001e-09
1.247112996217317e-09
1.246581807673453e-09
1.246051187577435e-09
1.245521135603213e-09
1.244991651845801e-09
1.244462736400214e-09
1.243934389361465e-09
1.243406610824569e-09
1.242879400884539e-09
1.242352759636390e-09
1.241826687175137e-09
1.241301183595793e-09
1.240776248993373e-09
1.240251883462890e-09
1.239728087099359e-09
1.239204859997794e-09
1.238682202253209e-09
1.238160113960618e-09
1.237638595215036e-09
1.237117646111477e-09
1.236597266744955e-09
1.236077457210484e-09
1.235558217603078e-09
1.235039548017751e-09
1.234521448549518e-09
1.234003919293392e-09
1.233486960344388e-09
1.232970571797521e-09
1.232454753747803e-09
1.231939506290250e-09
1.231424829519876e-09
1.230910723531694e-09
1.230397188420719e-09
1.229884224281965e-09
1.229371831210447e-09
1.228860009301178e-09
1.228348758649172e-09
1.227838079349444e-09
1.227327971497008e-09
1.226818435186878e-09
1.226309470514069e-09
1.225801077573593e-09
1.225293256460467e-09
1.224786007269703e-09
1.224279330096315e-09
1.223773225035320e-09
1.223267692181729e-09
1.222762731630558e-09
1.222258343476820e-09
1.221754527815530e-09
1.221251284741702e-09
1.220748614350350e-09
1.220246516736489e-09
1.219744991995132e-09
1.219244040221293e-09
1.218743661509987e-09
1.218243855956228e-09
1.217744623655030e-09
1.217245964701408e-09
1.216747879190375e-09
1.216250367216946e-09
1.215753428876134e-09
1.215257064262955e-09
1.214761273472421e-09
1.214266056599548e-09
1.213771413739349e-09
1.213277344986839e-09
1.212783850437031e-09
1.212290930184941e-09
1.211798584325582e-09
1.211306812953968e-09
1.210815616165113e-09
1.210324994054033e-09
1.209834946715740e-09
1.209345474245249e-09
1.208856576737574e-09
1.208368254287729e-09
1.207880506990729e-09
1.207393334941588e-09
1.206906738235319e-09
1.206420716966938e-09
1.205935271231457e-09
1.205450401123892e-09
1.204966106739257e-09
1.204482388172565e-09
1.203999245518831e-09
1.203516678873069e-09
1.203034688330293e-09
1.202553273985518e-09
1.202072435933757e-09
1.201592174270025e-09
1.201112489089335e-09
1.200633380486703e-09
1.200154848557142e-09
1.199676893395666e-09
1.199199515097289e-09
1.198722713757027e-09
1.198246489469892e-09
1.197770842330900e-09
1.197295772435063e-09
1.196821279877397e-09
1.196347364752915e-09
1.195874027156632e-09
1.195401267183563e-09
1.194929084928720e-09
1.194457480487118e-09
1.193986453953772e-09
1.193516005423695e-09
1.193046134991902e-09
1.192576842753407e-09
1.192108128803224e-09
1.191639993236367e-09
1.191172436147851e-09
1.190705457632689e-09
1.190239057785896e-09
1.189773236702486e-09
1.189307994477472e-09
1.188843331205871e-09
1.188379246982694e-09
1.187915741902957e-09
1.187452816061675e-09
1.186990469553860e-09
1.186528702474526e-09
1.186067514918690e-09
1.185606906981363e-09
1.185146878757561e-09
1.184687430342298e-09
1.184228561830588e-09
1.183770273317446e-09
1.183312564897884e-09
1.182855436666918e-09
1.182398888719561e-09
1.181942921150828e-09
1.181487534055734e-09
1.181032727529291e-09
1.180578501666514e-09
1.180124856562418e-09
1.179671792312017e-09
1.179219309010325e-09
1.178767406752355e-09
1.178316085633122e-09
1.177865345747641e-09
1.177415187190926e-09
1.176965610057990e-09
1.176516614443847e-09
1.176068200443513e-09
1.175620368152001e-09
1.175173117664325e-09
1.174726449075500e-09
1.174280362480539e-09
1.173834857974458e-09
1.173389935652269e-09
1.172945595608987e-09
1.172501837939627e-09
1.172058662739202e-09
1.171616070102727e-09
1.171174060125216e-09
1.170732632901682e-09
1.170291788527141e-09
1.169851527096607e-09
1.169411848705092e-09
1.168972753447613e-09
1.168534241419182e-09
1.168096312714814e-09
1.167658967429524e-09
1.167222205658325e-09
1.166786027496231e-09
1.166350433038257e-09
1.165915422379417e-09
1.165480995614725e-09
1.165047152839195e-09
1.164613894147842e-09
1.164181219635679e-09
1.163749129397721e-09
1.163317623528982e-09
1.162886702124476e-09
1.162456365279216e-09
1.162026613088219e-09
1.161597445646497e-09
1.161168863049064e-09
1.160740865390936e-09
1.160313452767125e-09
1.159886625272647e-09
1.159460383002516e-09
1.159034726051744e-09
1.158609654515348e-09
1.158185168488341e-09
1.157761268065736e-09
1.157337953342549e-09
1.156915224413793e-09
1.156493081374483e-09
1.156071524319632e-09
1.155650553344256e-09
1.155230168543367e-09
1.154810370011981e-09
1.154391157845111e-09
1.153972532137772e-09
1.153554492984978e-09
1.153137040481742e-09
1.152720174723080e-09
1.152303895804005e-09
1.151888203819531e-09
1.151473098864673e-09
1.151058581034445e-09
1.150644650423860e-09
1.150231307127935e-09
1.149818551241681e-09
1.149406382860113e-09
1.148994802078246e-09
1.148583808991094e-09
1.148173403693671e-09
1.147763586280991e-09
1.147354356848069e-09
1.146945715489918e-09
1.146537662301552e-09
1.146130197377986e-09
1.145723320814235e-09
1.145317032705311e-09
1.144911333146230e-09
1.144506222232005e-09
1.144101700057651e-09
1.143697766718182e-09
1.143294422308612e-09
1.142891666923954e-09
1.142489500659224e-09
1.142087923609436e-09
1.141686935869604e-09
1.141286537534741e-09
1.140886728699862e-09
1.140487509459981e-09
1.140088879910113e-09
1.139690840145271e-09
1.139293390260470e-09
1.138896530350724e-09
1.138500260511047e-09
1.138104580836452e-09
1.137709491421956e-09
1.137314992362570e-09
1.136921083753311e-09
1.136527765689191e-09
1.136135038265226e-09
1.135742901576428e-09
1.135351355717813e-09
1.134960400784395e-09
1.134570036871187e-09
1.134180264073204e-09
1.133791082485461e-09
1.133402492202970e-09
1.133014493320747e-09
1.132627085933805e-09
1.132240270137159e-09
1.131854046025823e-09
1.131468413694811e-09
1.131083373239137e-09
1.130698924753816e-09
1.130315068333861e-09
1.129931804074287e-09
1.129549132070108e-09
1.129167052416338e-09
1.128785565207991e-09
1.128404670540081e-09
1.128024368507624e-09
1.127644659205631e-09
1.127265542729119e-09
1.126887019173101e-09
1.126509088632591e-09
1.126131751202604e-09
1.125755006978153e-09
1.125378856054253e-09
1.125003298525918e-09
1.124628334488162e-09
1.124253964035999e-09
1.123880187264443e-09
1.123507004268510e-09
1.123134415143212e-09
1.122762419983564e-09
1.122391018884580e-09
1.122020211941274e-09
1.121649999248661e-09
1.121280380901755e-09
1.120911356995569e-09
1.120542927625118e-09
1.120175092885416e-09
1.119807852871478e-09
1.119441207678317e-09
1.119075157400948e-09
1.118709702134385e-09
1.118344841973641e-09
1.117980577013732e-09
1.117616907349671e-09
1.117253833076472e-09
1.116891354289150e-09
1.116529471082719e-09
1.116168183552193e-09
1.115807491792586e-09
1.115447395898913e-09
1.115087895966187e-09
1.114728992089422e-09
1.114370684363634e-09
1.114012972883835e-09
1.113655857745041e-09
1.113299339042264e-09
1.112943416870521e-09
1.112588091324824e-09
1.112233362500188e-09
1.111879230491627e-09
1.111525695394155e-09
1.111172757302786e-09
1.110820416312536e-09
1.110468672518416e-09
1.110117526015443e-09
1.109766976898629e-09
1.109417025262990e-09
1.109067671203539e-09
1.108718914815291e-09
1.108370756193259e-09
1.108023195432459e-09
1.107676232627903e-09
1.107329867874606e-09
1.106984101267583e-09
1.106638932901848e-09
1.106294362872414e-09
1.105950391274296e-09
1.105607018202508e-09
1.105264243752064e-09
1.104922068017979e-09
1.104580491095267e-09
1.104239513078941e-09
1.103899134064016e-09
1.103559354145505e-09
1.103220173418425e-09
1.102881591977787e-09
1.102543609918607e-09
1.102206227335900e-09
1.101869444324677e-09
1.101533260979956e-09
1.101197677396748e-09
1.100862693670068e-09
1.100528309894932e-09
1.100194526166351e-09
1.099861342579342e-09
1.099528759228918e-09
1.099196776210094e-09
1.098865393617882e-09
1.098534611547299e-09
1.098204430093357e-09
1.097874849351071e-09
1.097545869415455e-09
1.097217490381523e-09
1.096889712344291e-09
1.096562535398770e-09
1.096235959639976e-09
1.095909985162924e-09
1.095584612062626e-09
1.095259840434097e-09
1.094935670372353e-09
1.094612101972405e-09
1.094289135329270e-09
1.093966770537960e-09
1.093645007693491e-09
1.093323846890876e-09
1.093003288225130e-09
1.092683331791266e-09
1.092363977684299e-09
1.092045225999242e-09
1.091727076831112e-09
1.091409530274920e-09
1.091092586425682e-09
1.090776245378411e-09
1.090460507228123e-09
1.090145372069830e-09
1.089830839998548e-09
1.089516911109289e-09
1.089203585497070e-09
1.088890863256903e-09
1.088578744483803e-09
1.088267229272784e-09
1.087956317718860e-09
1.087646009917045e-09
1.087336305962354e-09
1.087027205949801e-09
1.086718709974399e-09
1.086410818131163e-09
1.086103530515108e-09
1.085796847221247e-09
1.085490768344595e-09
1.085185293980165e-09
1.084880424222972e-09
1.084576159168031e-09
1.084272498910354e-09
1.083969443544957e-09
1.083666993166853e-09
1.083365147871057e-09
1.083063907752583e-09
1.082763272906445e-09
1.082463243427657e-09
1.082163819411234e-09
1.081865000952189e-09
1.081566788145537e-09
1.081269181086292e-09
1.080972179869468e-09
1.080675784590079e-09
1.080379995343139e-09
1.080084812223663e-09
1.079790235326665e-09
1.079496264747159e-09
1.079202900580158e-09
1.078910142920679e-09
1.078617991863733e-09
1.078326447504336e-09
1.078035509937502e-09
1.077745179258245e-09
1.077455455561578e-09
1.077166338942518e-09
1.076877829496076e-09
1.076589927317268e-09
1.076302632501108e-09
1.076015945142610e-09
1.075729865336788e-09
1.075444393178656e-09
1.075159528763229e-09
1.074875272185520e-09
1.074591623540544e-09
1.074308582923315e-09
1.074026150428847e-09
1.073744326152155e-09
1.073463110188252e-09
1.073182502632152e-09
1.072902503578870e-09
1.072623113123421e-09
1.072344331360817e-09
1.072066158386074e-09
1.071788594294205e-09
1.071511639180225e-09
1.071235293139148e-09
1.070959556265987e-09
1.070684428655758e-09
1.070409910403474e-09
1.070136001604149e-09
1.069862702352799e-09
1.069590012744436e-09
1.069317932874075e-09
1.069046462836730e-09
1.068775602727415e-09
1.068505352641146e-09
1.068235712672934e-09
1.067966682917796e-09
1.067698263470744e-09
1.067430454426794e-09
1.067163255880959e-09
1.066896667928254e-09
1.066630690663692e-09
1.066365324182288e-09
1.066100568579056e-09
1.065836423949011e-09
1.065572890387166e-09
1.065309967988535e-09
1.065047656848133e-09
1.064785957060974e-09
1.064524868722071e-09
1.064264391926440e-09
1.064004526769095e-09
1.063745273345049e-09
1.063486631749316e-09
1.063228602076912e-09
1.062971184422850e-09
1.062714378882143e-09
1.062458185549807e-09
1.062202604520856e-09
1.061947635890304e-09
1.061693279753164e-09
1.061439536204452e-09
1.061186405339180e-09
1.060933887252364e-09
1.060681982039018e-09
1.060430689794155e-09
1.060180010612791e-09
1.059929944589938e-09
1.059680491820612e-09
1.059431652399826e-09
1.059183426422594e-09
1.058935813983932e-09
1.058688815178852e-09
1.058442430102370e-09
1.058196658849498e-09
1.057951501515252e-09
1.057706958194646e-09
1.057463028982693e-09
1.057219713974409e-09
1.056977013264806e-09
1.056734926948900e-09
1.056493455121704e-09
1.056252597878233e-09
1.056012355313500e-09
1.055772727522521e-09
1.055533714600309e-09
1.055295316641878e-09
1.055057533742242e-09
1.054820365996416e-09
1.054583813499414e-09
1.054347876346249e-09
1.054112554631937e-09
1.053877848451492e-09
1.053643757899926e-09
1.053410283072255e-09
1.053177424063494e-09
1.052945180968655e-09
1.052713553882753e-09
1.052482542900802e-09
1.052252148117818e-09
1.052022369628812e-09
1.051793207528801e-09
1.051564661912797e-09
1.051336732875816e-09
1.051109420512871e-09
1.050882724918976e-09
1.050656646189147e-09
1.050431184418396e-09
1.050206339701737e-09
1.049982112134187e-09
1.049758501810757e-09
1.049535508826463e-09
1.049313133276319e-09
1.049091375255338e-09
1.048870234858536e-09
1.048649712180926e-09
1.048429807317522e-09
1.048210520363339e-09
1.047991851413390e-09
1.047773800562690e-09
1.047556367906253e-09
1.047339553539094e-09
1.047123357556225e-09
1.046907780052663e-09
1.046692821123420e-09
1.046478480863511e-09
1.046264759367950e-09
1.046051656731751e-09
1.045839173049928e-09
1.045627308417496e-09
1.045416062929469e-09
1.045205436680861e-09
1.044995429766686e-09
1.044786042281958e-09
1.044577274321691e-09
1.044369125980900e-09
1.044161597354599e-09
1.043954688537802e-09
1.043748399625522e-09
1.043542730712775e-09
1.043337681894575e-09
1.043133253265935e-09
1.042929444921869e-09
1.042726256957393e-09
1.042523689467519e-09
1.042321742547263e-09
1.042120416291639e-09
1.041919710795660e-09
1.041719626154340e-09
1.041520162462695e-09
1.041321319815738e-09
1.041123098308483e-09
1.040925498035944e-09
1.040728519093136e-09
1.040532161575073e-09
1.040336425576769e-09
1.040141311193238e-09
1.039946818519494e-09
1.039752947650552e-09
1.039559698681425e-09
1.039367071707128e-09
1.039175066822675e-09
1.038983684123080e-09
1.038792923703358e-09
1.038602785658521e-09
1.038413270083586e-09
1.038224377073565e-09
1.038036106723474e-09
1.037848459128325e-09
1.037661434383134e-09
1.037475032582914e-09
1.037289253822680e-09
1.037104098197446e-09
1.036919565802225e-09
1.036735656732033e-09
1.036552371081883e-09
1.036369708946790e-09
1.036187670421767e-09
1.036006255601830e-09
1.035825464581991e-09
1.035645297457265e-09
1.035465754322667e-09
1.035286835273210e-09
1.035108540403909e-09
1.034930869809777e-09
1.034753823585830e-09
1.034577401827081e-09
1.034401604628544e-09
1.034226432085234e-09
1.034051884292165e-09
1.033877961344350e-09
1.033704663336804e-09
1.033531990364542e-09
1.033359942522577e-09
1.033188519905923e-09
1.033017722609595e-09
1.032847550728607e-09
1.032678004357973e-09
1.032509083592708e-09
1.032340788527824e-09
1.032173119258337e-09
1.032006075879261e-09
1.031839658485610e-09
1.031673867172398e-09
1.031508702034639e-09
1.031344163167348e-09
1.031180250665538e-09
1.031016964624223e-09
1.030854305138419e-09
1.030692272303139e-09
1.030530866213397e-09
1.030370086964207e-09
1.030209934650584e-09
1.030050409367542e-09
1.029891511210095e-09
1.029733240273256e-09
1.029575596652041e-09
1.029418580441464e-09
1.029262191736538e-09
1.029106430632277e-09
1.028951297223697e-09
1.028796791605811e-09
1.028642913873633e-09
1.028489664122177e-09
1.028337042446458e-09
1.028185048941490e-09
1.028033683702287e-09
1.027882946823863e-09
1.027732838401232e-09
1.027583358529409e-09
1.027434507303407e-09
1.027286284818241e-09
1.027138691168925e-09
1.026991726450473e-09
1.026845390757899e-09
1.026699684186218e-09
1.026554606830444e-09
1.026410158785590e-09
1.026266340146671e-09
1.026123151008702e-09
1.025980591466696e-09
1.025838661615667e-09
1.025697361550630e-09
1.025556691366598e-09
1.025416651158587e-09
1.025277241021610e-09
1.025138461050681e-09
1.025000311340814e-09
1.024862791987025e-09
1.024725903084326e-09
1.024589644727732e-09
1.024454017012257e-09
1.024319020032916e-09
1.024184653884722e-09
1.024050918662689e-09
1.023917814461833e-09
1.023785341377167e-09
1.023653499503704e-09
1.023522288936461e-09
1.023391709770449e-09
1.023261762100685e-09
1.023132446022181e-09
1.023003761629952e-09
1.022875709019012e-09
1.022748288284376e-09
1.022621499521057e-09
1.022495342824071e-09
1.022369818288429e-09
1.022244926009148e-09
1.022120666081241e-09
1.021997038599723e-09
1.021874043659607e-09
1.021751681355908e-09
1.021629951783640e-09
1.021508855037816e-09
1.021388391213452e-09
1.021268560405561e-09
1.021149362709158e-09
1.021030798219257e-09
1.020912867030871e-09
1.020795569239016e-09
1.020678904938705e-09
1.020562874224952e-09
1.020447477192772e-09
1.020332713937178e-09
1.020218584553186e-09
1.020105089135808e-09
1.019992227780060e-09
1.019880000580955e-09
1.019768407633508e-09
1.019657449032732e-09
1.019547124873643e-09
1.019437435251253e-09
1.019328380260578e-09
1.019219959996631e-09
1.019112174554427e-09
1.019005024028980e-09
1.018898508515303e-09
1.018792628108412e-09
1.018687382903320e-09
1.018582772995041e-09
1.018478798478590e-09
1.018375459448981e-09
1.018272756001228e-09
1.018170688230344e-09
1.018069256231345e-09
1.017968460099245e-09
1.017868299929057e-09
1.017768775815796e-09
1.017669887854476e-09
1.017571636140111e-09
1.017474020767716e-09
1.017377041832304e-09
1.017280699428889e-09
1.017184993652487e-09
1.017089924598110e-09
1.016995492360773e-09
1.016901697035491e-09
1.016808538717277e-09
1.016716017501146e-09
1.016624133482112e-09
1.016532886755189e-09
1.016442277415391e-09
1.016352305557732e-09
1.016262971277227e-09
1.016174274668889e-09
1.016086215827733e-09
1.015998794848774e-09
1.015912011827024e-09
1.015825866857499e-09
1.015740360035212e-09
1.015655491455178e-09
1.015571261212411e-09
1.015487669401925e-09
1.015404716118734e-09
1.015322401457852e-09
1.015240725514294e-09
1.015159688383074e-09
1.015079290159205e-09
1.014999530937703e-09
1.014920410813580e-09
1.014841929881852e-09
1.014764088237533e-09
1.014686885975636e-09
1.014610323191177e-09
1.014534399979168e-09
1.014459116434625e-09
1.014384472652560e-09
1.014310468727990e-09
1.014237104755927e-09
1.014164380831386e-09
1.014092297049381e-09
1.014020853504926e-09
1.013950050293036e-09
1.013879887508724e-09
1.013810365247006e-09
1.013741483602894e-09
1.013673242671403e-09
1.013605642547547e-09
1.013538683326340e-09
1.013472365102798e-09
1.013406687971933e-09
1.013341652028760e-09
1.013277257368293e-09
1.013213504085546e-09
1.013150392275534e-09
1.013087922033270e-09
1.013026093453769e-09
1.012964906632045e-09
1.012904361663112e-09
1.012844458641985e-09
1.012785197663677e-09
1.012726578823202e-09
1.012668602215576e-09
1.012611267935811e-09
1.012554576078922e-09
1.012498526739923e-09
1.012443120013830e-09
1.012388355995654e-09
1.012334234780412e-09
1.012280756463116e-09
1.012227921138782e-09
1.012175728902422e-09
1.012124179849053e-09
1.012073274073687e-09
1.012023011671339e-09
1.011973392737022e-09
1.011924417365752e-09
1.011876085652542e-09
1.011828397692407e-09
1.011781353580361e-09
1.011734953411417e-09
1.011689197280590e-09
1.011644085282894e-09
1.011599617513344e-09
1.011555794066953e-09
1.011512615038736e-09
1.011470080523706e-09
1.011428190616879e-09
1.011386945413268e-09
1.011346345007887e-09
1.011306389495750e-09
1.011267078971873e-09
1.011228413531268e-09
1.011190393268950e-09
1.011153018279934e-09
1.011116288659232e-09
1.011080204501861e-09
1.011044765902833e-09
1.011009972957162e-09
1.010975825759864e-09
1.010942324405952e-09
1.010909468990441e-09
1.010877259608344e-09
1.010845696354676e-09
1.010814779324450e-09
1.010784508612682e-09
1.010754884314385e-09
1.010725906524573e-09
1.010697575338260e-09
1.010669890850462e-09
1.010642853156191e-09
1.010616462350463e-09
1.010590718528290e-09
1.010565621784688e-09
1.010541172214671e-09
1.010517369913252e-09
1.010494214975447e-09
1.010471707496268e-09
1.010449847570730e-09
1.010428635293848e-09
1.010408070760636e-09
1.010388154066107e-09
1.010368885305276e-09
1.010350264573158e-09
1.010332291964765e-09
1.010314967575113e-09
1.010298291499216e-09
1.010282263832087e-09
1.010266884668741e-09
1.010252154104193e-09
1.010238072233455e-09
1.010224639151544e-09
1.010211854953471e-09
1.010199719734253e-09
1.010188233588902e-09
1.010177396612434e-09
1.010167208899861e-09
1.010157670546200e-09
1.010148781646462e-09
1.010140542295664e-09
1.010132952588819e-09
1.010126012620941e-09
1.010119722487044e-09
1.010114082282142e-09
1.010109092101250e-09
1.010104752039382e-09
1.010101062191552e-09
1.010098022652774e-09
1.010095633518062e-09
1.010093894882431e-09
1.010092806840895e-09
1.010092369488467e-09
1.010092582920163e-09
1.010093447230995e-09
1.010094962515979e-09
1.010097128870128e-09
1.010099946388457e-09
1.010103415165980e-09
1.010107535297710e-09
1.010112306878663e-09
1.010117730003853e-09
1.010123804768292e-09
1.010130531266997e-09
1.010137909594980e-09
1.010145939847257e-09
1.010154622118840e-09
1.010163956504745e-09
1.010173943099985e-09
1.010184581999575e-09
1.010195873298529e-09
1.010207817091861e-09
1.010220413474585e-09
1.010233662541716e-09
1.010247564388267e-09
1.010262119109253e-09
1.010277326799687e-09
1.010293187554585e-09
1.010309701468960e-09
1.010326868637826e-09
1.010344689156198e-09
1.010363163119089e-09
1.010382290621515e-09
1.010402071758488e-09
1.010422506625024e-09
1.010443595316136e-09
1.010465337926839e-09
1.010487734552146e-09
1.010510785287072e-09
1.010534490226632e-09
1.010558849465838e-09
1.010583863099706e-09
1.010609531223250e-09
1.010635853931483e-09
1.010662831319420e-09
1.010690463482076e-09
1.010718750514463e-09
1.010747692511597e-09
1.010777289568492e-09
1.010807541780161e-09
1.010838449241619e-09
1.010870012047881e-09
1.010902230293959e-09
1.010935104074869e-09
1.010968633485625e-09
1.011002818621240e-09
1.011037659576730e-09
1.011073156447107e-09
1.011109309327387e-09
1.011146118312583e-09
1.011183583497710e-09
1.011221704977782e-09
1.011260482847812e-09
1.011299917202816e-09
1.011340008137807e-09
1.011380755747799e-09
1.011422160127807e-09
1.011464221372845e-09
1.011506939577927e-09
1.011550314838067e-09
1.011594347248279e-09
1.011639036903578e-09
1.011684383898977e-09
1.011730388329492e-09
1.011777050290135e-09
1.011824369875921e-09
1.011872347181865e-09
1.011920982302980e-09
1.011970275334281e-09
1.012020226370781e-09
1.012070835507496e-09
1.012122102839439e-09
1.012174028461624e-09
1.012226612469066e-09
1.012279854956778e-09
1.012333756019775e-09
1.012388315753072e-09
1.012443534251681e-09
1.012499411610617e-09
1.012555947924896e-09
1.012613143289530e-09
1.012670997799533e-09
1.012729511549921e-09
1.012788684635707e-09
1.012848517151906e-09
1.012909009193530e-09
1.012970160855596e-09
1.013031972233116e-09
1.013094443421106e-09
1.013157574514578e-09
1.013221365608549e-09
1.013285816798030e-09
1.013350928178038e-09
1.013416699843585e-09
1.013483131889686e-09
1.013550224411355e-09
1.013617977503607e-09
1.013686391261456e-09
1.013755465779915e-09
1.013825201153999e-09
1.013895597478722e-09
1.013966654849098e-09
1.014038373360142e-09
1.014110753106867e-09
1.014183794184288e-09
1.014257496687419e-09
1.014331860711275e-09
1.014406886350868e-09
1.014482573701214e-09
1.014558922857326e-09
1.014635933914219e-09
1.014713606966907e-09
1.014791942110404e-09
1.014870939439724e-09
1.014950599049882e-09
1.015030921035891e-09
1.015111905492767e-09
1.015193552515522e-09
1.015275862199171e-09
1.015358834638728e-09
1.015442469929208e-09
1.015526768165625e-09
1.015611729442992e-09
1.015697353856324e-09
1.015783641500636e-09
1.015870592470940e-09
1.015958206862252e-09
1.016046484769586e-09
1.016135426287956e-09
1.016225031512375e-09
1.016315300537859e-09
1.016406233459421e-09
1.016497830372075e-09
1.016590091370836e-09
1.016683016550718e-09
1.016776606006735e-09
1.016870859833901e-09
1.016965778127230e-09
1.017061360981737e-09
1.017157608492436e-09
1.017254520754340e-09
1.017352097862464e-09
1.017450339911822e-09
1.017549246997429e-09
1.017648819214298e-09
1.017749056657444e-09
1.017849959421881e-09
1.017951527602623e-09
1.018053761294684e-09
1.018156660593078e-09
1.018260225592820e-09
1.018364456388924e-09
1.018469353076403e-09
1.018574915750272e-09
1.018681144505546e-09
1.018788039437238e-09
1.018895600640362e-09
1.019003828209933e-09
1.019112722240965e-09
1.019222282828472e-09
1.019332510067469e-09
1.019443404052968e-09
1.019554964879985e-09
1.019667192643534e-09
1.019780087438629e-09
1.019893649360284e-09
1.020007878503513e-09
1.020122774963330e-09
1.020238338834750e-09
1.020354570212787e-09
1.020471469192454e-09
1.020589035868767e-09
1.020707270336739e-09
1.020826172691384e-09
1.020945743027717e-09
1.021065981440751e-09
1.021186888025502e-09
1.021308462876982e-09
1.021430706090207e-09
1.021553617760190e-09
1.021677197981946e-09
1.021801446850489e-09
1.021926364460832e-09
1.022051950907991e-09
1.022178206286979e-09
1.022305130692810e-09
1.022432724220498e-09
1.022560986965059e-09
1.022689919021506e-09
1.022819520484852e-09
1.022949791450113e-09
1.023080732012303e-09
1.023212342266434e-09
1.023344622307523e-09
1.023477572230583e-09
1.023611192130628e-09
1.023745482102672e-09
1.023880442241729e-09
1.024016072642815e-09
1.024152373400942e-09
1.024289344611124e-09
1.024426986368377e-09
1.024565298767715e-09
1.024704281904151e-09
1.024843935872699e-09
1.024984260768374e-09
1.025125256686191e-09
1.025266923721162e-09
1.025409261968303e-09
1.025552271522627e-09
1.025695952479149e-09
1.025840304932882e-09
1.025985328978842e-09
1.026131024712042e-09
1.026277392227496e-09
1.026424431620218e-09
1.026572142985224e-09
1.026720526417526e-09
1.026869582012139e-09
1.027019309864077e-09
1.027169710068355e-09
1.027320782719986e-09
1.027472527913985e-09
1.027624945745366e-09
1.027778036309142e-09
1.027931799700329e-09
1.028086236013940e-09
1.028241345344990e-09
1.028397127788493e-09
1.028553583439462e-09
1.028710712392912e-09
1.028868514743858e-09
1.029026990587313e-09
1.029186140018291e-09
1.029345963131807e-09
1.029506460022875e-09
1.029667630786509e-09
1.029829475517724e-09
1.029991994311532e-09
1.030155187262949e-09
1.030319054466989e-09
1.030483596018666e-09
1.030648812012994e-09
1.030814702544987e-09
1.030981267709660e-09
1.031148507602026e-09
1.031316422317100e-09
1.031485011949895e-09
1.031654276595427e-09
1.031824216348709e-09
1.031994831304755e-09
1.032166121558581e-09
1.032338087205198e-09
1.032510728339623e-09
1.032684045056869e-09
1.032858037451950e-09
1.033032705619880e-09
1.033208049655674e-09
1.033384069654346e-09
1.033560765710910e-09
1.033738137920380e-09
1.033916186377770e-09
1.034094911178094e-09
1.034274312416367e-09
1.034454390187603e-09
1.034635144586816e-09
1.034816575709020e-09
1.034998683649229e-09
1.035181468502458e-09
1.035364930363720e-09
1.035549069328031e-09
1.035733885490403e-09
1.035919378945851e-09
1.036105549789389e-09
1.036292398116032e-09
1.036479924020794e-09
1.036668127598688e-09
1.036857008944729e-09
1.037046568153932e-09
1.037236805321310e-09
1.037427720541877e-09
1.037619313910648e-09
1.037811585522637e-09
1.038004535472858e-09
1.038198163856325e-09
1.038392470768052e-09
1.038587456303054e-09
1.038783120556344e-09
1.038979463622937e-09
1.039176485597848e-09
1.039374186576089e-09
1.039572566652676e-09
1.039771625922622e-09
1.039971364480942e-09
1.040171782422649e-09
1.040372879842759e-09
1.040574656836285e-09
1.040777113498241e-09
1.040980249923642e-09
1.041184066207502e-09
1.041388562444834e-09
1.041593738730654e-09
1.041799595159974e-09
1.042006131827810e-09
1.042213348829175e-09
1.042421246259085e-09
1.042629824212552e-09
1.042839082784591e-09
1.043049022070216e-09
1.043259642164442e-09
1.043470943162282e-09
1.043682925158751e-09
1.043895588248863e-09
1.044108932527632e-09
1.044322958090072e-09
1.044537665031197e-09
1.044753053446022e-09
1.044969123429561e-09
1.045185875076828e-09
1.045403308482837e-09
1.045621423742602e-09
1.045840220951137e-09
1.046059700203457e-09
1.046279861594576e-09
1.046500705219507e-09
1.046722231173266e-09
1.046944439550866e-09
1.047167330447322e-09
1.047390903957646e-09
1.047615160176855e-09
1.047840099199962e-09
1.048065721121981e-09
1.048292026037926e-09
1.048519014042811e-09
1.048746685231651e-09
1.048975039699460e-09
1.049204077541252e-09
1.049433798852041e-09
1.049664203726841e-09
1.049895292260667e-09
1.050127064548532e-09
1.050359520685451e-09
1.050592660766438e-09
1.050826484886507e-09
1.051060993140672e-09
1.051296185623948e-09
1.051532062431349e-09
1.051768623657888e-09
1.052005869398580e-09
1.052243799748440e-09
1.052482414802480e-09
1.052721714655717e-09
1.052961699403162e-09
1.053202369139832e-09
1.053443723960740e-09
1.053685763960899e-09
1.053928489235325e-09
1.054171899879032e-09
1.054415995987033e-09
1.054660777654343e-09
1.054906244975976e-09
1.055152398046947e-09
1.055399236962268e-09
1.055646761816955e-09
1.055894972706022e-09
1.056143869724482e-09
1.056393452967351e-09
1.056643722529642e-09
1.056894678506369e-09
1.057146320992546e-09
1.057398650083189e-09
1.057651665873310e-09
1.057905368457924e-09
1.058159757932045e-09
1.058414834390688e-09
1.058670597928866e-09
1.058927048641594e-09
1.059184186623886e-09
1.059442011970756e-09
1.059700524777218e-09
1.059959725138287e-09
1.060219613148976e-09
1.060480188904299e-09
1.060741452499272e-09
1.061003404028908e-09
1.061266043588221e-09
1.061529371272225e-09
1.061793387175935e-09
1.062058091394364e-09
1.062323484022528e-09
1.062589565155439e-09
1.062856334888113e-09
1.063123793315563e-09
1.063391940532804e-09
1.063660776634849e-09
1.063930301716713e-09
1.064200515873411e-09
1.064471419199955e-09
1.064743011791362e-09
1.065015293742643e-09
1.065288265148815e-09
1.065561926104890e-09
1.065836276705884e-09
1.066111317046809e-09
1.066387047222681e-09
1.066663467328514e-09
1.066940577459322e-09
1.067218377710118e-09
1.067496868175918e-09
1.067776048951734e-09
1.068055920132583e-09
1.068336481813477e-09
1.068617734089430e-09
1.068899677055458e-09
1.069182310806574e-09
1.069465635437792e-09
1.069749651044126e-09
1.070034357720591e-09
1.070319755562201e-09
1.070605844663970e-09
1.070892625120912e-09
1.071180097028041e-09
)
;

boundaryField
{
    inlet
    {
        type            fixedValue;
        value           uniform 0;
    }
    outlet
    {
        type            zeroGradient;
    }
    wall
    {
        type            empty;
    }
}


// ************************************************************************* //
