/*--------------------------------*- C++ -*----------------------------------*\
  =========                 |
  \\      /  F ield         | OpenFOAM: The Open Source CFD Toolbox
   \\    /   O peration     | Website:  https://openfoam.org
    \\  /    A nd           | Version:  7
     \\/     M anipulation  |
\*---------------------------------------------------------------------------*/
FoamFile
{
    version     2.0;
    format      ascii;
    class       volScalarField;
    location    "1";
    object       OH;
}
// * * * * * * * * * * * * * * * * * * * * * * * * * * * * * * * * * * * * * //

dimensions      [0 0 0 0 0 0 0];

internalField   nonuniform List<scalar>
4335
(
4.182983707322545e-14
4.165414408126241e-14
4.147889197426302e-14
4.130408024352057e-14
4.112970838032839e-14
4.095577587597978e-14
4.078228222176804e-14
4.060922690898650e-14
4.043660942892848e-14
4.026442927288727e-14
4.009268593215619e-14
3.992137889802855e-14
3.975050766179767e-14
3.958007171475685e-14
3.941007054819942e-14
3.924050365341867e-14
3.907137052170793e-14
3.890267064436050e-14
3.873440351266969e-14
3.856656861792883e-14
3.839916545143120e-14
3.823219350447015e-14
3.806565226833897e-14
3.789954123433096e-14
3.773385989373946e-14
3.756860773785777e-14
3.740378425797920e-14
3.723938894539706e-14
3.707542129140466e-14
3.691188078729532e-14
3.674876692436235e-14
3.658607919389905e-14
3.642381708719875e-14
3.626198009555476e-14
3.610056771026037e-14
3.593957942260892e-14
3.577901472389370e-14
3.561887310540803e-14
3.545915405844524e-14
3.529985707429860e-14
3.514098164426146e-14
3.498252725962712e-14
3.482449341168888e-14
3.466687959174007e-14
3.450968529107399e-14
3.435291000098396e-14
3.419655321276329e-14
3.404061441770528e-14
3.388509310710326e-14
3.372998877225052e-14
3.357530090444039e-14
3.342102899496618e-14
3.326717253512120e-14
3.311373101619876e-14
3.296070392949217e-14
3.280809076629474e-14
3.265589101789979e-14
3.250410417560063e-14
3.235272973069056e-14
3.220176717446291e-14
3.205121599821099e-14
3.190107569322809e-14
3.175134575080755e-14
3.160202566224266e-14
3.145311491882674e-14
3.130461301185311e-14
3.115651943261507e-14
3.100883367240593e-14
3.086155522251902e-14
3.071468357424763e-14
3.056821821888509e-14
3.042215864772470e-14
3.027650435205977e-14
3.013125482318363e-14
2.998640955238957e-14
2.984196803097091e-14
2.969792975022096e-14
2.955429420143304e-14
2.941106087590046e-14
2.926822926491652e-14
2.912579885977455e-14
2.898376915176784e-14
2.884213963218972e-14
2.870090979233350e-14
2.856007912349248e-14
2.841964711695999e-14
2.827961326402932e-14
2.813997705599380e-14
2.800073798414673e-14
2.786189553978143e-14
2.772344921419121e-14
2.758539849866937e-14
2.744774288450924e-14
2.731048186300413e-14
2.717361492544734e-14
2.703714156313219e-14
2.690106126735198e-14
2.676537352940005e-14
2.663007784056968e-14
2.649517369215420e-14
2.636066057544691e-14
2.622653798174114e-14
2.609280540233018e-14
2.595946232850736e-14
2.582650825156598e-14
2.569394266279936e-14
2.556176505350081e-14
2.542997491496363e-14
2.529857173848115e-14
2.516755501534667e-14
2.503692423685351e-14
2.490667889429498e-14
2.477681847896438e-14
2.464734248215504e-14
2.451825039516026e-14
2.438954170927335e-14
2.426121591578763e-14
2.413327250599641e-14
2.400571097119300e-14
2.387853080267071e-14
2.375173149172285e-14
2.362531252964274e-14
2.349927340772369e-14
2.337361361725901e-14
2.324833264954201e-14
2.312342999586600e-14
2.299890514752430e-14
2.287475759581021e-14
2.275098683201706e-14
2.262759234743814e-14
2.250457363336678e-14
2.238193018109627e-14
2.225966148191995e-14
2.213776702713112e-14
2.201624630802309e-14
2.189509881588916e-14
2.177432404202266e-14
2.165392147771690e-14
2.153389061426518e-14
2.141423094296082e-14
2.129494195509713e-14
2.117602314196743e-14
2.105747399486502e-14
2.093929400508322e-14
2.082148266391533e-14
2.070403946265468e-14
2.058696389259456e-14
2.047025544502830e-14
2.035391361124921e-14
2.023793788255060e-14
2.012232775022577e-14
2.000708270556805e-14
1.989220223987073e-14
1.977768584442715e-14
1.966353301053060e-14
1.954974322947439e-14
1.943631599255185e-14
1.932325079105628e-14
1.921054711628100e-14
1.909820445951931e-14
1.898622231206453e-14
1.887460016520997e-14
1.876333751024894e-14
1.865243383847475e-14
1.854188864118072e-14
1.843170140966016e-14
1.832187163520637e-14
1.821239880911268e-14
1.810328242267239e-14
1.799452196717881e-14
1.788611693392526e-14
1.777806681420505e-14
1.767037109931148e-14
1.756302928053789e-14
1.745604084917756e-14
1.734940529652381e-14
1.724312211386997e-14
1.713719079250933e-14
1.703161082373523e-14
1.692638169884094e-14
1.682150290911981e-14
1.671697394586513e-14
1.661279430037022e-14
1.650896346392838e-14
1.640548092783295e-14
1.630234618337721e-14
1.619955872185450e-14
1.609711803455810e-14
1.599502361278135e-14
1.589327494781756e-14
1.579187153096002e-14
1.569081285350206e-14
1.559009840673698e-14
1.548972768195811e-14
1.538970017045874e-14
1.529001536353220e-14
1.519067275247179e-14
1.509167182857083e-14
1.499301208312263e-14
1.489469300742049e-14
1.479671409275774e-14
1.469907483042768e-14
1.460177471172363e-14
1.450481322793888e-14
1.440818987036678e-14
1.431190413030062e-14
1.421595549903370e-14
1.412034346785935e-14
1.402506752807087e-14
1.393012717096160e-14
1.383552188782481e-14
1.374125116995384e-14
1.364731450864199e-14
1.355371139518258e-14
1.346044132086891e-14
1.336750377699430e-14
1.327489825485207e-14
1.318262424573552e-14
1.309068124093796e-14
1.299906873175271e-14
1.290778620947308e-14
1.281683316539239e-14
1.272620909080393e-14
1.263591347700102e-14
1.254594581527698e-14
1.245630559692512e-14
1.236699231323876e-14
1.227800545551119e-14
1.218934451503573e-14
1.210100898310569e-14
1.201299835101441e-14
1.192531211005517e-14
1.183794975152128e-14
1.175091076670607e-14
1.166419464690284e-14
1.157780088340491e-14
1.149172896750559e-14
1.140597839049819e-14
1.132054864367601e-14
1.123543921833239e-14
1.115064960576063e-14
1.106617929725402e-14
1.098202778410590e-14
1.089819455760956e-14
1.081467910905833e-14
1.073148092974552e-14
1.064859951096443e-14
1.056603434400838e-14
1.048378492017068e-14
1.040185073074464e-14
1.032023126702358e-14
1.023892602030081e-14
1.015793448186962e-14
1.007725614302335e-14
9.996890495055297e-15
9.916837029258786e-15
9.837095236927114e-15
9.757664609353598e-15
9.678544637831554e-15
9.599734813654288e-15
9.521234628115121e-15
9.443043572507355e-15
9.365161138124296e-15
9.287586816259278e-15
9.210320098205589e-15
9.133360475256562e-15
9.056707438705493e-15
8.980360479845694e-15
8.904319089970492e-15
8.828582760373183e-15
8.753150982347086e-15
8.678023247185516e-15
8.603199046181780e-15
8.528677870629191e-15
8.454459211821058e-15
8.380542561050695e-15
8.306927409611414e-15
8.233613248796524e-15
8.160599569899339e-15
8.087885864213179e-15
8.015471623031338e-15
7.943356337647150e-15
7.871539499353903e-15
7.800020599444924e-15
7.728799129213533e-15
7.657874579953031e-15
7.587246442956720e-15
7.516914209517919e-15
7.446877370929948e-15
7.377135418486104e-15
7.307687843479718e-15
7.238534137204086e-15
7.169673790952527e-15
7.101106296018350e-15
7.032831143694880e-15
6.964847825275401e-15
6.897155832053251e-15
6.829754655321731e-15
6.762643786374143e-15
6.695822716503819e-15
6.629290937004062e-15
6.563047939168184e-15
6.497093214289493e-15
6.431426253661297e-15
6.366046548576929e-15
6.300953590329677e-15
6.236146870212868e-15
6.171625879519803e-15
6.107390109543802e-15
6.043439051578166e-15
5.979772196916223e-15
5.916389036851273e-15
5.853289062676636e-15
5.790471765685620e-15
5.727936637171527e-15
5.665683168427689e-15
5.603710850747394e-15
5.542019175423989e-15
5.480607633750742e-15
5.419475717020987e-15
5.358622916528044e-15
5.298048723565220e-15
5.237752629425811e-15
5.177734125403155e-15
5.117992702790541e-15
5.058527852881284e-15
4.999339066968709e-15
4.940425836346117e-15
4.881787652306824e-15
4.823424006144142e-15
4.765334389151379e-15
4.707518292621849e-15
4.649975207848872e-15
4.592704626125737e-15
4.535706038745789e-15
4.478978937002317e-15
4.422522812188635e-15
4.366337155598056e-15
4.310421458523889e-15
4.254775212259460e-15
4.199397908098069e-15
4.144289037333025e-15
4.089448091257648e-15
4.034874561165245e-15
3.980567938349130e-15
3.926527714102623e-15
3.872753379719020e-15
3.819244426491641e-15
3.766000345713792e-15
3.713020628678795e-15
3.660304766679956e-15
3.607852251010584e-15
3.555662572963999e-15
3.503735223833508e-15
3.452069694912418e-15
3.400665477494051e-15
3.349522062871713e-15
3.298638942338725e-15
3.248015607188375e-15
3.197651548713996e-15
3.147546258208889e-15
3.097699226966382e-15
3.048109946279768e-15
2.998777907442375e-15
2.949702601747484e-15
2.900883520488460e-15
2.852320154958555e-15
2.804011996451137e-15
2.755958536259478e-15
2.708159265676897e-15
2.660613675996715e-15
2.613321258512252e-15
2.566281504516802e-15
2.519493905303674e-15
2.472957952166200e-15
2.426673136397681e-15
2.380638949291418e-15
2.334854882140733e-15
2.289320426238945e-15
2.244035072879361e-15
2.198998313355295e-15
2.154209638960049e-15
2.109668540986931e-15
2.065374510729285e-15
2.021327039480376e-15
1.977525618533560e-15
1.933969739182127e-15
1.890658892719372e-15
1.847592570438641e-15
1.804770263633221e-15
1.762191463596445e-15
1.719855661621603e-15
1.677762349002027e-15
1.635911017031019e-15
1.594301157001879e-15
1.552932260207946e-15
1.511803817942504e-15
1.470915321498878e-15
1.430266262170389e-15
1.389856131250345e-15
1.349684420032033e-15
1.309750619808793e-15
1.270054221873920e-15
1.230594717520741e-15
1.191371598042557e-15
1.152384354732687e-15
1.113632478884434e-15
1.075115461791117e-15
1.036832794746051e-15
9.987839690425360e-16
9.609684759738928e-16
9.233858068334289e-16
8.860354529144645e-16
8.489169055103009e-16
8.120296559142519e-16
7.753731954196314e-16
7.389470153197534e-16
7.027506069079253e-16
6.667834614774674e-16
6.310450703216809e-16
5.955349247338797e-16
5.602525160073903e-16
5.251973354354950e-16
4.903688743115393e-16
4.557666239288055e-16
4.213900755806264e-16
3.872387205602969e-16
3.533120501611499e-16
3.196095556764803e-16
2.861307283996083e-16
2.528750596238415e-16
2.198420406424874e-16
1.870311627488726e-16
1.544419172362919e-16
1.220737953980743e-16
8.992628852751571e-17
5.799888791793450e-17
2.629108486264251e-17
-5.197629345046432e-18
-3.646776341182636e-17
-6.751982604437955e-17
-9.835432594939419e-17
-1.289717718335642e-16
-1.593726724035720e-16
-1.895575363661076e-16
-2.195268724278592e-16
-2.492811892955149e-16
-2.788209956757630e-16
-3.081468002752915e-16
-3.372591118007886e-16
-3.661584389589425e-16
-3.948452904564413e-16
-4.233201749999731e-16
-4.515836012962262e-16
-4.796360780518886e-16
-5.074781139736504e-16
-5.351102177681943e-16
-5.625328981422138e-16
-5.897466638023971e-16
-6.167520234554271e-16
-6.435494858079970e-16
-6.701395595667933e-16
-6.965227534385044e-16
-7.226995761298181e-16
-7.486705363474227e-16
-7.744361427980066e-16
-7.999969041882574e-16
-8.253533292248639e-16
-8.505059266145136e-16
-8.754552050638970e-16
-9.002016732796969e-16
-9.247458399686061e-16
-9.490882138373134e-16
-9.732293035925015e-16
-9.971696179408639e-16
-1.020909665589088e-15
-1.044449955243859e-15
-1.067790995611867e-15
-1.090933295399802e-15
-1.113877363314348e-15
-1.136623708062196e-15
-1.159172838350035e-15
-1.181525262884549e-15
-1.203681490372432e-15
-1.225642029520367e-15
-1.247407389035043e-15
-1.268978077623152e-15
-1.290354603991378e-15
-1.311537476846410e-15
-1.332527204894939e-15
-1.353324296843648e-15
-1.373929261399229e-15
-1.394342607268371e-15
-1.414564843157758e-15
-1.434596477774083e-15
-1.454438019824031e-15
-1.474089978014289e-15
-1.493552861051549e-15
-1.512827177642496e-15
-1.531913436493818e-15
-1.550812146312208e-15
-1.569523815804348e-15
-1.588048953676929e-15
-1.606388068636641e-15
-1.624541669390168e-15
-1.642510264644199e-15
-1.660294363105427e-15
-1.677894473480534e-15
-1.695311104476212e-15
-1.712544764799146e-15
-1.729595963156027e-15
-1.746465208253543e-15
-1.763153008798380e-15
-1.779659873497228e-15
-1.795986311056775e-15
-1.812132830183708e-15
-1.828099939584715e-15
-1.843888147966487e-15
-1.859497964035710e-15
-1.874929896499072e-15
-1.890184454063261e-15
-1.905262145434967e-15
-1.920163479320876e-15
-1.934888964427677e-15
-1.949439109462058e-15
-1.963814423130707e-15
-1.978015414140313e-15
-1.992042591197564e-15
-2.005896463009147e-15
-2.019577538281751e-15
-2.033086325722064e-15
-2.046423334036775e-15
-2.059589071932571e-15
-2.072584048116141e-15
-2.085408771294171e-15
-2.098063750173353e-15
-2.110549493460371e-15
-2.122866509861916e-15
-2.135015308084676e-15
-2.146996396835337e-15
-2.158810284820589e-15
-2.170457480747121e-15
-2.181938493321618e-15
-2.193253831250772e-15
-2.204404003241269e-15
-2.215389517999795e-15
-2.226210884233043e-15
-2.236868610647699e-15
-2.247363205950449e-15
-2.257695178847983e-15
-2.267865038046991e-15
-2.277873292254158e-15
-2.287720450176173e-15
-2.297407020519726e-15
-2.306933511991503e-15
-2.316300433298193e-15
-2.325508293146485e-15
-2.334557600243065e-15
-2.343448863294622e-15
-2.352182591007846e-15
-2.360759292089423e-15
-2.369179475246040e-15
-2.377443649184390e-15
-2.385552322611156e-15
-2.393506004233029e-15
-2.401305202756697e-15
-2.408950426888848e-15
-2.416442185336168e-15
-2.423780986805348e-15
-2.430967340003076e-15
-2.438001753636036e-15
-2.444884736410923e-15
-2.451616797034420e-15
-2.458198444213216e-15
-2.464630186654001e-15
-2.470912533063463e-15
-2.477045992148287e-15
-2.483031072615164e-15
-2.488868283170782e-15
-2.494558132521828e-15
-2.500101129374991e-15
-2.505497782436958e-15
-2.510748600414419e-15
-2.515854092014061e-15
-2.520814765942573e-15
-2.525631130906642e-15
-2.530303695612956e-15
-2.534832968768204e-15
-2.539219459079075e-15
-2.543463675252256e-15
-2.547566125994435e-15
-2.551527320012301e-15
-2.555347766012541e-15
-2.559027972701843e-15
-2.562568448786897e-15
-2.565969702974389e-15
-2.569232243971010e-15
-2.572356580483445e-15
-2.575343221218384e-15
-2.578192674882515e-15
-2.580905450182525e-15
-2.583482055825103e-15
-2.585923000516938e-15
-2.588228792964717e-15
-2.590399941875129e-15
-2.592436955954860e-15
-2.594340343910601e-15
-2.596110614449039e-15
-2.597748276276862e-15
-2.599253838100757e-15
-2.600627808627414e-15
-2.601870696563521e-15
-2.602983010615766e-15
-2.603965259490836e-15
-2.604817951895421e-15
-2.605541596536207e-15
-2.606136702119884e-15
-2.606603777353139e-15
-2.606943330942661e-15
-2.607155871595138e-15
-2.607241908017257e-15
-2.607201948915708e-15
-2.607036502997177e-15
-2.606746078968355e-15
-2.606331185535928e-15
-2.605792331406584e-15
-2.605130025287013e-15
-2.604344775883900e-15
-2.603437091903937e-15
-2.602407482053810e-15
-2.601256455040207e-15
-2.599984519569816e-15
-2.598592184349327e-15
-2.597079958085427e-15
-2.595448349484803e-15
-2.593697867254145e-15
-2.591829020100140e-15
-2.589842316729476e-15
-2.587738265848843e-15
-2.585517376164928e-15
-2.583180156384418e-15
-2.580727115214002e-15
-2.578158761360369e-15
-2.575475603530206e-15
-2.572678150430201e-15
-2.569766910767044e-15
-2.566742393247421e-15
-2.563605106578022e-15
-2.560355559465533e-15
-2.556994260616644e-15
-2.553521718738043e-15
-2.549938442536418e-15
-2.546244940718455e-15
-2.542441721990846e-15
-2.538529295060276e-15
-2.534508168633434e-15
-2.530378851417009e-15
-2.526141852117689e-15
-2.521797679442161e-15
-2.517346842097114e-15
-2.512789848789237e-15
-2.508127208225216e-15
-2.503359429111742e-15
-2.498487020155500e-15
-2.493510490063181e-15
-2.488430347541470e-15
-2.483247101297058e-15
-2.477961260036633e-15
-2.472573332466881e-15
-2.467083827294493e-15
-2.461493253226153e-15
-2.455802118968555e-15
-2.450010933228381e-15
-2.444120204712323e-15
-2.438130442127070e-15
-2.432042154179306e-15
-2.425855849575722e-15
-2.419572037023007e-15
-2.413191225227846e-15
-2.406713922896929e-15
-2.400140638736948e-15
-2.393471881454583e-15
-2.386708159756528e-15
-2.379849982349469e-15
-2.372897857940096e-15
-2.365852295235095e-15
-2.358713802941156e-15
-2.351482889764964e-15
-2.344160064413211e-15
-2.336745835592584e-15
-2.329240712009769e-15
-2.321645202371458e-15
-2.313959815384336e-15
-2.306185059755092e-15
-2.298321444190414e-15
-2.290369477396991e-15
-2.282329668081511e-15
-2.274202524950660e-15
-2.265988556711130e-15
-2.257688272069605e-15
-2.249302179732776e-15
-2.240830788407332e-15
-2.232274606799958e-15
-2.223634143617345e-15
-2.214909907566179e-15
-2.206102407353148e-15
-2.197212151684941e-15
-2.188239649268247e-15
-2.179185408809755e-15
-2.170049939016150e-15
-2.160833748594122e-15
-2.151537346250359e-15
-2.142161240691548e-15
-2.132705940624380e-15
-2.123171954755543e-15
-2.113559791791720e-15
-2.103869960439603e-15
-2.094102969405883e-15
-2.084259327397241e-15
-2.074339543120370e-15
-2.064344125281960e-15
-2.054273582588694e-15
-2.044128423747263e-15
-2.033909157464355e-15
-2.023616292446657e-15
-2.013250337400860e-15
-2.002811801033652e-15
-1.992301192051715e-15
-1.981719019161743e-15
-1.971065791070423e-15
-1.960342016484442e-15
-1.949548204110488e-15
-1.938684862655253e-15
-1.927752500825422e-15
-1.916751627327681e-15
-1.905682750868723e-15
-1.894546380155232e-15
-1.883343023893901e-15
-1.872073190791412e-15
-1.860737389554459e-15
-1.849336128889723e-15
-1.837869917503899e-15
-1.826339264103675e-15
-1.814744677395733e-15
-1.803086666086768e-15
-1.791365738883464e-15
-1.779582404492508e-15
-1.767737171620594e-15
-1.755830548974404e-15
-1.743863045260632e-15
-1.731835169185960e-15
-1.719747429457081e-15
-1.707600334780678e-15
-1.695394393863445e-15
-1.683130115412068e-15
-1.670808008133235e-15
-1.658428580733631e-15
-1.645992341919948e-15
-1.633499800398875e-15
-1.620951464877096e-15
-1.608347844061301e-15
-1.595689446658182e-15
-1.582976781374421e-15
-1.570210356916709e-15
-1.557390681991737e-15
-1.544518265306186e-15
-1.531593615566752e-15
-1.518617241480119e-15
-1.505589651752975e-15
-1.492511355092008e-15
-1.479382860203906e-15
-1.466204675795361e-15
-1.452977310573056e-15
-1.439701273243684e-15
-1.426377072513927e-15
-1.413005217090479e-15
-1.399586215680026e-15
-1.386120576989255e-15
-1.372608809724858e-15
-1.359051422593519e-15
-1.345448924301926e-15
-1.331801823556768e-15
-1.318110629064736e-15
-1.304375849532517e-15
-1.290597993666796e-15
-1.276777570174262e-15
-1.262915087761607e-15
-1.249011055135516e-15
-1.235065981002677e-15
-1.221080374069781e-15
-1.207054743043514e-15
-1.192989596630563e-15
-1.178885443537617e-15
-1.164742792471364e-15
-1.150562152138493e-15
-1.136344031245694e-15
-1.122088938499651e-15
-1.107797382607055e-15
-1.093469872274593e-15
-1.079106916208951e-15
-1.064709023116823e-15
-1.050276701704894e-15
-1.035810460679851e-15
-1.021310808748382e-15
-1.006778254617176e-15
-9.922133069929234e-16
-9.776164745823068e-16
-9.629882660920204e-16
-9.483291902287508e-16
-9.336397556991843e-16
-9.189204712100109e-16
-9.041718454679141e-16
-8.893943871795890e-16
-8.745886050517211e-16
-8.597550077909990e-16
-8.448941041041066e-16
-8.300064026977339e-16
-8.150924122785755e-16
-8.001526415533111e-16
-7.851875992286311e-16
-7.701977940112276e-16
-7.551837346077851e-16
-7.401459297249912e-16
-7.250848880695361e-16
-7.100011183481105e-16
-6.948951292673960e-16
-6.797674295340870e-16
-6.646185278548634e-16
-6.494489329364217e-16
-6.342591534854501e-16
-6.190496982086301e-16
-6.038210758126525e-16
-5.885737950042096e-16
-5.733083644899848e-16
-5.580252929766667e-16
-5.427250891709456e-16
-5.274082617795114e-16
-5.120753195090464e-16
-4.967267710662405e-16
-4.813631251577884e-16
-4.659848904903674e-16
-4.505925757706767e-16
-4.351866897053954e-16
-4.197677410012166e-16
-4.043362383648257e-16
-3.888926905029131e-16
-3.734376061221651e-16
-3.579714939292740e-16
-3.424948626309258e-16
-3.270082209338021e-16
-3.115120775445998e-16
-2.960069411700049e-16
-2.804933205167032e-16
-2.649717242913853e-16
-2.494426612007393e-16
-2.339066399514487e-16
-2.183641692502086e-16
-2.028157578037024e-16
-1.872619143186185e-16
-1.717031475016495e-16
-1.561399660594767e-16
-1.405728786987952e-16
-1.250023941262862e-16
-1.094290210486448e-16
-9.385326817255674e-17
-7.827564420470796e-17
-6.269665785178658e-17
-4.711681980221447e-17
-3.153706087136615e-17
-1.595924923335311e-17
-3.853798930671418e-19
1.518255214460383e-17
3.074255187477189e-17
4.629262429254330e-17
6.183077439303206e-17
7.735500717134641e-17
9.286332762259258e-17
1.083537407418885e-16
1.238242515243404e-16
1.392728649650564e-16
1.546975860591507e-16
1.700964198017314e-16
1.854673711879048e-16
2.008084452127887e-16
2.161176468714895e-16
2.313929811591173e-16
2.466324530707801e-16
2.618340676015922e-16
2.769958297466598e-16
2.921157445010950e-16
3.071918168600096e-16
3.222220518185121e-16
3.372044543717107e-16
3.521370295147192e-16
3.670177822426441e-16
3.818447175505974e-16
3.966158404336911e-16
4.113291558870333e-16
4.259826689057327e-16
4.405743844849007e-16
4.551023076196500e-16
4.695644433050865e-16
4.839587965363241e-16
4.982833723084713e-16
5.125361756166363e-16
5.267152114559311e-16
5.408184848214676e-16
5.548440007083524e-16
5.687897641116992e-16
5.826537800266163e-16
5.964340534482138e-16
6.101285893715985e-16
6.237353927918874e-16
6.372524687041873e-16
6.506778221036065e-16
6.640094579852586e-16
6.772453813442520e-16
6.903835971756935e-16
7.034221104746998e-16
7.163589262363781e-16
7.291920494558365e-16
7.419194851281885e-16
7.545392382485411e-16
7.670493138120061e-16
7.794477168136951e-16
7.917324522487166e-16
8.039015251121794e-16
8.159529403991966e-16
8.278847031048752e-16
8.396948182243270e-16
8.513812907526635e-16
8.629421256849935e-16
8.743753280164256e-16
8.856789027420729e-16
8.968508548570424e-16
9.078891893564475e-16
9.187919112353954e-16
9.295570254889989e-16
9.401825371123667e-16
9.506664511006077e-16
9.610067724488335e-16
9.712015061521554e-16
9.812486572056811e-16
9.911462306045231e-16
1.000892231343790e-15
1.010484664418592e-15
1.019921534824039e-15
1.029200847555243e-15
1.038320607607311e-15
1.047278819975357e-15
1.056073489654488e-15
1.064702621639815e-15
1.073164220926448e-15
1.081456292509499e-15
1.089576841384075e-15
1.097523872545290e-15
1.105295390988251e-15
1.112889401708067e-15
1.120303909699852e-15
1.127536919958715e-15
1.134586437479765e-15
1.141450467258113e-15
1.148127014288868e-15
1.154614083567141e-15
1.160909680088042e-15
1.167011808846681e-15
1.172918474838170e-15
1.178627683057615e-15
1.184137438500131e-15
1.189445746160824e-15
1.194550611034806e-15
1.199450038117188e-15
1.204142032403079e-15
1.208624598887589e-15
1.212895742565829e-15
1.216953468432908e-15
1.220795781483937e-15
1.224420686714026e-15
1.227826189118285e-15
1.231010293691824e-15
1.233971005429753e-15
1.236706329327183e-15
1.239214270379223e-15
1.241492833580984e-15
1.243540023927576e-15
1.245353846414109e-15
1.246932306035693e-15
1.248273407787439e-15
1.249375156664456e-15
1.250235557661854e-15
1.250852615774745e-15
1.251224335998236e-15
1.251348723327440e-15
1.251223782757467e-15
1.250847519283425e-15
1.250217937900426e-15
1.249333043603579e-15
1.248190841387995e-15
1.246789336248784e-15
1.245126533181056e-15
1.243200437179921e-15
1.241009053240490e-15
1.238550386357871e-15
1.235822441527177e-15
1.232823223743516e-15
1.229550738001998e-15
1.226002989297735e-15
1.222177982625836e-15
1.218073722981411e-15
1.213688215359570e-15
1.209019464755424e-15
1.204065476164083e-15
1.198824254580656e-15
1.193293805000254e-15
1.187472132417988e-15
1.181357241828967e-15
1.174947138228300e-15
1.168239826611100e-15
1.161233311972475e-15
1.153925599307536e-15
1.146314693611393e-15
1.138398599879156e-15
1.130175323105935e-15
1.121642868286841e-15
1.112799240416983e-15
1.103642444491471e-15
1.094170485505417e-15
1.084381368453929e-15
1.074273098332118e-15
1.063843680135095e-15
1.053091118857969e-15
1.042013419495849e-15
1.030608587043851e-15
1.018874626497076e-15
1.006809542850640e-15
9.944113410996534e-16
9.816780262392239e-16
9.686076032644620e-16
9.551980771704805e-16
9.414474529523875e-16
9.273537356052917e-16
9.129149301243043e-16
8.981290415045382e-16
8.829940747410991e-16
8.675080348291016e-16
8.516689267636530e-16
8.354747555398625e-16
8.189235261528413e-16
8.020132435977023e-16
7.847419128695510e-16
7.671075389635023e-16
7.491081268746635e-16
7.307416815981432e-16
7.120062081290531e-16
6.928997114625061e-16
6.734201965936100e-16
6.535656685174730e-16
6.333341322292087e-16
6.127235927239241e-16
5.917320549967301e-16
5.703575240427406e-16
5.485980048570624e-16
5.264515024348042e-16
5.039160217710770e-16
4.809895678609953e-16
4.576701456996628e-16
4.339557602821919e-16
4.098444166037006e-16
3.853341196592859e-16
3.604228744440632e-16
3.351086859531439e-16
3.093895591816440e-16
2.832634991246614e-16
2.567285107773146e-16
2.297825991347086e-16
2.024237691919561e-16
1.746500259441666e-16
1.464593743864521e-16
1.178498195139284e-16
8.881936632169482e-17
5.936601980486260e-17
2.948778495854472e-17
-8.173332221486824e-19
-3.155132974210746e-17
-6.271557691106478e-17
-9.429712505035228e-17
-1.262687024928694e-16
-1.586024148763627e-16
-1.912703678385824e-16
-2.242446670172792e-16
-2.574974180501908e-16
-2.910007265750925e-16
-3.247266982297224e-16
-3.586474386518310e-16
-3.927350534791686e-16
-4.269616483494857e-16
-4.612993289005196e-16
-4.957202007700468e-16
-5.301963695958047e-16
-5.646999410155436e-16
-5.992030206670141e-16
-6.336777141879623e-16
-6.680961272161471e-16
-7.024303653893061e-16
-7.366525343452069e-16
-7.707347397215913e-16
-8.046490871562097e-16
-8.383676822868084e-16
-8.718626307511462e-16
-9.051060381869609e-16
-9.380700102320196e-16
-9.707266525240645e-16
-1.003048070700846e-15
-1.035006370400110e-15
-1.066573657259616e-15
-1.097722036917102e-15
-1.128423615010334e-15
-1.158650497177054e-15
-1.188374789055014e-15
-1.217568596281959e-15
-1.246204024495648e-15
-1.274253179333821e-15
-1.301688166434240e-15
-1.328481091434652e-15
-1.354604059972804e-15
-1.380029177686446e-15
-1.404728550213333e-15
-1.428674283191213e-15
-1.451838482257830e-15
-1.474193253050947e-15
-1.495710701208305e-15
-1.516362932367663e-15
-1.536122052166760e-15
-1.554960166243354e-15
-1.572849380235193e-15
-1.589761799780028e-15
-1.605669530515615e-15
-1.620544678079694e-15
-1.634359348110024e-15
-1.647085646244349e-15
-1.658695678120419e-15
-1.669161549375994e-15
-1.678455365648815e-15
-1.686549232576638e-15
-1.693415255797209e-15
-1.699025540948281e-15
-1.703352193667603e-15
-1.706367319592927e-15
-1.708043024362003e-15
-1.708351413612581e-15
-1.707264592982411e-15
-1.704754668109244e-15
-1.700793744630831e-15
-1.695353928184922e-15
-1.688407324409267e-15
-1.679926038941614e-15
-1.669882177419719e-15
-1.658247845481330e-15
-1.644995148764193e-15
-1.630096192906070e-15
-1.613523083544696e-15
-1.595247926317833e-15
-1.575242826863228e-15
-1.553479890818625e-15
-1.529931223821786e-15
-1.504568931510456e-15
-1.477365119522386e-15
-1.448291893495318e-15
-1.417321359067018e-15
-1.384425621875228e-15
-1.349576787557691e-15
-1.312746961752183e-15
-1.273908250096418e-15
-1.233032758228175e-15
-1.190092591785195e-15
-1.145059856405217e-15
-1.097906657726013e-15
-1.048605101385324e-15
-9.971272930208990e-16
-9.434453382704757e-16
-8.875313427718307e-16
-8.293574121627012e-16
-7.688956520808232e-16
-7.061181681639760e-16
-6.409970660498969e-16
-5.735044513763343e-16
-5.036124297810401e-16
-4.312931069017463e-16
-3.565185883762383e-16
-2.792609798422303e-16
-1.994923869375314e-16
-1.171849152998321e-16
-3.231075125727957e-17
5.512188014000191e-17
1.450121063240384e-16
2.372443720631245e-16
3.317031221256220e-16
4.282728012798706e-16
5.268378542942097e-16
6.272827259370046e-16
7.294918609765442e-16
8.333497041812197e-16
9.387407003192921e-16
1.045549294159179e-15
1.153659930469222e-15
1.262957054017705e-15
1.373325109573024e-15
1.484648541903463e-15
1.596811795777388e-15
1.709699315963139e-15
1.823195547229056e-15
1.937184934343508e-15
2.051551922074777e-15
2.166180955191259e-15
2.280956478461236e-15
2.395762936653049e-15
2.510484774535123e-15
2.625006436875712e-15
2.739212368443211e-15
2.852987014005905e-15
2.966214818332160e-15
3.078780226190318e-15
3.190567682348716e-15
3.301461631575723e-15
3.411346518639623e-15
3.520106788308811e-15
3.627626885351569e-15
3.733791254536241e-15
3.838484340631246e-15
3.941590588404841e-15
4.042994442625421e-15
4.142580348061272e-15
4.240232749480761e-15
4.335836091652250e-15
4.429274819344009e-15
4.520433377324470e-15
4.609196210361902e-15
4.695447763224673e-15
4.779072480681137e-15
4.859954807499595e-15
4.937979188448408e-15
5.013030068295914e-15
5.084991891810472e-15
5.153749103760383e-15
5.219186148914008e-15
5.281187472039700e-15
5.339637517905753e-15
5.394420731280566e-15
5.445421556932438e-15
5.492524439629719e-15
5.535613824140760e-15
5.574574155233881e-15
5.609289877677431e-15
5.639645436239750e-15
5.665525275689184e-15
5.686813840794059e-15
5.703395576322722e-15
5.715154927043515e-15
5.721976337724772e-15
5.723744253134836e-15
5.720343118042045e-15
5.711657377214742e-15
5.697571475421259e-15
5.677969857429944e-15
5.652736968009128e-15
5.621757251927170e-15
5.584915153952379e-15
5.542095118853119e-15
5.493181591397724e-15
5.438059016354518e-15
5.376611838491866e-15
5.308724502578094e-15
5.234281453381547e-15
5.153167135670561e-15
5.065265994213453e-15
4.970462473778606e-15
4.868641019134313e-15
4.759686075048992e-15
4.643482086290905e-15
4.519913497628387e-15
4.388864753829832e-15
4.250220299663525e-15
4.103864579897867e-15
3.949682039301167e-15
3.787557122641765e-15
3.617374274687997e-15
3.439017940208161e-15
3.252372563970686e-15
3.057322590743813e-15
2.853752465295986e-15
2.641546632395548e-15
2.420589536810676e-15
2.190765623309871e-15
1.951959336661357e-15
1.704055121633598e-15
1.446937422994870e-15
1.180490685513516e-15
9.045993539578720e-16
6.191478730962059e-16
3.240206876970033e-16
1.910224252845574e-17
-2.956118212619853e-16
-6.193040517887105e-16
-9.507886591610506e-16
-1.288878116044420e-15
-1.632384895104647e-15
-1.980121469007221e-15
-2.330900310417887e-15
-2.683533892002395e-15
-3.036834686426139e-15
-3.389615166355135e-15
-3.740687804454776e-15
-4.088865073390900e-15
-4.432959445828992e-15
-4.771783394434798e-15
-5.104149391873983e-15
-5.428869910812204e-15
-5.744757423915200e-15
-6.050624403848476e-15
-6.345283323277767e-15
-6.627546654868810e-15
-6.896226871287052e-15
-7.150136445198428e-15
-7.388087849268397e-15
-7.608893556162686e-15
-7.811366038547007e-15
-7.994317769086917e-15
-8.156561220448129e-15
-8.296908865296306e-15
-8.414173176297131e-15
-8.507166626116208e-15
-8.574701687419231e-15
-8.615590832871866e-15
-8.628646535139752e-15
-8.612681266888564e-15
-8.566507500783965e-15
-8.488937709491611e-15
-8.378784365677135e-15
-8.234859942006247e-15
-8.055976911144542e-15
-7.840947745757824e-15
-7.588584918511539e-15
-7.297700902071524e-15
-6.967108169103376e-15
-6.595619192272663e-15
-6.182046444245231e-15
-5.725202397686650e-15
-5.223899525262581e-15
-4.676950299638688e-15
-4.083167193480473e-15
-3.441362679453894e-15
-2.750349230224293e-15
-2.008939318457863e-15
-1.215945416819729e-15
-3.701799979755191e-16
5.289541024188694e-16
1.474039280758544e-15
2.451881821945265e-15
3.449160492475948e-15
4.452554058846273e-15
5.448741287553426e-15
6.424400945093831e-15
7.366211797963428e-15
8.260852612659113e-15
9.095002155676874e-15
9.855339193513189e-15
1.052854249266504e-14
1.110129081962831e-14
1.156026294089971e-14
1.189213762297545e-14
1.208359363235209e-14
1.212130973552606e-14
1.199196469899380e-14
1.168223728925163e-14
1.117880627279614e-14
1.046835041612352e-14
9.537548485730529e-15
8.373079248113790e-15
6.961621469768772e-15
5.289853917192858e-15
3.344455356881643e-15
1.112104555332546e-15
-1.418760621385714e-15
-4.225566854656478e-15
-7.254787802083697e-15
-1.045177641906591e-14
-1.376188566099631e-14
-1.713046848327204e-14
-2.050287784128694e-14
-2.382446669043737e-14
-2.704058798611884e-14
-3.009659468372691e-14
-3.293783973865777e-14
-3.550967610630551e-14
-3.775745674206641e-14
-3.962653460133640e-14
-4.106226263950976e-14
-4.200999381198344e-14
-4.241508107415208e-14
-4.222287738141149e-14
-4.137873568915690e-14
-3.982800895278426e-14
-3.751605012768896e-14
-3.438821216926654e-14
-3.038984803291139e-14
-2.546631067402104e-14
-1.956295304799012e-14
-1.262512811021231e-14
-4.598188816088750e-15
4.568620001752275e-15
1.481141663825005e-14
2.593569859212254e-14
3.773985761639917e-14
5.002228546410042e-14
6.258137388825875e-14
7.521551464189109e-14
8.772309947803646e-14
9.990252014971182e-14
1.115521684099467e-13
1.224704360117702e-13
1.324557147082033e-13
1.413063962522751e-13
1.488208723970120e-13
1.547975348954406e-13
1.590347755005881e-13
1.613309859654787e-13
1.614845580431399e-13
1.592938834865988e-13
1.545573540488812e-13
1.470733614830114e-13
1.366402975420196e-13
1.230565539789269e-13
1.061205225467664e-13
8.563059499856156e-14
6.138516308733883e-14
3.318261856612475e-14
8.429150514919679e-16
-3.475533012120283e-14
-7.121510114390276e-14
-1.060221079142668e-13
-1.366620603299750e-13
-1.606206682887259e-13
-1.753836416881766e-13
-1.784366904260108e-13
-1.672655243999043e-13
-1.393558535075373e-13
-9.219338764658743e-14
-2.326383671473272e-14
6.994708939037588e-14
1.899536807710141e-13
3.387102555810817e-13
5.142729566250432e-13
7.130405682493953e-13
9.314057997994646e-13
1.165761360620263e-12
1.412499960057076e-12
1.668014307454947e-12
1.928697112159107e-12
2.190941083514726e-12
2.451138930866971e-12
2.705683363561075e-12
2.950967090942080e-12
3.183382822355276e-12
3.400405683595952e-12
3.703057636942788e-12
4.380179823059900e-12
5.740447383216034e-12
8.092535458680669e-12
1.174511919072143e-11
1.700687372060752e-11
2.417892876246917e-11
3.339138950568654e-11
4.460472517292601e-11
5.777213727708467e-11
7.284682733106991e-11
8.978199684779097e-11
1.085308473401442e-10
1.294416683947748e-10
1.565253464104912e-10
1.957779111194259e-10
2.532150051486051e-10
3.348522711250819e-10
4.467053516759333e-10
5.947898894281073e-10
7.863841446311998e-10
1.034472118776890e-09
1.353648778156242e-09
1.759580117396162e-09
2.285771823244909e-09
2.980454653885777e-09
3.892295206493874e-09
5.068717042204933e-09
6.554271169157257e-09
8.393104070207730e-09
1.065445857381903e-08
1.359212746320625e-08
1.754225772552103e-08
2.284257589361945e-08
2.987338037425883e-08
3.910947784060833e-08
5.142449007970290e-08
6.788411011798805e-08
8.948257915865927e-08
1.187327108637588e-07
1.604107661917894e-07
2.187068529935497e-07
3.005737938481073e-07
4.184408009457314e-07
5.939756843397544e-07
8.554149387218462e-07
1.246961763529803e-06
1.828070352131600e-06
2.669777382825004e-06
3.845918382643594e-06
5.423470160709309e-06
7.460915045237699e-06
1.002535952358901e-05
1.323567697979487e-05
1.733051941920507e-05
2.274978677041098e-05
3.021461757472313e-05
4.079915920360317e-05
5.599770126916448e-05
7.779552948539181e-05
1.087417649806579e-04
1.520043218060067e-04
2.113715276190368e-04
2.911466028478894e-04
3.958767565388172e-04
5.298570715038553e-04
6.972636904735885e-04
8.997313457820926e-04
1.137000532822800e-03
1.405740754833622e-03
1.700703180939148e-03
2.013920600191649e-03
2.335560632174645e-03
2.655032850627789e-03
2.962249206854552e-03
3.248598508890896e-03
3.508129424996496e-03
3.737559988280425e-03
3.936113007259135e-03
4.104701789351869e-03
4.246171333734657e-03
4.363852366490793e-03
4.461032869893243e-03
4.540955096822379e-03
4.605917935815675e-03
4.658314463695766e-03
4.701200902224894e-03
4.736209327867827e-03
4.764567500147082e-03
4.787550846911694e-03
4.805970844942563e-03
4.820256450249662e-03
4.831038830809680e-03
4.839032266711754e-03
4.844941667492346e-03
4.849216584245325e-03
4.852029513922192e-03
4.853539058430259e-03
4.853892305659269e-03
4.853200360191072e-03
4.851567316587218e-03
4.849096081914886e-03
4.845877169048841e-03
4.841993717079522e-03
4.837528767366399e-03
4.832565361268945e-03
4.827186540146634e-03
4.821475345358937e-03
4.815505412315853e-03
4.809303224864859e-03
4.802880522949176e-03
4.796249041498297e-03
4.789420515441707e-03
4.782406679708898e-03
4.775219270566685e-03
4.767870590055394e-03
4.760374381736889e-03
4.752744615407250e-03
4.744995260862563e-03
4.737140287898907e-03
4.729193666312365e-03
4.721169289815872e-03
4.713077738394762e-03
4.704925069306042e-03
4.696717014566265e-03
4.688459306191989e-03
4.680157676199771e-03
4.671817856606157e-03
4.663445515500994e-03
4.655045399074321e-03
4.646621561142175e-03
4.638178038681884e-03
4.629718868670783e-03
4.621248088086200e-03
4.612769733905465e-03
4.604287668140979e-03
4.595804604764236e-03
4.587322794934900e-03
4.578844488534550e-03
4.570371935444763e-03
4.561907385547124e-03
4.553453088691478e-03
4.545011158974661e-03
4.536583264138722e-03
4.528170980323528e-03
4.519775883668943e-03
4.511399550314835e-03
4.503043556401072e-03
4.494709472845830e-03
4.486398445357887e-03
4.478110886617427e-03
4.469847136735357e-03
4.461607535822590e-03
4.453392423990031e-03
4.445202141348597e-03
4.437037079026745e-03
4.428898689276622e-03
4.420789426608249e-03
4.412711784764000e-03
4.404668257486262e-03
4.396661338517412e-03
4.388693521599834e-03
4.380767057381034e-03
4.372882080682751e-03
4.365037636901545e-03
4.357232762430458e-03
4.349466493662540e-03
4.341737866990834e-03
4.334045918808383e-03
4.326389685508238e-03
4.318768203483436e-03
4.311180509127028e-03
4.303625638832059e-03
4.296102628991569e-03
4.288610515998609e-03
4.281148338056421e-03
4.273715488250999e-03
4.266312137725120e-03
4.258938560801687e-03
4.251595031803593e-03
4.244281825053735e-03
4.236999214875013e-03
4.229747475590320e-03
4.222526881522555e-03
4.215337706994615e-03
4.208180226329393e-03
4.201054713849791e-03
4.193961443878702e-03
4.186900690739027e-03
4.179872706606945e-03
4.172877482270866e-03
4.165914837995745e-03
4.158984591118530e-03
4.152086558976169e-03
4.145220558905608e-03
4.138386408243794e-03
4.131583924327673e-03
4.124812924494190e-03
4.118073226080294e-03
4.111364646422931e-03
4.104687002859049e-03
4.098040112725596e-03
4.091423793395026e-03
4.084837891793082e-03
4.078282337987600e-03
4.071757076560398e-03
4.065262052093287e-03
4.058797209168088e-03
4.052362492366610e-03
4.045957846270667e-03
4.039583215462080e-03
4.033238544522658e-03
4.026923778034222e-03
4.020638860578584e-03
4.014383736737555e-03
4.008158351092956e-03
4.001962640899657e-03
3.995796422142526e-03
3.989659411117993e-03
3.983551321163887e-03
3.977471865618040e-03
3.971420757818279e-03
3.965397711102439e-03
3.959402438808347e-03
3.953434654273837e-03
3.947494070836739e-03
3.941580401834880e-03
3.935693360606093e-03
3.929832660488209e-03
3.923998014822921e-03
3.918189275780607e-03
3.912406801203708e-03
3.906651064033475e-03
3.900922537211151e-03
3.895221693677985e-03
3.889549006375222e-03
3.883904948244112e-03
3.878289992225900e-03
3.872704611261833e-03
3.867149278293157e-03
3.861624466261118e-03
3.856130648106965e-03
3.850668296771945e-03
3.845237865801507e-03
3.839839335320434e-03
3.834472196340010e-03
3.829135917336131e-03
3.823829966784681e-03
3.818553813161553e-03
3.813306924942634e-03
3.808088770603814e-03
3.802898818620983e-03
3.797736537470027e-03
3.792601395626838e-03
3.787492861567305e-03
3.782410403767316e-03
3.777353490702762e-03
3.772321590849530e-03
3.767314172683511e-03
3.762330704680593e-03
3.757370655316665e-03
3.752433493067617e-03
3.747518686409337e-03
3.742625703817718e-03
3.737754013768643e-03
3.732903084738006e-03
3.728072385201695e-03
3.723261383635597e-03
3.718469548515603e-03
3.713696348317604e-03
3.708941256828184e-03
3.704203954287300e-03
3.699484389125137e-03
3.694782527695486e-03
3.690098336352137e-03
3.685431781448882e-03
3.680782829339506e-03
3.676151446377804e-03
3.671537598917563e-03
3.666941253312574e-03
3.662362375916627e-03
3.657800933083512e-03
3.653256891167021e-03
3.648730216520941e-03
3.644220875499063e-03
3.639728834455177e-03
3.635254059743073e-03
3.630796517716542e-03
3.626356174729375e-03
3.621932997135358e-03
3.617526951288285e-03
3.613138003541942e-03
3.608766120250124e-03
3.604411267766617e-03
3.600073412445214e-03
3.595752520639703e-03
3.591448558703875e-03
3.587161493662706e-03
3.582891339583283e-03
3.578638187633224e-03
3.574402136126933e-03
3.570183283378814e-03
3.565981727703276e-03
3.561797567414723e-03
3.557630900827563e-03
3.553481826256202e-03
3.549350442015044e-03
3.545236846418499e-03
3.541141137780970e-03
3.537063414416864e-03
3.533003774640586e-03
3.528962316766545e-03
3.524939139109146e-03
3.520934339982795e-03
3.516948017701897e-03
3.512980270580859e-03
3.509031196934088e-03
3.505100895075990e-03
3.501189463320969e-03
3.497296999983435e-03
3.493423603377790e-03
3.489569371818444e-03
3.485734403619799e-03
3.481918797096266e-03
3.478122649983463e-03
3.474345968925628e-03
3.470588571015639e-03
3.466850249694041e-03
3.463130798401378e-03
3.459430010578194e-03
3.455747679665032e-03
3.452083599102439e-03
3.448437562330957e-03
3.444809362791130e-03
3.441198793923502e-03
3.437605649168617e-03
3.434029721967019e-03
3.430470805759253e-03
3.426928693985864e-03
3.423403180087392e-03
3.419894057504385e-03
3.416401119677385e-03
3.412924160046936e-03
3.409462972053584e-03
3.406017349137871e-03
3.402587084740342e-03
3.399171972301541e-03
3.395771805262011e-03
3.392386377062297e-03
3.389015481142943e-03
3.385658910944494e-03
3.382316459907491e-03
3.378987921472482e-03
3.375673089080008e-03
3.372371756170614e-03
3.369083716184844e-03
3.365808762563242e-03
3.362546688746354e-03
3.359297288174722e-03
3.356060354288889e-03
3.352835680529401e-03
3.349623060336800e-03
3.346422287151633e-03
3.343233154414444e-03
3.340055455565773e-03
3.336888984046167e-03
3.333733533296170e-03
3.330588896756325e-03
3.327454867867177e-03
3.324331240069271e-03
3.321217806803149e-03
3.318114361509355e-03
3.315020697628435e-03
3.311936608600931e-03
3.308861887867388e-03
3.305796328868352e-03
3.302739725044363e-03
3.299691869835967e-03
3.296652556687820e-03
3.293621617108209e-03
3.290599013704339e-03
3.287584737286770e-03
3.284578778666064e-03
3.281581128652777e-03
3.278591778057472e-03
3.275610717690707e-03
3.272637938363043e-03
3.269673430885039e-03
3.266717186067255e-03
3.263769194720251e-03
3.260829447654586e-03
3.257897935680820e-03
3.254974649609514e-03
3.252059580251225e-03
3.249152718416517e-03
3.246254054915946e-03
3.243363580560073e-03
3.240481286159458e-03
3.237607162524661e-03
3.234741200466241e-03
3.231883390794759e-03
3.229033724320774e-03
3.226192191854846e-03
3.223358784207534e-03
3.220533492189398e-03
3.217716306610999e-03
3.214907218282896e-03
3.212106218015648e-03
3.209313296619816e-03
3.206528444905959e-03
3.203751653684637e-03
3.200982913766410e-03
3.198222215961837e-03
3.195469551081479e-03
3.192724909935895e-03
3.189988283335645e-03
3.187259662091288e-03
3.184539037013385e-03
3.181826398912495e-03
3.179121738599178e-03
3.176425046883995e-03
3.173736314577504e-03
3.171055532490264e-03
3.168382691432837e-03
3.165717782215781e-03
3.163060795649659e-03
3.160411722545027e-03
3.157770553712446e-03
3.155137279962477e-03
3.152511892105677e-03
3.149894380952609e-03
3.147284737313831e-03
3.144682951999904e-03
3.142089017834662e-03
3.139502939398766e-03
3.136924725528346e-03
3.134354385065398e-03
3.131791926851920e-03
3.129237359729909e-03
3.126690692541363e-03
3.124151934128279e-03
3.121621093332654e-03
3.119098178996486e-03
3.116583199961772e-03
3.114076165070511e-03
3.111577083164697e-03
3.109085963086330e-03
3.106602813677407e-03
3.104127643779924e-03
3.101660462235881e-03
3.099201277887274e-03
3.096750099576099e-03
3.094306936144356e-03
3.091871796434040e-03
3.089444689287151e-03
3.087025623545684e-03
3.084614608051638e-03
3.082211651647009e-03
3.079816763173795e-03
3.077429951473994e-03
3.075051225389602e-03
3.072680593762618e-03
3.070318065435039e-03
3.067963649248863e-03
3.065617354046085e-03
3.063279188668704e-03
3.060949161958718e-03
3.058627282758124e-03
3.056313559908918e-03
3.054008002253100e-03
3.051710618632664e-03
3.049421417889611e-03
3.047140408865935e-03
3.044867600403637e-03
3.042603001344712e-03
3.040346620531157e-03
3.038098466804971e-03
3.035858549008150e-03
3.033626875982693e-03
3.031403456570597e-03
3.029188299613857e-03
3.026981413954474e-03
3.024782808434443e-03
3.022592491895762e-03
3.020410473180428e-03
3.018236761130440e-03
3.016071364587793e-03
3.013914288955372e-03
3.011765504131966e-03
3.009624959070852e-03
3.007492602454593e-03
3.005368382965749e-03
3.003252249286882e-03
3.001144150100553e-03
2.999044034089323e-03
2.996951849935753e-03
2.994867546322406e-03
2.992791071931841e-03
2.990722375446620e-03
2.988661405549305e-03
2.986608110922457e-03
2.984562440248637e-03
2.982524342210406e-03
2.980493765490325e-03
2.978470658770956e-03
2.976454970734860e-03
2.974446650064598e-03
2.972445645442732e-03
2.970451905551823e-03
2.968465379074430e-03
2.966486014693118e-03
2.964513761090445e-03
2.962548566948975e-03
2.960590380951268e-03
2.958639151779885e-03
2.956694828117386e-03
2.954757358646335e-03
2.952826692049292e-03
2.950902777008817e-03
2.948985562207474e-03
2.947074996327822e-03
2.945171028052422e-03
2.943273606063837e-03
2.941382679044627e-03
2.939498195677354e-03
2.937620104644579e-03
2.935748354628862e-03
2.933882894312767e-03
2.932023672378852e-03
2.930170637509681e-03
2.928323738387813e-03
2.926482923695812e-03
2.924648142116236e-03
2.922819342331649e-03
2.920996473024610e-03
2.919179482877682e-03
2.917368320573425e-03
2.915562934794402e-03
2.913763274223173e-03
2.911969287542298e-03
2.910180923434340e-03
2.908398130581860e-03
2.906620857667420e-03
2.904849053373579e-03
2.903082666382900e-03
2.901321645377943e-03
2.899565939041271e-03
2.897815496055444e-03
2.896070265103024e-03
2.894330194866571e-03
2.892595234028648e-03
2.890865331271815e-03
2.889140435278632e-03
2.887420494731663e-03
2.885705458313468e-03
2.883995274706608e-03
2.882289892593645e-03
2.880589260657139e-03
2.878893327579653e-03
2.877202042043746e-03
2.875515352731981e-03
2.873833208326919e-03
2.872155557511121e-03
2.870482348967148e-03
2.868813531377561e-03
2.867149053424923e-03
2.865488863791793e-03
2.863832911160733e-03
2.862181144214305e-03
2.860533511635069e-03
2.858889962105588e-03
2.857250444308422e-03
2.855614906926131e-03
2.853983298641279e-03
2.852355568136425e-03
2.850731664094133e-03
2.849111535196961e-03
2.847495130127472e-03
2.845882397568226e-03
2.844273286201786e-03
2.842667744710712e-03
2.841065721777566e-03
2.839467166084909e-03
2.837872026315302e-03
2.836280251151306e-03
2.834691789275484e-03
2.833106589370394e-03
2.831524600118600e-03
2.829945770202663e-03
2.828370048305143e-03
2.826797383108602e-03
2.825227723295601e-03
2.823661017548701e-03
2.822097214550463e-03
2.820536262983451e-03
2.818978111903210e-03
2.817422730277164e-03
2.815870116595291e-03
2.814320271736640e-03
2.812773196580268e-03
2.811228892005227e-03
2.809687358890568e-03
2.808148598115346e-03
2.806612610558612e-03
2.805079397099421e-03
2.803548958616826e-03
2.802021295989878e-03
2.800496410097632e-03
2.798974301819140e-03
2.797454972033454e-03
2.795938421619629e-03
2.794424651456717e-03
2.792913662423771e-03
2.791405455399844e-03
2.789900031263988e-03
2.788397390895257e-03
2.786897535172705e-03
2.785400464975384e-03
2.783906181182345e-03
2.782414684672645e-03
2.780925976325333e-03
2.779440057019464e-03
2.777956927634091e-03
2.776476589048267e-03
2.774999042141045e-03
2.773524287791477e-03
2.772052326878617e-03
2.770583160281517e-03
2.769116788879230e-03
2.767653213550811e-03
2.766192435175311e-03
2.764734454631783e-03
2.763279272799281e-03
2.761826890556857e-03
2.760377308783564e-03
2.758930528358456e-03
2.757486550160585e-03
2.756045375069004e-03
2.754607003962767e-03
2.753171437720925e-03
2.751738677222534e-03
2.750308723346644e-03
2.748881576972309e-03
2.747457238978583e-03
2.746035710244517e-03
2.744616991649166e-03
2.743201084071582e-03
2.741787988390817e-03
2.740377705485926e-03
2.738970236235960e-03
2.737565581519974e-03
2.736163742217019e-03
2.734764719206149e-03
2.733368513366417e-03
2.731975125576876e-03
2.730584556716579e-03
2.729196807664579e-03
2.727811879299928e-03
2.726429772501680e-03
2.725050488148887e-03
2.723674027120603e-03
2.722300390295880e-03
2.720929578553773e-03
2.719561592773333e-03
2.718196433833613e-03
2.716834102613667e-03
2.715474599992547e-03
2.714117926849307e-03
2.712764084062999e-03
2.711413072512677e-03
2.710064893077393e-03
2.708719546636200e-03
2.707377034068152e-03
2.706037356252301e-03
2.704700514067700e-03
2.703366508393402e-03
2.702035340108461e-03
2.700707010091928e-03
2.699381519222859e-03
2.698058868380304e-03
2.696739058443316e-03
2.695422090290950e-03
2.694107964802258e-03
2.692796682856293e-03
2.691488245332108e-03
2.690182653108756e-03
2.688879907065290e-03
2.687580008080763e-03
2.686282957034227e-03
2.684988754804737e-03
2.683697402271343e-03
2.682408900313102e-03
2.681123249809064e-03
2.679840451638282e-03
2.678560506679810e-03
2.677283415812701e-03
2.676009179916007e-03
2.674737799868782e-03
2.673469276550078e-03
2.672203610838949e-03
2.670940803614448e-03
2.669680855755627e-03
2.668423768141539e-03
2.667169541651239e-03
2.665918175391868e-03
2.664669661382939e-03
2.663423989872051e-03
2.662181151106806e-03
2.660941135334806e-03
2.659703932803651e-03
2.658469533760944e-03
2.657237928454284e-03
2.656009107131273e-03
2.654783060039513e-03
2.653559777426605e-03
2.652339249540150e-03
2.651121466627750e-03
2.649906418937004e-03
2.648694096715515e-03
2.647484490210885e-03
2.646277589670714e-03
2.645073385342602e-03
2.643871867474153e-03
2.642673026312967e-03
2.641476852106645e-03
2.640283335102788e-03
2.639092465548998e-03
2.637904233692876e-03
2.636718629782024e-03
2.635535644064040e-03
2.634355266786530e-03
2.633177488197091e-03
2.632002298543327e-03
2.630829688072839e-03
2.629659647033226e-03
2.628492165672092e-03
2.627327234237036e-03
2.626164842975662e-03
2.625004982135568e-03
2.623847641964357e-03
2.622692812709631e-03
2.621540484618989e-03
2.620390647940035e-03
2.619243292920367e-03
2.618098409807589e-03
2.616955988849301e-03
2.615816020293104e-03
2.614678494386600e-03
2.613543401377390e-03
2.612410731513075e-03
2.611280475041256e-03
2.610152622209535e-03
2.609027163265513e-03
2.607904088456792e-03
2.606783388030971e-03
2.605665052235653e-03
2.604549071318439e-03
2.603435435526930e-03
2.602324135108727e-03
2.601215160311432e-03
2.600108501382645e-03
2.599004148569969e-03
2.597902092121004e-03
2.596802322283351e-03
2.595704829304612e-03
2.594609603432388e-03
2.593516634914281e-03
2.592425913997890e-03
2.591337430930819e-03
2.590251175960667e-03
2.589167139335036e-03
2.588085311301528e-03
2.587005682107744e-03
2.585928242001284e-03
2.584852981229751e-03
2.583779890040745e-03
2.582708958681867e-03
2.581640177400720e-03
2.580573536444904e-03
2.579509026062020e-03
2.578446636499669e-03
2.577386358005453e-03
2.576328180826973e-03
2.575272095211831e-03
2.574218091407627e-03
2.573166159661962e-03
2.572116290222440e-03
2.571068473336658e-03
2.570022699252221e-03
2.568978958216728e-03
2.567937240477781e-03
2.566897536282982e-03
2.565859835879931e-03
2.564824129516229e-03
2.563790407439478e-03
2.562758659897280e-03
2.561728877137235e-03
2.560701049406945e-03
2.559675166954010e-03
2.558651220026032e-03
2.557629198870613e-03
2.556609093735353e-03
2.555590894867855e-03
2.554574592515718e-03
2.553560176926545e-03
2.552547638347936e-03
2.551536967027493e-03
2.550528153212817e-03
2.549521187151509e-03
2.548516059091171e-03
2.547512759279403e-03
2.546511277963807e-03
2.545511605873318e-03
2.544513739684841e-03
2.543517680086975e-03
2.542523427843462e-03
2.541530983718046e-03
2.540540348474470e-03
2.539551522876477e-03
2.538564507687811e-03
2.537579303672214e-03
2.536595911593431e-03
2.535614332215205e-03
2.534634566301278e-03
2.533656614615395e-03
2.532680477921298e-03
2.531706156982731e-03
2.530733652563437e-03
2.529762965427160e-03
2.528794096337642e-03
2.527827046058627e-03
2.526861815353859e-03
2.525898404987079e-03
2.524936815722034e-03
2.523977048322464e-03
2.523019103552114e-03
2.522062982174726e-03
2.521108684954046e-03
2.520156212653814e-03
2.519205566037775e-03
2.518256745869672e-03
2.517309752913250e-03
2.516364587932249e-03
2.515421251690414e-03
2.514479744951489e-03
2.513540068479217e-03
2.512602223037340e-03
2.511666209389603e-03
2.510732028299748e-03
2.509799680531519e-03
2.508869166848659e-03
2.507940488014912e-03
2.507013644794020e-03
2.506088637949728e-03
2.505165468245779e-03
2.504244136445914e-03
2.503324643313879e-03
2.502406989613416e-03
2.501491176108269e-03
2.500577203562180e-03
2.499665072738895e-03
2.498754784402154e-03
2.497846339315702e-03
2.496939738243283e-03
2.496034981948639e-03
2.495132071195514e-03
2.494231006747651e-03
2.493331789368794e-03
2.492434419822685e-03
2.491538898873068e-03
2.490645227283686e-03
2.489753405818283e-03
2.488863435240602e-03
2.487975316314386e-03
2.487089049803379e-03
2.486204636471324e-03
2.485322077081964e-03
2.484441372399043e-03
2.483562523186303e-03
2.482685530207488e-03
2.481810394226342e-03
2.480937116006607e-03
2.480065696312028e-03
2.479196135906346e-03
2.478328435553307e-03
2.477462596016652e-03
2.476598618060126e-03
2.475736502447471e-03
2.474876249942431e-03
2.474017861308749e-03
2.473161337310169e-03
2.472306678710434e-03
2.471453886273286e-03
2.470602960762470e-03
2.469753902941729e-03
2.468906713574806e-03
2.468061393425444e-03
2.467217943257386e-03
2.466376363834377e-03
2.465536655920159e-03
2.464698820278475e-03
2.463862857673070e-03
2.463028768867686e-03
2.462196554626066e-03
2.461366215711953e-03
2.460537752889093e-03
2.459711166921226e-03
2.458886458572096e-03
2.458063628605449e-03
2.457242677785025e-03
2.456423606874569e-03
2.455606416637824e-03
2.454791107838533e-03
2.453977681240440e-03
2.453166137607288e-03
2.452356477702820e-03
2.451548702290779e-03
2.450742812134909e-03
2.449938807998954e-03
2.449136690646656e-03
2.448336460817207e-03
2.447538117350358e-03
2.446741655866164e-03
2.445947071672802e-03
2.445154360078455e-03
2.444363516391300e-03
2.443574535919517e-03
2.442787413971285e-03
2.442002145854786e-03
2.441218726878197e-03
2.440437152349697e-03
2.439657417577467e-03
2.438879517869687e-03
2.438103448534534e-03
2.437329204880190e-03
2.436556782214834e-03
2.435786175846643e-03
2.435017381083800e-03
2.434250393234482e-03
2.433485207606870e-03
2.432721819509142e-03
2.431960224249479e-03
2.431200417136059e-03
2.430442393477062e-03
2.429686148580669e-03
2.428931677755057e-03
2.428178976308407e-03
2.427428039548897e-03
2.426678862784708e-03
2.425931441324020e-03
2.425185770475010e-03
2.424441845545860e-03
2.423699661844748e-03
2.422959214679854e-03
2.422220499359358e-03
2.421483511191438e-03
2.420748245484274e-03
2.420014697546046e-03
2.419282862684933e-03
2.418552736209115e-03
2.417824313426771e-03
2.417097589646081e-03
2.416372560175223e-03
2.415649220322379e-03
2.414927565395726e-03
2.414207590703445e-03
2.413489291553714e-03
2.412772663254714e-03
2.412057701114624e-03
2.411344400441623e-03
2.410632756543892e-03
2.409922764729608e-03
2.409214420306952e-03
2.408507718584104e-03
2.407802654869241e-03
2.407099224470545e-03
2.406397422696196e-03
2.405697244854370e-03
2.404998686253250e-03
2.404301742201014e-03
2.403606408005840e-03
2.402912678975910e-03
2.402220550419403e-03
2.401530017644497e-03
2.400841075959373e-03
2.400153720672209e-03
2.399467947091186e-03
2.398783750524483e-03
2.398101126280278e-03
2.397420069666753e-03
2.396740575992086e-03
2.396062640564456e-03
2.395386258692044e-03
2.394711425683027e-03
2.394038136845588e-03
2.393366387487903e-03
2.392696172918154e-03
2.392027488444519e-03
2.391360329375178e-03
2.390694691018310e-03
2.390030568682096e-03
2.389367957674713e-03
2.388706853304343e-03
2.388047250879163e-03
2.387389145707355e-03
2.386732533097096e-03
2.386077408356568e-03
2.385423766793948e-03
2.384771603717417e-03
2.384120914435154e-03
2.383471694255339e-03
2.382823938486150e-03
2.382177642435768e-03
2.381532801412372e-03
2.380889410724142e-03
2.380247465679257e-03
2.379606961585895e-03
2.378967893752238e-03
2.378330257486464e-03
2.377694048096752e-03
2.377059260891283e-03
2.376425891178236e-03
2.375793934265789e-03
2.375163385462123e-03
2.374534240075418e-03
2.373906493413852e-03
2.373280140785605e-03
2.372655177498856e-03
2.372031598861786e-03
2.371409400182573e-03
2.370788576769397e-03
2.370169123930437e-03
2.369551036973873e-03
2.368934311207884e-03
2.368318941940650e-03
2.367704924480351e-03
2.367092254135165e-03
2.366480926213272e-03
2.365870936022852e-03
2.365262278872084e-03
2.364654950069148e-03
2.364048944922223e-03
2.363444258739488e-03
2.362840886829123e-03
2.362238824499308e-03
2.361638067058221e-03
2.361038609814043e-03
2.360440448074953e-03
2.359843577149130e-03
2.359247992344755e-03
2.358653688970005e-03
2.358060662333061e-03
2.357468907742102e-03
2.356878420505308e-03
2.356289195930858e-03
2.355701229326932e-03
2.355114516001709e-03
2.354529051263368e-03
2.353944830420090e-03
2.353361848780052e-03
2.352780101651436e-03
2.352199584342420e-03
2.351620292161184e-03
2.351042220415908e-03
2.350465364414770e-03
2.349889719465951e-03
2.349315280877629e-03
2.348742043957984e-03
2.348170004015197e-03
2.347599156357445e-03
2.347029496292909e-03
2.346461019129768e-03
2.345893720176202e-03
2.345327594740390e-03
2.344762638130511e-03
2.344198845654746e-03
2.343636212621272e-03
2.343074734338271e-03
2.342514406113921e-03
2.341955223256402e-03
2.341397181073893e-03
2.340840274874574e-03
2.340284499966625e-03
2.339729851658224e-03
2.339176325257551e-03
2.338623916072785e-03
2.338072619412107e-03
2.337522430583696e-03
2.336973344895730e-03
2.336425357656391e-03
2.335878464173856e-03
2.335332659756305e-03
2.334787939711919e-03
2.334244299348876e-03
2.333701733975356e-03
2.333160238899538e-03
2.332619809429602e-03
2.332080440873727e-03
2.331542128540093e-03
2.331004867736880e-03
2.330468653772265e-03
2.329933481954430e-03
2.329399347591554e-03
2.328866245991816e-03
2.328334172463395e-03
2.327803122314471e-03
2.327273090853224e-03
2.326744073387833e-03
2.326216065226477e-03
2.325689061677337e-03
2.325163058048590e-03
2.324638049648417e-03
2.324114031784998e-03
2.323590999766511e-03
2.323068948901137e-03
2.322547874497054e-03
2.322027771862443e-03
2.321508636305482e-03
2.320990463134351e-03
2.320473247657230e-03
2.319956985182298e-03
2.319441671017734e-03
2.318927300471718e-03
2.318413868852431e-03
2.317901371468049e-03
2.317389803626754e-03
2.316879160636725e-03
2.316369437806142e-03
2.315860630443183e-03
2.315352733856028e-03
2.314845743352857e-03
2.314339654241850e-03
2.313834461831185e-03
2.313330161429042e-03
2.312826748343601e-03
2.312324217883040e-03
2.311822565355540e-03
2.311321786183872e-03
2.310821877505418e-03
2.310322837777478e-03
2.309824665491303e-03
2.309327359138145e-03
2.308830917209255e-03
2.308335338195883e-03
2.307840620589282e-03
2.307346762880702e-03
2.306853763561396e-03
2.306361621122613e-03
2.305870334055606e-03
2.305379900851626e-03
2.304890320001924e-03
2.304401589997752e-03
2.303913709330360e-03
2.303426676491000e-03
2.302940489970923e-03
2.302455148261381e-03
2.301970649853624e-03
2.301486993238906e-03
2.301004176908475e-03
2.300522199353584e-03
2.300041059065484e-03
2.299560754535426e-03
2.299081284254662e-03
2.298602646714443e-03
2.298124840406020e-03
2.297647863820645e-03
2.297171715449568e-03
2.296696393784042e-03
2.296221897315316e-03
2.295748224534644e-03
2.295275373933275e-03
2.294803344002462e-03
2.294332133233455e-03
2.293861740117506e-03
2.293392163145867e-03
2.292923400809787e-03
2.292455451600519e-03
2.291988314009315e-03
2.291521986527425e-03
2.291056467646100e-03
2.290591755856592e-03
2.290127849650153e-03
2.289664747518032e-03
2.289202447951483e-03
2.288740949441756e-03
2.288280250480102e-03
2.287820349557772e-03
2.287361245166019e-03
2.286902935796093e-03
2.286445419939245e-03
2.285988696086727e-03
2.285532762729791e-03
2.285077618359687e-03
2.284623261467666e-03
2.284169690544981e-03
2.283716904082881e-03
2.283264900572620e-03
2.282813678505447e-03
2.282363236372615e-03
2.281913572665373e-03
2.281464685874975e-03
2.281016574492671e-03
2.280569237009712e-03
2.280122671917350e-03
2.279676877706835e-03
2.279231852869420e-03
2.278787595896356e-03
2.278344105278893e-03
2.277901379508283e-03
2.277459417075778e-03
2.277018216472628e-03
2.276577776190085e-03
2.276138094719401e-03
2.275699170551827e-03
2.275261002178613e-03
2.274823588091011e-03
2.274386926780273e-03
2.273951016737649e-03
2.273515856454392e-03
2.273081444421752e-03
2.272647779130980e-03
2.272214859073328e-03
2.271782682740048e-03
2.271351248622390e-03
2.270920555211606e-03
2.270490600998948e-03
2.270061384475665e-03
2.269632904133010e-03
2.269205158462234e-03
2.268778145954589e-03
2.268351865101324e-03
2.267926314393693e-03
2.267501492322946e-03
2.267077397380335e-03
2.266654028057110e-03
2.266231382844523e-03
2.265809460233826e-03
2.265388258716269e-03
2.264967776783104e-03
2.264548012925582e-03
2.264128965634955e-03
2.263710633402473e-03
2.263293014719389e-03
2.262876108076953e-03
2.262459911966417e-03
2.262044424879031e-03
2.261629645306048e-03
2.261215571738718e-03
2.260802202668293e-03
2.260389536586025e-03
2.259977571983164e-03
2.259566307350961e-03
2.259155741180669e-03
2.258745871963538e-03
2.258336698190820e-03
2.257928218353765e-03
2.257520430943626e-03
2.257113334451652e-03
2.256706927369098e-03
2.256301208187211e-03
2.255896175397246e-03
2.255491827490452e-03
2.255088162958080e-03
2.254685180291384e-03
2.254282877981612e-03
2.253881254520018e-03
2.253480308397852e-03
2.253080038106365e-03
2.252680442136808e-03
2.252281518980434e-03
2.251883267128493e-03
2.251485685072237e-03
2.251088771302917e-03
2.250692524311784e-03
2.250296942590089e-03
2.249902024629084e-03
2.249507768920020e-03
2.249114173954148e-03
2.248721238222721e-03
2.248328960216987e-03
2.247937338428201e-03
2.247546371347612e-03
2.247156057466471e-03
2.246766395276031e-03
2.246377383267542e-03
2.245989019932255e-03
2.245601303761423e-03
2.245214233246297e-03
2.244827806878126e-03
2.244442023148164e-03
2.244056880547661e-03
2.243672377567868e-03
2.243288512700036e-03
2.242905284435419e-03
2.242522691265265e-03
2.242140731680827e-03
2.241759404173356e-03
2.241378707234103e-03
2.240998639354320e-03
2.240619199025257e-03
2.240240384738167e-03
2.239862194984300e-03
2.239484628254907e-03
2.239107683041241e-03
2.238731357834552e-03
2.238355651126091e-03
2.237980561407111e-03
2.237606087168861e-03
2.237232226902594e-03
2.236858979099561e-03
2.236486342251012e-03
2.236114314848200e-03
2.235742895382376e-03
2.235372082344791e-03
2.235001874226695e-03
2.234632269519342e-03
2.234263266713981e-03
2.233894864301864e-03
2.233527060774243e-03
2.233159854622368e-03
2.232793244337491e-03
2.232427228410864e-03
2.232061805333737e-03
2.231696973597362e-03
2.231332731692990e-03
2.230969078111872e-03
2.230606011345260e-03
2.230243529884405e-03
2.229881632220559e-03
2.229520316844972e-03
2.229159582248896e-03
2.228799426923582e-03
2.228439849360282e-03
2.228080848050247e-03
2.227722421484727e-03
2.227364568154975e-03
2.227007286552242e-03
2.226650575167779e-03
2.226294432492836e-03
2.225938857018667e-03
2.225583847236521e-03
2.225229401637651e-03
2.224875518713307e-03
2.224522196954740e-03
2.224169434853202e-03
2.223817230899945e-03
2.223465583586220e-03
2.223114491403277e-03
2.222763952842368e-03
2.222413966394745e-03
2.222064530551659e-03
2.221715643804361e-03
2.221367304644103e-03
2.221019511562134e-03
2.220672263049708e-03
2.220325557598075e-03
2.219979393698487e-03
2.219633769842194e-03
2.219288684520448e-03
2.218944136224501e-03
2.218600123445604e-03
2.218256644675007e-03
2.217913698403964e-03
2.217571283123723e-03
2.217229397325537e-03
2.216888039500658e-03
2.216547208140336e-03
2.216206901735823e-03
2.215867118778370e-03
2.215527857759228e-03
2.215189117169649e-03
2.214850895500883e-03
2.214513191244184e-03
2.214176002890800e-03
2.213839328931985e-03
2.213503167858988e-03
2.213167518163062e-03
2.212832378335458e-03
2.212497746867426e-03
2.212163622250219e-03
2.211830002975087e-03
2.211496887533282e-03
2.211164274416056e-03
2.210832162114659e-03
2.210500549120342e-03
2.210169433924358e-03
2.209838815017957e-03
2.209508690892391e-03
2.209179060038910e-03
2.208849920948767e-03
2.208521272113212e-03
2.208193112023497e-03
2.207865439170874e-03
2.207538252046592e-03
2.207211549141904e-03
2.206885328948062e-03
2.206559589956315e-03
2.206234330657916e-03
2.205909549544116e-03
2.205585245106166e-03
2.205261415835318e-03
2.204938060222822e-03
2.204615176759930e-03
2.204292763937894e-03
2.203970820247964e-03
2.203649344181392e-03
2.203328334229429e-03
2.203007788883327e-03
2.202687706634337e-03
2.202368085973710e-03
2.202048925392697e-03
2.201730223382549e-03
2.201411978434519e-03
2.201094189039857e-03
2.200776853689814e-03
2.200459970875643e-03
2.200143539088594e-03
2.199827556819918e-03
2.199512022560866e-03
2.199196934802691e-03
2.198882292036643e-03
2.198568092753973e-03
2.198254335445934e-03
2.197941018603776e-03
2.197628140718750e-03
2.197315700282108e-03
2.197003695785101e-03
2.196692125718980e-03
2.196380988574997e-03
2.196070282844403e-03
2.195760007018449e-03
2.195450159588387e-03
2.195140739045468e-03
2.194831743880942e-03
2.194523172586063e-03
2.194215023652080e-03
2.193907295570244e-03
2.193599986831809e-03
2.193293095928023e-03
2.192986621350140e-03
2.192680561589410e-03
2.192374915137084e-03
2.192069680484414e-03
2.191764856122651e-03
2.191460440543047e-03
2.191156432236852e-03
2.190852829695318e-03
2.190549631409696e-03
2.190246835871238e-03
2.189944441571195e-03
2.189642447000818e-03
2.189340850651358e-03
2.189039651014067e-03
2.188738846580196e-03
2.188438435840996e-03
2.188138417287718e-03
2.187838789411615e-03
2.187539550703937e-03
2.187240699655935e-03
2.186942234758861e-03
2.186644154503966e-03
2.186346457382501e-03
2.186049141885718e-03
2.185752206504868e-03
2.185455649731203e-03
2.185159470055972e-03
2.184863665970429e-03
2.184568235965823e-03
2.184273178533407e-03
2.183978492164432e-03
2.183684175350148e-03
2.183390226581808e-03
2.183096644350663e-03
2.182803427147963e-03
2.182510573464961e-03
2.182218081792907e-03
2.181925950623052e-03
2.181634178446649e-03
2.181342763754948e-03
2.181051705039201e-03
2.180761000790659e-03
2.180470649500573e-03
2.180180649660194e-03
2.179890999760774e-03
2.179601698293564e-03
2.179312743749816e-03
2.179024134620780e-03
2.178735869397708e-03
2.178447946571852e-03
2.178160364634462e-03
2.177873122076790e-03
2.177586217390087e-03
2.177299649065604e-03
2.177013415594593e-03
2.176727515468305e-03
2.176441947177992e-03
2.176156709214905e-03
2.175871800070293e-03
2.175587218235411e-03
2.175302962201507e-03
2.175019030459835e-03
2.174735421501644e-03
2.174452133818188e-03
2.174169165900715e-03
2.173886516240479e-03
2.173604183328730e-03
2.173322165656719e-03
2.173040461715698e-03
2.172759069996919e-03
2.172477988991632e-03
2.172197217191088e-03
2.171916753086540e-03
2.171636595169237e-03
2.171356741930433e-03
2.171077191861377e-03
2.170797943453322e-03
2.170518995197517e-03
2.170240345585216e-03
2.169961993107669e-03
2.169683936256127e-03
2.169406173521842e-03
2.169128703396065e-03
2.168851524370047e-03
2.168574634935039e-03
2.168298033582294e-03
2.168021718803061e-03
2.167745689088593e-03
2.167469942930141e-03
2.167194478818956e-03
2.166919295246289e-03
2.166644390703391e-03
2.166369763681514e-03
2.166095412671910e-03
2.165821336165829e-03
2.165547532654522e-03
2.165274000629242e-03
2.165000738581239e-03
2.164727745001765e-03
2.164455018382071e-03
2.164182557213408e-03
2.163910359987028e-03
2.163638425194181e-03
2.163366751326119e-03
2.163095336874094e-03
2.162824180329357e-03
2.162553280183158e-03
2.162282634926750e-03
2.162012243051383e-03
2.161742103048309e-03
2.161472213408780e-03
2.161202572624045e-03
2.160933179185358e-03
2.160664031583969e-03
2.160395128311129e-03
2.160126467858090e-03
2.159858048716102e-03
2.159589869376418e-03
2.159321928330288e-03
2.159054224068964e-03
2.158786755083697e-03
2.158519519865738e-03
2.158252516906340e-03
2.157985744696752e-03
2.157719201728226e-03
2.157452886492014e-03
2.157186797479367e-03
2.156920933181536e-03
2.156655292089772e-03
2.156389872695328e-03
2.156124673489453e-03
2.155859692965661e-03
2.155594930097010e-03
2.155330384926480e-03
2.155066057641822e-03
2.154801948430784e-03
2.154538057481115e-03
2.154274384980567e-03
2.154010931116887e-03
2.153747696077826e-03
2.153484680051132e-03
2.153221883224555e-03
2.152959305785846e-03
2.152696947922752e-03
2.152434809823023e-03
2.152172891674410e-03
2.151911193664661e-03
2.151649715981525e-03
2.151388458812753e-03
2.151127422346094e-03
2.150866606769296e-03
2.150606012270110e-03
2.150345639036285e-03
2.150085487255571e-03
2.149825557115716e-03
2.149565848804471e-03
2.149306362509584e-03
2.149047098418806e-03
2.148788056719884e-03
2.148529237600570e-03
2.148270641248613e-03
2.148012267851762e-03
2.147754117597765e-03
2.147496190674374e-03
2.147238487269337e-03
2.146981007570403e-03
2.146723751765322e-03
2.146466720041844e-03
2.146209912587718e-03
2.145953329590693e-03
2.145696971238519e-03
2.145440837718946e-03
2.145184929219722e-03
2.144929245928597e-03
2.144673788033320e-03
2.144418555721642e-03
2.144163549181311e-03
2.143908768600077e-03
2.143654214165690e-03
2.143399886065898e-03
2.143145784488451e-03
2.142891909621099e-03
2.142638261651591e-03
2.142384840767676e-03
2.142131647157104e-03
2.141878681007625e-03
2.141625942506987e-03
2.141373431842941e-03
2.141121149203235e-03
2.140869094775620e-03
2.140617268747844e-03
2.140365671307657e-03
2.140114302642808e-03
2.139863162941047e-03
2.139612252390124e-03
2.139361571177787e-03
2.139111119491787e-03
2.138860897519872e-03
2.138610905449792e-03
2.138361143469296e-03
2.138111611766135e-03
2.137862310528056e-03
2.137613239942811e-03
2.137364400198148e-03
2.137115791481816e-03
2.136867413981565e-03
2.136619267885145e-03
2.136371353380305e-03
2.136123670654794e-03
2.135876219896362e-03
2.135629001292759e-03
2.135382015031733e-03
2.135135261301034e-03
2.134888740288412e-03
2.134642452181616e-03
2.134396397168395e-03
2.134150575436499e-03
2.133904987173678e-03
2.133659632567680e-03
2.133414511806256e-03
2.133169625077153e-03
2.132924972568123e-03
2.132680554466915e-03
2.132436370961277e-03
2.132192422238960e-03
2.131948708487713e-03
2.131705229895285e-03
2.131461986649425e-03
2.131218978937884e-03
2.130976206948410e-03
2.130733670868753e-03
2.130491370886663e-03
2.130249307189888e-03
2.130007479966179e-03
2.129765889403285e-03
2.129524535688954e-03
2.129283419010938e-03
2.129042539556984e-03
2.128801897514843e-03
2.128561493072264e-03
2.128321326416996e-03
2.128081397736789e-03
2.127841707219392e-03
2.127602255052554e-03
2.127363041424026e-03
2.127124066521557e-03
2.126885330532895e-03
2.126646833645791e-03
2.126408576047993e-03
2.126170557927252e-03
2.125932779471317e-03
2.125695240867936e-03
2.125457942304860e-03
2.125220883969838e-03
2.124984066050620e-03
2.124747488734955e-03
2.124511152210592e-03
2.124275056665281e-03
2.124039202286771e-03
2.123803589262811e-03
2.123568217781151e-03
2.123333088029541e-03
2.123098200195731e-03
2.122863554467468e-03
2.122629151032503e-03
2.122394990078586e-03
2.122161071793465e-03
2.121927396364890e-03
2.121693963980611e-03
2.121460774828377e-03
2.121227829095937e-03
2.120995126971041e-03
2.120762668641438e-03
2.120530454294878e-03
2.120298484119111e-03
2.120066758301885e-03
2.119835277030950e-03
2.119604040494055e-03
2.119373048878951e-03
2.119142302373386e-03
2.118911801165109e-03
2.118681545441871e-03
2.118451535391420e-03
2.118221771201507e-03
2.117992253059880e-03
2.117762981154289e-03
2.117533955672483e-03
2.117305176802213e-03
2.117076644731226e-03
2.116848359647274e-03
2.116620321738104e-03
2.116392531191467e-03
2.116164988195112e-03
2.115937692936789e-03
2.115710645604246e-03
2.115483846385234e-03
2.115257295467501e-03
2.115030993038798e-03
2.114804939286873e-03
2.114579134399477e-03
2.114353578564358e-03
2.114128271969266e-03
2.113903214801950e-03
2.113678407250160e-03
2.113453849501646e-03
2.113229541744156e-03
2.113005484165440e-03
2.112781676953248e-03
2.112558120295328e-03
2.112334814379432e-03
2.112111759393306e-03
2.111888955524703e-03
2.111666402961370e-03
2.111444101891057e-03
2.111222052501514e-03
2.111000254980490e-03
2.110778709515735e-03
2.110557416294997e-03
2.110336375506027e-03
2.110115587336574e-03
2.109895051974387e-03
2.109674769607215e-03
2.109454740422809e-03
2.109234964608917e-03
2.109015442353289e-03
2.108796173843674e-03
2.108577159267823e-03
2.108358398813484e-03
2.108139892668406e-03
2.107921641020340e-03
2.107703644057034e-03
2.107485901966238e-03
2.107268414935702e-03
2.107051183153174e-03
2.106834206806405e-03
2.106617486083144e-03
2.106401021171140e-03
2.106184812258142e-03
2.105968859531901e-03
2.105753163180165e-03
2.105537723390684e-03
2.105322540351208e-03
2.105107614249486e-03
2.104892945273266e-03
2.104678533610299e-03
2.104464379448335e-03
2.104250482975122e-03
2.104036844378410e-03
2.103823463845949e-03
2.103610341565487e-03
2.103397477724775e-03
2.103184872511561e-03
2.102972526113596e-03
2.102760438718628e-03
2.102548610514408e-03
2.102337041688683e-03
2.102125732429205e-03
2.101914682923723e-03
2.101703893359984e-03
2.101493363925741e-03
2.101283094808741e-03
2.101073086196734e-03
2.100863338277469e-03
2.100653851238697e-03
2.100444625268166e-03
2.100235660553626e-03
2.100026957282826e-03
2.099818515643516e-03
2.099610335823445e-03
2.099402418010363e-03
2.099194762392018e-03
2.098987369156161e-03
2.098780238490542e-03
2.098573370582908e-03
2.098366765621011e-03
2.098160423792598e-03
2.097954345285420e-03
2.097748530287226e-03
2.097542978985766e-03
2.097337691568789e-03
2.097132668224044e-03
2.096927909139281e-03
2.096723414502249e-03
2.096519184500698e-03
2.096315219322377e-03
2.096111519155036e-03
2.095908084186424e-03
2.095704914604290e-03
2.095502010596384e-03
2.095299372350455e-03
2.095097000054254e-03
2.094894893895528e-03
2.094693054062028e-03
2.094491480741503e-03
2.094290174121703e-03
2.094089134390376e-03
2.093888361735273e-03
2.093687856344143e-03
2.093487618404735e-03
2.093287648104799e-03
2.093087945632083e-03
2.092888511174339e-03
2.092689344919314e-03
2.092490447054759e-03
2.092291817768423e-03
2.092093457248055e-03
2.091895365681405e-03
2.091697543256222e-03
2.091499990160255e-03
2.091302706581255e-03
2.091105692706970e-03
2.090908948725150e-03
2.090712474823544e-03
2.090516271189902e-03
2.090320338011974e-03
2.090124675477508e-03
2.089929283774254e-03
2.089734163089962e-03
2.089539313612380e-03
2.089344735529259e-03
2.089150429028349e-03
2.088956394297397e-03
2.088762631524154e-03
2.088569140896369e-03
2.088375922601791e-03
2.088182976828171e-03
2.087990303763258e-03
2.087797903594800e-03
2.087605776510547e-03
2.087413922698249e-03
2.087222342345656e-03
2.087031035640516e-03
2.086840002770579e-03
2.086649243923595e-03
2.086458759287313e-03
2.086268549049481e-03
2.086078613397851e-03
2.085888952520171e-03
2.085699566604191e-03
2.085510455837660e-03
2.085321620408328e-03
2.085133060503943e-03
2.084944776312256e-03
2.084756768021016e-03
2.084569035817972e-03
2.084381579890874e-03
2.084194400427471e-03
2.084007497615513e-03
2.083820871642749e-03
2.083634522696928e-03
2.083448450965801e-03
2.083262656637115e-03
2.083077139898621e-03
2.082891900938069e-03
2.082706939943208e-03
2.082522257101786e-03
2.082337852601554e-03
2.082153726630261e-03
2.081969879375656e-03
2.081786311025490e-03
2.081603021767510e-03
2.081420011789467e-03
2.081237281279111e-03
2.081054830424190e-03
2.080872659412454e-03
2.080690768431653e-03
2.080509157669535e-03
2.080327827313851e-03
2.080146777552350e-03
2.079966008572780e-03
2.079785520562893e-03
2.079605313710437e-03
2.079425388203161e-03
2.079245744228815e-03
2.079066381975148e-03
2.078887301629911e-03
2.078708503380852e-03
2.078529987415720e-03
2.078351753922265e-03
2.078173803088237e-03
2.077996135101385e-03
2.077818750149459e-03
2.077641648420207e-03
2.077464830101380e-03
2.077288295380726e-03
2.077112044445996e-03
2.076936077484938e-03
2.076760394685303e-03
2.076584996234839e-03
2.076409882321295e-03
2.076235053132423e-03
2.076060508855970e-03
2.075886249679686e-03
2.075712275791321e-03
2.075538587378624e-03
2.075365184629345e-03
2.075192067731233e-03
2.075019236872036e-03
2.074846692239507e-03
2.074674434021392e-03
2.074502462405442e-03
2.074330777579406e-03
2.074159379731034e-03
2.073988269048074e-03
2.073817445718278e-03
2.073646909929393e-03
2.073476661869170e-03
2.073306701725357e-03
2.073137029685704e-03
2.072967645937962e-03
2.072798550669878e-03
2.072629744069203e-03
2.072461226323686e-03
2.072292997621076e-03
2.072125058149124e-03
2.071957408095577e-03
2.071790047648186e-03
2.071622976994700e-03
2.071456196322869e-03
2.071289705820442e-03
2.071123505675169e-03
2.070957596074798e-03
2.070791977207079e-03
2.070626649259763e-03
2.070461612420597e-03
2.070296866877333e-03
2.070132412817718e-03
2.069968250429503e-03
2.069804379900437e-03
2.069640801418269e-03
2.069477515170749e-03
2.069314521345626e-03
2.069151820130650e-03
2.068989411713570e-03
2.068827296282136e-03
2.068665474024096e-03
2.068503945127202e-03
2.068342709779201e-03
2.068181768167843e-03
2.068021120480878e-03
2.067860766906055e-03
2.067700707631124e-03
2.067540942843834e-03
2.067381472731934e-03
2.067222297483174e-03
2.067063417285304e-03
2.066904832326073e-03
2.066746542793230e-03
2.066588548874524e-03
2.066430850757705e-03
2.066273448630523e-03
2.066116342680727e-03
2.065959533096067e-03
2.065803020064291e-03
2.065646803773150e-03
2.065490884410392e-03
2.065335262163768e-03
2.065179937221026e-03
2.065024909769916e-03
2.064870179998188e-03
2.064715748093590e-03
2.064561614243873e-03
2.064407778636786e-03
2.064254241460077e-03
2.064101002901498e-03
2.063948063148796e-03
2.063795422389723e-03
2.063643080812026e-03
2.063491038603455e-03
2.063339295951760e-03
2.063187853044691e-03
2.063036710069997e-03
2.062885867215426e-03
2.062735324668729e-03
2.062585082617655e-03
2.062435141249953e-03
2.062285500753374e-03
2.062136161315665e-03
2.061987123124578e-03
2.061838386367860e-03
2.061689951233263e-03
2.061541817908534e-03
2.061393986581424e-03
2.061246457439682e-03
2.061099230671057e-03
2.060952306463299e-03
2.060805685004157e-03
2.060659366481381e-03
2.060513351082720e-03
2.060367638995923e-03
2.060222230408741e-03
2.060077125508922e-03
2.059932324484216e-03
2.059787827522372e-03
2.059643634811140e-03
2.059499746538269e-03
2.059356162891508e-03
2.059212884058608e-03
2.059069910227317e-03
2.058927241585385e-03
2.058784878320562e-03
2.058642820620596e-03
2.058501068673238e-03
2.058359622666236e-03
2.058218482787340e-03
2.058077649224300e-03
2.057937122164864e-03
2.057796901796784e-03
2.057656988307806e-03
2.057517381885683e-03
2.057378082718162e-03
2.057239090992993e-03
2.057100406897926e-03
2.056962030620709e-03
2.056823962349093e-03
2.056686202270828e-03
2.056548750573661e-03
2.056411607445343e-03
2.056274773073624e-03
2.056138247646251e-03
2.056002031350977e-03
2.055866124375548e-03
2.055730526907716e-03
2.055595239135229e-03
2.055460261245836e-03
2.055325593427289e-03
2.055191235867334e-03
2.055057188753723e-03
2.054923452274205e-03
2.054790026616528e-03
2.054656911968443e-03
2.054524108517699e-03
2.054391616452045e-03
2.054259435959231e-03
2.054127567227005e-03
2.053996010443119e-03
2.053864765795321e-03
2.053733833471359e-03
2.053603213658986e-03
2.053472906545948e-03
2.053342912319997e-03
2.053213231168880e-03
2.053083863280348e-03
2.052954808842150e-03
2.052826068042036e-03
2.052697641067754e-03
2.052569528107056e-03
2.052441729347689e-03
2.052314244977403e-03
2.052187075183948e-03
2.052060220155073e-03
2.051933680078528e-03
2.051807455142062e-03
2.051681545533424e-03
2.051555951440364e-03
2.051430673050632e-03
2.051305710551976e-03
2.051181064132147e-03
2.051056733978893e-03
2.050932720279964e-03
2.050809023223110e-03
2.050685642996080e-03
2.050562579786622e-03
2.050439833782489e-03
2.050317405171427e-03
2.050195294141187e-03
2.050073500879517e-03
2.049952025574169e-03
2.049830868412891e-03
2.049710029583432e-03
2.049589509273542e-03
2.049469307670970e-03
2.049349424963466e-03
2.049229861338779e-03
2.049110616984659e-03
2.048991692088855e-03
2.048873086839117e-03
2.048754801423193e-03
2.048636836028833e-03
2.048519190843788e-03
2.048401866055806e-03
2.048284861852636e-03
2.048168178422029e-03
2.048051815951733e-03
2.047935774629498e-03
2.047820054643074e-03
2.047704656180209e-03
2.047589579428654e-03
2.047474824576157e-03
2.047360391810468e-03
2.047246281319338e-03
2.047132493290514e-03
2.047019027911746e-03
2.046905885370785e-03
2.046793065855379e-03
2.046680569553278e-03
2.046568396652231e-03
2.046456547339987e-03
2.046345021804297e-03
2.046233820232910e-03
2.046122942813574e-03
2.046012389734040e-03
2.045902161182056e-03
2.045792257345373e-03
2.045682678411739e-03
2.045573424568905e-03
2.045464496004619e-03
2.045355892906631e-03
2.045247615462690e-03
2.045139663860547e-03
2.045032038287950e-03
2.044924738932649e-03
2.044817765982393e-03
2.044711119624931e-03
2.044604800048013e-03
2.044498807439389e-03
2.044393141986808e-03
2.044287803878020e-03
2.044182793300773e-03
2.044078110442818e-03
2.043973755491903e-03
2.043869728635778e-03
2.043766030062193e-03
2.043662659958896e-03
2.043559618513639e-03
2.043456905914169e-03
2.043354522348236e-03
2.043252468003590e-03
2.043150743067980e-03
2.043049347729157e-03
2.042948282174867e-03
2.042847546592863e-03
2.042747141170892e-03
2.042647066096705e-03
2.042547321558051e-03
2.042447907742679e-03
2.042348824838338e-03
2.042250073032778e-03
2.042151652513749e-03
2.042053563469001e-03
2.041955806086281e-03
2.041858380553341e-03
2.041761287057928e-03
2.041664525787793e-03
2.041568096930686e-03
2.041472000674355e-03
2.041376237206550e-03
2.041280806715021e-03
2.041185709387516e-03
2.041090945411786e-03
2.040996514975580e-03
2.040902418266646e-03
2.040808655472736e-03
2.040715226781597e-03
2.040622132380980e-03
2.040529372458634e-03
2.040436947202309e-03
2.040344856799753e-03
2.040253101438716e-03
2.040161681306948e-03
2.040070596592199e-03
2.039979847482217e-03
2.039889434164751e-03
2.039799356827553e-03
2.039709615658370e-03
2.039620210844952e-03
2.039531142575050e-03
2.039442411036411e-03
2.039354016416786e-03
2.039265958903924e-03
2.039178238685575e-03
2.039090855949487e-03
2.039003810883411e-03
2.038917103675096e-03
2.038830734512291e-03
2.038744703582746e-03
2.038659011074210e-03
2.038573657174432e-03
2.038488642071162e-03
2.038403965952150e-03
2.038319629005144e-03
2.038235631417895e-03
2.038151973378152e-03
2.038068655073663e-03
2.037985676692180e-03
2.037903038421450e-03
2.037820740449224e-03
2.037738782963251e-03
2.037657166151280e-03
2.037575890201061e-03
2.037494955300343e-03
2.037414361636876e-03
2.037334109398409e-03
2.037254198772691e-03
2.037174629947472e-03
2.037095403110502e-03
2.037016518449530e-03
2.036937976152304e-03
2.036859776406576e-03
2.036781919400093e-03
2.036704405320607e-03
2.036627234355865e-03
2.036550406693618e-03
2.036473922521615e-03
2.036397782027605e-03
2.036321985399337e-03
2.036246532824562e-03
2.036171424491029e-03
2.036096660586486e-03
2.036022241298684e-03
2.035948166815372e-03
2.035874437324300e-03
2.035801053013216e-03
2.035728014069871e-03
2.035655320682013e-03
2.035582973037392e-03
2.035510971323758e-03
2.035439315728860e-03
2.035368006440447e-03
2.035297043646269e-03
2.035226427534076e-03
2.035156158291616e-03
2.035086236106639e-03
2.035016661166895e-03
2.034947433660133e-03
2.034878553774102e-03
2.034810021696553e-03
2.034741837615234e-03
2.034674001717894e-03
2.034606514192284e-03
2.034539375226152e-03
2.034472585007249e-03
2.034406143723323e-03
2.034340051562124e-03
2.034274308711401e-03
2.034208915358905e-03
2.034143871692384e-03
2.034079177899587e-03
2.034014834168264e-03
2.033950840686165e-03
2.033887197641039e-03
2.033823905220636e-03
2.033760963612704e-03
2.033698373004994e-03
2.033636133585255e-03
2.033574245541235e-03
2.033512709060686e-03
2.033451524331355e-03
2.033390691540993e-03
2.033330210877349e-03
2.033270082528172e-03
2.033210306681212e-03
2.033150883524219e-03
2.033091813244940e-03
2.033033096031128e-03
2.032974732070530e-03
2.032916721550895e-03
2.032859064659975e-03
2.032801761585517e-03
2.032744812515271e-03
2.032688217636987e-03
2.032631977138414e-03
2.032576091207302e-03
2.032520560031400e-03
2.032465383798458e-03
2.032410562696224e-03
2.032356096912449e-03
2.032301986634882e-03
2.032248232051271e-03
2.032194833349368e-03
2.032141790716920e-03
2.032089104341678e-03
2.032036774411391e-03
2.031984801113809e-03
2.031933184636681e-03
2.031881925167755e-03
2.031831022894782e-03
2.031780478005512e-03
2.031730290687693e-03
2.031680461129076e-03
2.031630989517408e-03
2.031581876040440e-03
2.031533120885923e-03
2.031484724241603e-03
2.031436686295232e-03
2.031389007234559e-03
2.031341687247332e-03
2.031294726521302e-03
2.031248125244218e-03
2.031201883603830e-03
2.031156001787886e-03
2.031110479984137e-03
2.031065318380331e-03
2.031020517164219e-03
2.030976076523549e-03
2.030931996646071e-03
2.030888277719534e-03
2.030844919931689e-03
2.030801923470283e-03
2.030759288523067e-03
2.030717015277791e-03
2.030675103922203e-03
2.030633554644054e-03
2.030592367631092e-03
2.030551543071066e-03
2.030511081151727e-03
2.030470982060825e-03
2.030431245986107e-03
2.030391873115323e-03
2.030352863636225e-03
2.030314217736559e-03
2.030275935604077e-03
2.030238017426527e-03
2.030200463391658e-03
2.030163273687222e-03
2.030126448500965e-03
2.030089988020639e-03
2.030053892433993e-03
2.030018161928775e-03
2.029982796692737e-03
2.029947796913626e-03
2.029913162779192e-03
2.029878894477185e-03
2.029844992195355e-03
2.029811456121449e-03
2.029778286443220e-03
2.029745483348415e-03
2.029713047024783e-03
2.029680977660075e-03
2.029649275442040e-03
2.029617940558427e-03
2.029586973196986e-03
2.029556373545466e-03
2.029526141791617e-03
2.029496278123188e-03
2.029466782727928e-03
2.029437655793587e-03
2.029408897507914e-03
2.029380508058659e-03
2.029352487633571e-03
2.029324836420400e-03
2.029297554606895e-03
2.029270642380806e-03
2.029244099929881e-03
2.029217927441871e-03
2.029192125104525e-03
2.029166693105592e-03
2.029141631632821e-03
2.029116940873963e-03
2.029092621016766e-03
2.029068672248981e-03
2.029045094758355e-03
2.029021888732640e-03
2.028999054359584e-03
2.028976591826936e-03
2.028954501322447e-03
2.028932783033866e-03
2.028911437148941e-03
2.028890463855423e-03
2.028869863341061e-03
2.028849635793604e-03
2.028829781400802e-03
2.028810300350405e-03
2.028791192830161e-03
2.028772459027820e-03
2.028754099131131e-03
2.028736113327845e-03
2.028718501805710e-03
2.028701264752476e-03
2.028684402355892e-03
2.028667914803708e-03
2.028651802283672e-03
2.028636064983536e-03
2.028620703091048e-03
2.028605716793957e-03
2.028591106280013e-03
2.028576871736965e-03
2.028563013352563e-03
2.028549531314557e-03
2.028536425810694e-03
2.028523697028726e-03
2.028511345156402e-03
2.028499370381471e-03
2.028487772891681e-03
2.028476552874784e-03
2.028465710518528e-03
2.028455246010663e-03
2.028445159538938e-03
2.028435451291102e-03
2.028426121454905e-03
2.028417170218097e-03
2.028408597768427e-03
2.028400404293644e-03
2.028392589981498e-03
2.028385155019738e-03
2.028378099596113e-03
2.028371423898374e-03
2.028365128114269e-03
2.028359212431548e-03
2.028353677037961e-03
2.028348522121256e-03
2.028343747869184e-03
2.028339354469493e-03
2.028335342109933e-03
2.028331710978254e-03
2.028328461262205e-03
2.028325593149535e-03
2.028323106827994e-03
2.028321002485332e-03
2.028319280309297e-03
2.028317940487639e-03
2.028316983208108e-03
2.028316408658453e-03
2.028316217026423e-03
2.028316408499769e-03
2.028316983266238e-03
2.028317941513582e-03
2.028319283429549e-03
2.028321009201888e-03
2.028323119018349e-03
2.028325613066682e-03
2.028328491534636e-03
2.028331754609960e-03
2.028335402480405e-03
2.028339435333718e-03
2.028343853357650e-03
2.028348656739951e-03
2.028353845668368e-03
2.028359420330653e-03
2.028365380914555e-03
2.028371727607822e-03
2.028378460598204e-03
2.028385580073452e-03
2.028393086221313e-03
2.028400979229538e-03
2.028409259285876e-03
2.028417926578077e-03
2.028426981293890e-03
2.028436423621064e-03
2.028446253747349e-03
2.028456471860494e-03
2.028467078148249e-03
2.028478072798363e-03
2.028489455998585e-03
2.028501227936665e-03
2.028513388800353e-03
2.028525938777398e-03
2.028538878055549e-03
2.028552206822556e-03
2.028565925266168e-03
2.028580033574135e-03
2.028594531934205e-03
2.028609420534129e-03
2.028624699561656e-03
2.028640369204536e-03
2.028656429650517e-03
2.028672881087349e-03
2.028689723702782e-03
2.028706957684566e-03
2.028724583220448e-03
2.028742600498180e-03
2.028761009705510e-03
2.028779811030188e-03
2.028799004659963e-03
2.028818590782585e-03
2.028838569585803e-03
2.028858941257367e-03
2.028879705985026e-03
2.028900863956529e-03
2.028922415359626e-03
2.028944360382066e-03
2.028966699211599e-03
2.028989432035975e-03
2.029012559042942e-03
2.029036080420250e-03
2.029059996355648e-03
2.029084307036887e-03
2.029109012651715e-03
2.029134113387882e-03
2.029159609433137e-03
2.029185500975229e-03
2.029211788201910e-03
2.029238471300926e-03
2.029265550460028e-03
2.029293025866966e-03
2.029320897709489e-03
2.029349166175346e-03
2.029377831452287e-03
2.029406893728060e-03
2.029436353190417e-03
2.029466210027106e-03
2.029496464425876e-03
2.029527116574477e-03
2.029558166660659e-03
2.029589614872170e-03
2.029621461396760e-03
2.029653706422180e-03
2.029686350136177e-03
2.029719392726502e-03
2.029752834380903e-03
2.029786675287131e-03
2.029820915632936e-03
2.029855555606065e-03
2.029890595394269e-03
2.029926035185297e-03
2.029961875166899e-03
2.029998115526824e-03
2.030034756452821e-03
2.030071798132641e-03
2.030109240754031e-03
2.030147084504743e-03
2.030185329572524e-03
2.030223976145126e-03
2.030263024410296e-03
2.030302474555785e-03
2.030342326769342e-03
2.030382581238716e-03
2.030423238151657e-03
2.030464297695914e-03
2.030505760059237e-03
2.030547625429375e-03
2.030589893994078e-03
2.030632565941095e-03
2.030675641458175e-03
2.030719120733068e-03
2.030763003953523e-03
2.030807291307291e-03
2.030851982982119e-03
2.030897079165758e-03
2.030942580045957e-03
2.030988485810466e-03
2.031034796647033e-03
2.031081512743409e-03
2.031128634287343e-03
2.031176161466584e-03
2.031224094468881e-03
2.031272433481985e-03
2.031321178693644e-03
2.031370330291609e-03
2.031419888463627e-03
2.031469853397450e-03
2.031520225280825e-03
2.031571004301504e-03
2.031622190647235e-03
2.031673784505767e-03
2.031725786064851e-03
2.031778195512235e-03
2.031831013035668e-03
2.031884238822901e-03
2.031937873061683e-03
2.031991915939764e-03
2.032046367644892e-03
2.032101228364816e-03
2.032156498287288e-03
2.032212177600055e-03
2.032268266490868e-03
2.032324765147476e-03
2.032381673757628e-03
2.032438992509073e-03
2.032496721589562e-03
2.032554861186844e-03
2.032613411488667e-03
2.032672372682782e-03
2.032731744956938e-03
2.032791528498884e-03
2.032851723496370e-03
2.032912330137145e-03
2.032973348608959e-03
2.033034779099560e-03
2.033096621796699e-03
2.033158876888126e-03
2.033221544561589e-03
2.033284625004837e-03
2.033348118405621e-03
2.033412024951689e-03
2.033476344830792e-03
2.033541078230678e-03
2.033606225339097e-03
2.033671786343798e-03
2.033737761432532e-03
2.033804150793047e-03
2.033870954613092e-03
2.033938173080418e-03
2.034005806382773e-03
2.034073854707907e-03
2.034142318243570e-03
2.034211197177511e-03
2.034280491697479e-03
2.034350201991224e-03
2.034420328246495e-03
2.034490870651042e-03
2.034561829392613e-03
2.034633204658960e-03
2.034704996637830e-03
2.034777205516974e-03
2.034849831484141e-03
2.034922874727080e-03
2.034996335433540e-03
2.035070213791272e-03
2.035144509988024e-03
2.035219224211547e-03
2.035294356649589e-03
2.035369907489900e-03
2.035445876920229e-03
2.035522265128326e-03
2.035599072301940e-03
2.035676298628821e-03
2.035753944296718e-03
2.035832009493380e-03
2.035910494406558e-03
2.035989399223999e-03
2.036068724133455e-03
2.036148469322673e-03
2.036228634979405e-03
2.036309221291399e-03
2.036390228446404e-03
2.036471656632170e-03
2.036553506036447e-03
2.036635776846984e-03
2.036718469251529e-03
2.036801583437834e-03
2.036885119593647e-03
2.036969077906718e-03
2.037053458564795e-03
2.037138261755629e-03
2.037223487666969e-03
2.037309136486564e-03
2.037395208402164e-03
2.037481703601519e-03
2.037568622272377e-03
2.037655964602488e-03
2.037743730779602e-03
2.037831920991468e-03
2.037920535425835e-03
2.038009574270453e-03
2.038099037713071e-03
2.038188925941439e-03
2.038279239143306e-03
2.038369977506422e-03
2.038461141218536e-03
2.038552730467397e-03
2.038644745440756e-03
2.038737186326360e-03
2.038830053311960e-03
2.038923346585306e-03
2.039017066334146e-03
2.039111212746231e-03
2.039205786009309e-03
2.039300786311129e-03
2.039396213839443e-03
2.039492068781998e-03
2.039588351326544e-03
2.039685061660831e-03
2.039782199972608e-03
2.039879766449625e-03
2.039977761279631e-03
2.040076184650375e-03
2.040175036749607e-03
2.040274317765077e-03
2.040374027884533e-03
2.040474167295725e-03
2.040574736186403e-03
2.040675734744317e-03
2.040777163157214e-03
2.040879021612846e-03
2.040981310298961e-03
2.041084029403309e-03
2.041187179113639e-03
2.041290759617700e-03
2.041394771103243e-03
2.041499213758017e-03
2.041604087769770e-03
2.041709393326253e-03
2.041815130615215e-03
2.041921299824404e-03
2.042027901141572e-03
2.042134934754467e-03
2.042242400850839e-03
2.042350299618436e-03
2.042458631245009e-03
2.042567395918307e-03
2.042676593826080e-03
2.042786225156076e-03
2.042896290096045e-03
2.043006788833737e-03
2.043117721556901e-03
2.043229088453287e-03
2.043340889710644e-03
2.043453125516720e-03
2.043565796059268e-03
2.043678901526034e-03
2.043792442104769e-03
2.043906417983222e-03
2.044020829349142e-03
2.044135676390280e-03
2.044250959294384e-03
2.044366678249204e-03
2.044482833442490e-03
2.044599425061990e-03
2.044716453295454e-03
2.044833918330632e-03
2.044951820355273e-03
2.045070159557127e-03
2.045188936123942e-03
2.045308150243469e-03
2.045427802103457e-03
2.045547891891655e-03
2.045668419795813e-03
2.045789386003680e-03
2.045910790703005e-03
2.046032634081538e-03
2.046154916327029e-03
2.046277637627227e-03
2.046400798169881e-03
2.046524398142741e-03
2.046648437733556e-03
2.046772917130076e-03
2.046897836520049e-03
2.047023196091226e-03
2.047148996031356e-03
2.047275236528189e-03
2.047401917769473e-03
2.047529039942959e-03
2.047656603236395e-03
2.047784607837531e-03
2.047913053934117e-03
2.048041941713902e-03
2.048171271364635e-03
2.048301043074066e-03
2.048431257029945e-03
2.048561913420020e-03
2.048693012432041e-03
2.048824554253758e-03
2.048956539072920e-03
2.049088967077276e-03
2.049221838454577e-03
2.049355153392570e-03
2.049488912079006e-03
2.049623114701635e-03
2.049757761448205e-03
2.049892852506467e-03
2.050028388064169e-03
2.050164368309060e-03
2.050300793428892e-03
2.050437663611412e-03
2.050574979044370e-03
2.050712739915516e-03
2.050850946412600e-03
2.050989598723369e-03
2.051128697035575e-03
2.051268241536966e-03
2.051408232415293e-03
2.051548669858303e-03
2.051689554053747e-03
2.051830885189375e-03
2.051972663452935e-03
2.052114889032177e-03
2.052257562114850e-03
2.052400682888705e-03
2.052544251541490e-03
2.052688268260955e-03
2.052832733234849e-03
2.052977646650921e-03
2.053123008696922e-03
2.053268819560600e-03
2.053415079429706e-03
2.053561788491988e-03
2.053708946935195e-03
2.053856554947078e-03
2.054004612715386e-03
2.054153120427868e-03
2.054302078272273e-03
2.054451486436352e-03
2.054601345107853e-03
2.054751654474525e-03
2.054902414724120e-03
2.055053626044385e-03
2.055205288623070e-03
2.055357402647925e-03
2.055509968306699e-03
2.055662985787142e-03
2.055816455277002e-03
2.055970376964030e-03
2.056124751035975e-03
2.056279577680586e-03
2.056434857085613e-03
2.056590589438805e-03
2.056746774927911e-03
2.056903413740682e-03
2.057060506064866e-03
2.057218052088213e-03
2.057376051998472e-03
2.057534505983393e-03
2.057693414230725e-03
2.057852776928218e-03
2.058012594263621e-03
2.058172866424683e-03
2.058333593599155e-03
2.058494775974784e-03
2.058656413739322e-03
2.058818507080516e-03
2.058981056186118e-03
2.059144061243876e-03
2.059307522441539e-03
2.059471439966857e-03
2.059635814007580e-03
2.059800644751456e-03
2.059965932386236e-03
2.060131677099669e-03
2.060297879079504e-03
2.060464538513490e-03
2.060631655589377e-03
2.060799230494916e-03
2.060967263417853e-03
2.061135754545940e-03
2.061304704066927e-03
2.061474112168561e-03
2.061643979038593e-03
2.061814304864772e-03
2.061985089834848e-03
2.062156334136569e-03
2.062328037957686e-03
2.062500201485948e-03
2.062672824909104e-03
2.062845908414904e-03
2.063019452191097e-03
2.063193456425432e-03
2.063367921305660e-03
2.063542847019529e-03
2.063718233754789e-03
2.063894081699189e-03
2.064070391040479e-03
)
;

boundaryField
{
    inlet
    {
        type            fixedValue;
        value           uniform 0;
    }
    outlet
    {
        type            zeroGradient;
    }
    wall
    {
        type            empty;
    }
}


// ************************************************************************* //
