/*--------------------------------*- C++ -*----------------------------------*\
  =========                 |
  \\      /  F ield         | OpenFOAM: The Open Source CFD Toolbox
   \\    /   O peration     | Website:  https://openfoam.org
    \\  /    A nd           | Version:  7
     \\/     M anipulation  |
\*---------------------------------------------------------------------------*/
FoamFile
{
    version     2.0;
    format      ascii;
    class       volScalarField;
    location    "1";
    object       CH2(S);
}
// * * * * * * * * * * * * * * * * * * * * * * * * * * * * * * * * * * * * * //

dimensions      [0 0 0 0 0 0 0];

internalField   nonuniform List<scalar>
4335
(
1.930605989856546e-14
1.921925845067268e-14
1.913269862340828e-14
1.904638009568311e-14
1.896030254640805e-14
1.887446565449397e-14
1.878886909885172e-14
1.870351255839218e-14
1.861839571202620e-14
1.853351823866467e-14
1.844887981721844e-14
1.836448012659838e-14
1.828031884571535e-14
1.819639565348023e-14
1.811271022880388e-14
1.802926225059716e-14
1.794605139777094e-14
1.786307734923608e-14
1.778033978390346e-14
1.769783838068394e-14
1.761557281848839e-14
1.753354277622767e-14
1.745174793281264e-14
1.737018796715418e-14
1.728886255816314e-14
1.720777138475041e-14
1.712691412582683e-14
1.704629046030329e-14
1.696590006709064e-14
1.688574262509975e-14
1.680581781324149e-14
1.672612531042672e-14
1.664666479556631e-14
1.656743594757113e-14
1.648843844535204e-14
1.640967196781990e-14
1.633113619388559e-14
1.625283080245998e-14
1.617475547245391e-14
1.609690988277827e-14
1.601929371234392e-14
1.594190664006173e-14
1.586474834484255e-14
1.578781850559727e-14
1.571111680123674e-14
1.563464291067182e-14
1.555839651281340e-14
1.548237728657232e-14
1.540658491085947e-14
1.533101906458570e-14
1.525567942666187e-14
1.518056567599887e-14
1.510567749150755e-14
1.503101455209878e-14
1.495657653668343e-14
1.488236312417235e-14
1.480837399347643e-14
1.473460882350652e-14
1.466106729317349e-14
1.458774908138820e-14
1.451465386706153e-14
1.444178132910433e-14
1.436913114642749e-14
1.429670299794185e-14
1.422449656255829e-14
1.415251151918767e-14
1.408074754674086e-14
1.400920432412873e-14
1.393788153026214e-14
1.386677884405196e-14
1.379589594440906e-14
1.372523251024429e-14
1.365478822046853e-14
1.358456275399265e-14
1.351455578972750e-14
1.344476700658396e-14
1.337519608347289e-14
1.330584269930516e-14
1.323670653299163e-14
1.316778726344317e-14
1.309908456957065e-14
1.303059813028493e-14
1.296232762449688e-14
1.289427273111737e-14
1.282643312905725e-14
1.275880849722741e-14
1.269139851453869e-14
1.262420285990198e-14
1.255722121222813e-14
1.249045325042801e-14
1.242389865341249e-14
1.235755710009244e-14
1.229142826937871e-14
1.222551184018219e-14
1.215980749141372e-14
1.209431490198419e-14
1.202903375080444e-14
1.196396371678537e-14
1.189910447883781e-14
1.183445571587266e-14
1.177001710680076e-14
1.170578833053299e-14
1.164176906598021e-14
1.157795899205329e-14
1.151435778766309e-14
1.145096513172048e-14
1.138778070313634e-14
1.132480418082151e-14
1.126203524368687e-14
1.119947357064329e-14
1.113711884060163e-14
1.107497073247276e-14
1.101302892516755e-14
1.095129309759685e-14
1.088976292867154e-14
1.082843809730248e-14
1.076731828240054e-14
1.070640316287659e-14
1.064569241764149e-14
1.058518572560610e-14
1.052488276568130e-14
1.046478321677795e-14
1.040488675780692e-14
1.034519306767906e-14
1.028570182530526e-14
1.022641270959637e-14
1.016732539946325e-14
1.010843957381679e-14
1.004975491156784e-14
9.991271091627270e-15
9.932987792905943e-15
9.874904694314729e-15
9.817021474764494e-15
9.759337813166101e-15
9.701853388430418e-15
9.644567879468313e-15
9.587480965190647e-15
9.530592324508295e-15
9.473901636332113e-15
9.417408579572973e-15
9.361112833141742e-15
9.305014075949281e-15
9.249111986906462e-15
9.193406244924151e-15
9.137896528913208e-15
9.082582517784504e-15
9.027463890448905e-15
8.972540325817277e-15
8.917811502800486e-15
8.863277100309396e-15
8.808936797254876e-15
8.754790272547792e-15
8.700837205099007e-15
8.647077273819391e-15
8.593510157619810e-15
8.540135535411127e-15
8.486953086104210e-15
8.433962488609928e-15
8.381163421839141e-15
8.328555564702721e-15
8.276138596111531e-15
8.223912194976437e-15
8.171876040208308e-15
8.120029810718009e-15
8.068373185416403e-15
8.016905843214358e-15
7.965627463022746e-15
7.914537723752427e-15
7.863636304314262e-15
7.812922883619131e-15
7.762397140577889e-15
7.712058754101404e-15
7.661907403100546e-15
7.611942766486181e-15
7.562164523169173e-15
7.512572352060386e-15
7.463165932070691e-15
7.413944942110951e-15
7.364909061092032e-15
7.316057967924804e-15
7.267391341520130e-15
7.218908860788874e-15
7.170610204641908e-15
7.122495051990093e-15
7.074563081744297e-15
7.026813972815388e-15
6.979247404114229e-15
6.931863054551690e-15
6.884660603038632e-15
6.837639728485926e-15
6.790800109804436e-15
6.744141425905028e-15
6.697663355698570e-15
6.651365578095927e-15
6.605247772007964e-15
6.559309616345549e-15
6.513550790019545e-15
6.467970971940821e-15
6.422569841020245e-15
6.377347076168681e-15
6.332302356296993e-15
6.287435360316051e-15
6.242745767136720e-15
6.198233255669861e-15
6.153897504826350e-15
6.109738193517047e-15
6.065755000652819e-15
6.021947605144532e-15
5.978315685903051e-15
5.934858921839246e-15
5.891576991863980e-15
5.848469574888119e-15
5.805536349822535e-15
5.762776995578083e-15
5.720191191065641e-15
5.677778615196067e-15
5.635538946880230e-15
5.593471865028997e-15
5.551577048553233e-15
5.509854176363808e-15
5.468302927371579e-15
5.426922980487422e-15
5.385714014622198e-15
5.344675708686774e-15
5.303807741592017e-15
5.263109792248791e-15
5.222581539567967e-15
5.182222662460405e-15
5.142032839836976e-15
5.102011750608544e-15
5.062159073685975e-15
5.022474487980136e-15
4.982957672401893e-15
4.943608305862113e-15
4.904426067271658e-15
4.865410635541404e-15
4.826561689582206e-15
4.787878908304936e-15
4.749361970620456e-15
4.711010555439637e-15
4.672824341673348e-15
4.634803008232446e-15
4.596946234027804e-15
4.559253697970283e-15
4.521725078970755e-15
4.484360055940081e-15
4.447158307789130e-15
4.410119513428767e-15
4.373243351769863e-15
4.336529501723276e-15
4.299977642199876e-15
4.263587452110533e-15
4.227358610366106e-15
4.191290795877467e-15
4.155383687555482e-15
4.119636964311013e-15
4.084050305054926e-15
4.048623388698092e-15
4.013355894151374e-15
3.978247500325635e-15
3.943297886131752e-15
3.908506730480579e-15
3.873873712282994e-15
3.839398510449848e-15
3.805080803892019e-15
3.770920271520371e-15
3.736916592245770e-15
3.703069444979081e-15
3.669378508631170e-15
3.635843462112902e-15
3.602463984335147e-15
3.569239754208766e-15
3.536170450644629e-15
3.503255752553609e-15
3.470495338846558e-15
3.437888888434350e-15
3.405436080227848e-15
3.373136593137922e-15
3.340990106075434e-15
3.308996297951257e-15
3.277154847676248e-15
3.245465434161279e-15
3.213927736317218e-15
3.182541433054924e-15
3.151306203285271e-15
3.120221725919121e-15
3.089287679867337e-15
3.058503744040798e-15
3.027869597350351e-15
2.997384918706878e-15
2.967049387021238e-15
2.936862681204298e-15
2.906824480166927e-15
2.876934462819988e-15
2.847192308074347e-15
2.817597694840873e-15
2.788150302030429e-15
2.758849808553885e-15
2.729695893322102e-15
2.700688235245951e-15
2.671826513236296e-15
2.643110406204003e-15
2.614539593059940e-15
2.586113752714974e-15
2.557832564079966e-15
2.529695706065786e-15
2.501702857583298e-15
2.473853697543375e-15
2.446147904856869e-15
2.418585158434663e-15
2.391165137187608e-15
2.363887520026584e-15
2.336751985862442e-15
2.309758213606062e-15
2.282905882168309e-15
2.256194670460042e-15
2.229624257392129e-15
2.203194321875437e-15
2.176904542820836e-15
2.150754599139184e-15
2.124744169741355e-15
2.098872933538216e-15
2.073140569440621e-15
2.047546756359446e-15
2.022091173205556e-15
1.996773498889822e-15
1.971593412323103e-15
1.946550592416264e-15
1.921644718080178e-15
1.896875468225709e-15
1.872242521763716e-15
1.847745557605070e-15
1.823384254660647e-15
1.799158291841300e-15
1.775067348057897e-15
1.751111102221310e-15
1.727289233242404e-15
1.703601420032037e-15
1.680047341501085e-15
1.656626676560410e-15
1.633339104120880e-15
1.610184303093358e-15
1.587161952388709e-15
1.564271730917809e-15
1.541513317591508e-15
1.518886391320685e-15
1.496390631016209e-15
1.474025715588936e-15
1.451791323949734e-15
1.429687135009473e-15
1.407712827679017e-15
1.385868080869233e-15
1.364152573490989e-15
1.342565984455145e-15
1.321107992672571e-15
1.299778277054138e-15
1.278576516510704e-15
1.257502389953138e-15
1.236555576292311e-15
1.215735754439084e-15
1.195042603304324e-15
1.174475801798892e-15
1.154035028833664e-15
1.133719963319504e-15
1.113530284167274e-15
1.093465670287840e-15
1.073525800592073e-15
1.053710353990837e-15
1.034019009394995e-15
1.014451445715417e-15
9.950073418629724e-16
9.756863767485170e-16
9.564882292829249e-16
9.374125783770598e-16
9.184591029417922e-16
8.996274818879797e-16
8.809173941264957e-16
8.623285185682074e-16
8.438605341239725e-16
8.255131197046644e-16
8.072859542211439e-16
7.891787165842845e-16
7.711910857049470e-16
7.533227404939986e-16
7.355733598623063e-16
7.179426227207405e-16
7.004302079801558e-16
6.830357945514254e-16
6.657590613454229e-16
6.485996872729997e-16
6.315573512450324e-16
6.146317321723817e-16
5.978225089659180e-16
5.811293605365021e-16
5.645519657950074e-16
5.480900036522948e-16
5.317431530192346e-16
5.155110928066844e-16
4.993935019255241e-16
4.833900592866080e-16
4.675004438008065e-16
4.517243343789836e-16
4.360614099320128e-16
4.205113493707516e-16
4.050738316060705e-16
3.897485355488365e-16
3.745351401099105e-16
3.594333242001658e-16
3.444427667304635e-16
3.295631466116704e-16
3.147941427546571e-16
3.001354340702811e-16
2.855866994694190e-16
2.711476178629286e-16
2.568178681616800e-16
2.425971292765406e-16
2.284850801183709e-16
2.144813995980415e-16
2.005857666264225e-16
1.867978601143748e-16
1.731173589727592e-16
1.595439421124554e-16
1.460772884443118e-16
1.327170768792142e-16
1.194629863280174e-16
1.063146957015883e-16
9.327188391079736e-17
8.033422986650530e-17
6.750141247958246e-17
5.477311066089596e-17
4.214900332130349e-17
2.962876937167848e-17
1.721208772288491e-17
4.898637285793094e-18
-7.311903028734843e-18
-1.941985430983190e-17
-3.142553764663185e-17
-4.332927412826851e-17
-5.513138484387496e-17
-6.683219088258721e-17
-7.843201333353692e-17
-8.993117328585786e-17
-1.013299918286861e-16
-1.126287900511532e-16
-1.238278890423937e-16
-1.349276098915415e-16
-1.459282736877303e-16
-1.568302015200940e-16
-1.676337144777665e-16
-1.783391336498814e-16
-1.889467801255728e-16
-1.994569749939742e-16
-2.098700393442196e-16
-2.201862942654429e-16
-2.304060608467777e-16
-2.405296601773586e-16
-2.505574133463175e-16
-2.604896414427901e-16
-2.703266655559102e-16
-2.800688067748098e-16
-2.897163861886245e-16
-2.992697248864875e-16
-3.087291439575327e-16
-3.180949644908939e-16
-3.273675075757048e-16
-3.365470943010994e-16
-3.456340457562115e-16
-3.546286830301747e-16
-3.635313272121230e-16
-3.723422993911907e-16
-3.810619206565101e-16
-3.896905120972165e-16
-3.982283948024437e-16
-4.066758898613241e-16
-4.150333183629929e-16
-4.233010013965841e-16
-4.314792600512299e-16
-4.395684154160656e-16
-4.475687885802250e-16
-4.554807006328405e-16
-4.633044726630474e-16
-4.710404257599794e-16
-4.786888810127690e-16
-4.862501595105519e-16
-4.937245823424605e-16
-5.011124705976285e-16
-5.084141453651913e-16
-5.156299277342811e-16
-5.227601387940320e-16
-5.298050996335790e-16
-5.367651313420542e-16
-5.436405550085927e-16
-5.504316917223282e-16
-5.571388625723936e-16
-5.637623886479239e-16
-5.703025910380522e-16
-5.767597908319119e-16
-5.831343091186381e-16
-5.894264669873637e-16
-5.956365855272222e-16
-6.017649858273488e-16
-6.078119889768759e-16
-6.137779160649377e-16
-6.196630881806688e-16
-6.254678264132020e-16
-6.311924518516714e-16
-6.368372855852114e-16
-6.424026487029553e-16
-6.478888622940367e-16
-6.532962474475896e-16
-6.586251252527482e-16
-6.638758167986459e-16
-6.690486431744167e-16
-6.741439254691944e-16
-6.791619847721126e-16
-6.841031421723054e-16
-6.889677187589062e-16
-6.937560356210499e-16
-6.984684138478692e-16
-7.031051745284980e-16
-7.076666387520708e-16
-7.121531276077207e-16
-7.165649621845819e-16
-7.209024635717882e-16
-7.251659528584733e-16
-7.293557511337712e-16
-7.334721794868155e-16
-7.375155590067402e-16
-7.414862107826790e-16
-7.453844559037658e-16
-7.492106154591343e-16
-7.529650105379184e-16
-7.566479622292519e-16
-7.602597916222688e-16
-7.638008198061025e-16
-7.672713678698873e-16
-7.706717569027563e-16
-7.740023079938442e-16
-7.772633422322844e-16
-7.804551807072105e-16
-7.835781445077568e-16
-7.866325547230569e-16
-7.896187324422443e-16
-7.925369987544531e-16
-7.953876747488175e-16
-7.981710815144705e-16
-8.008875401405466e-16
-8.035373717161794e-16
-8.061208973305024e-16
-8.086384380726503e-16
-8.110903150317560e-16
-8.134768492969536e-16
-8.157983619573769e-16
-8.180551741021599e-16
-8.202476068204363e-16
-8.223759812013398e-16
-8.244406183340045e-16
-8.264418393075642e-16
-8.283799652111520e-16
-8.302553171339027e-16
-8.320682161649498e-16
-8.338189833934268e-16
-8.355079399084678e-16
-8.371354067992066e-16
-8.387017051547769e-16
-8.402071560643125e-16
-8.416520806169475e-16
-8.430367999018155e-16
-8.443616350080503e-16
-8.456269070247860e-16
-8.468329370411559e-16
-8.479800461462941e-16
-8.490685554293347e-16
-8.500987859794108e-16
-8.510710588856571e-16
-8.519856952372069e-16
-8.528430161231939e-16
-8.536433426327521e-16
-8.543869958550155e-16
-8.550742968791177e-16
-8.557055667941925e-16
-8.562811266893737e-16
-8.568012976537954e-16
-8.572664007765910e-16
-8.576767571468948e-16
-8.580326878538403e-16
-8.583345139865612e-16
-8.585825566341915e-16
-8.587771368858651e-16
-8.589185758307157e-16
-8.590071945578771e-16
-8.590433141564832e-16
-8.590272557156678e-16
-8.589593403245647e-16
-8.588398890723077e-16
-8.586692230480305e-16
-8.584476633408674e-16
-8.581755310399516e-16
-8.578531472344172e-16
-8.574808330133980e-16
-8.570589094660280e-16
-8.565876976814407e-16
-8.560675187487699e-16
-8.554986937571496e-16
-8.548815437957139e-16
-8.542163899535961e-16
-8.535035533199304e-16
-8.527433549838502e-16
-8.519361160344896e-16
-8.510821575609825e-16
-8.501818006524625e-16
-8.492353663980636e-16
-8.482431758869195e-16
-8.472055502081640e-16
-8.461228104509312e-16
-8.449952777043543e-16
-8.438232730575679e-16
-8.426071175997052e-16
-8.413471324199003e-16
-8.400436386072870e-16
-8.386969572509990e-16
-8.373074094401702e-16
-8.358753162639345e-16
-8.344009988114258e-16
-8.328847781717774e-16
-8.313269754341236e-16
-8.297279116875981e-16
-8.280879080213346e-16
-8.264072855244673e-16
-8.246863652861295e-16
-8.229254683954552e-16
-8.211249159415783e-16
-8.192850290136325e-16
-8.174061287007519e-16
-8.154885360920704e-16
-8.135325722767211e-16
-8.115385583438386e-16
-8.095068153825561e-16
-8.074376644820076e-16
-8.053314267313276e-16
-8.031884232196487e-16
-8.010089750361055e-16
-7.987934032698320e-16
-7.965420290099613e-16
-7.942551733456278e-16
-7.919331573659655e-16
-7.895763021601072e-16
-7.871849288171874e-16
-7.847593584263403e-16
-7.822999120766991e-16
-7.798069108573976e-16
-7.772806758575704e-16
-7.747215281663504e-16
-7.721297888728715e-16
-7.695057790662678e-16
-7.668498198356738e-16
-7.641622322702218e-16
-7.614433374590471e-16
-7.586934564912827e-16
-7.559129104560620e-16
-7.531020204425199e-16
-7.502611075397898e-16
-7.473904928370051e-16
-7.444904974233001e-16
-7.415614423878087e-16
-7.386036488196639e-16
-7.356174378080004e-16
-7.326031304419519e-16
-7.295610478106524e-16
-7.264915110032345e-16
-7.233948411088334e-16
-7.202713592165821e-16
-7.171213864156147e-16
-7.139452437950653e-16
-7.107432524440675e-16
-7.075157334517548e-16
-7.042630079072615e-16
-7.009853968997208e-16
-6.976832215182674e-16
-6.943568028520338e-16
-6.910064619901560e-16
-6.876325200217656e-16
-6.842352980359972e-16
-6.808151171219850e-16
-6.773722983688622e-16
-6.739071628657633e-16
-6.704200317018221e-16
-6.669112259661713e-16
-6.633810667479452e-16
-6.598298751362790e-16
-6.562579722203046e-16
-6.526656790891574e-16
-6.490533168319703e-16
-6.454212065378767e-16
-6.417696692960109e-16
-6.380990261955074e-16
-6.344095983254993e-16
-6.307017067751206e-16
-6.269756726335051e-16
-6.232318169897865e-16
-6.194704609330987e-16
-6.156919255525756e-16
-6.118965319373509e-16
-6.080846011765585e-16
-6.042564543593326e-16
-6.004124125748056e-16
-5.965527969121127e-16
-5.926779284603871e-16
-5.887881283087637e-16
-5.848837175463753e-16
-5.809650172623551e-16
-5.770323485458387e-16
-5.730860324859578e-16
-5.691263901718474e-16
-5.651537426926431e-16
-5.611684111374751e-16
-5.571707165954790e-16
-5.531609801557898e-16
-5.491395229075388e-16
-5.451066659398616e-16
-5.410627303418927e-16
-5.370080372027632e-16
-5.329429076116089e-16
-5.288676626575638e-16
-5.247826234297606e-16
-5.206881110173335e-16
-5.165844465094174e-16
-5.124719509951443e-16
-5.083509455636493e-16
-5.042217513040657e-16
-5.000846893055276e-16
-4.959400806571678e-16
-4.917882464481224e-16
-4.876295077675230e-16
-4.834641857045045e-16
-4.792926013481994e-16
-4.751150757877438e-16
-4.709319301122706e-16
-4.667434854109118e-16
-4.625500627728037e-16
-4.583519832870789e-16
-4.541495680428706e-16
-4.499431381293146e-16
-4.457330146355440e-16
-4.415195186506905e-16
-4.373029712638913e-16
-4.330836935642773e-16
-4.288620066409840e-16
-4.246382315831451e-16
-4.204126894798936e-16
-4.161857014203639e-16
-4.119575884936901e-16
-4.077286717890053e-16
-4.034992723954436e-16
-3.992697114021392e-16
-3.950403098982256e-16
-3.908113889728363e-16
-3.865832697151049e-16
-3.823562732141670e-16
-3.781307205591539e-16
-3.739069328392020e-16
-3.696852311434433e-16
-3.654659365610113e-16
-3.612493701810410e-16
-3.570358530926663e-16
-3.528257063850197e-16
-3.486192511472371e-16
-3.444168084684507e-16
-3.402186994377939e-16
-3.360252451444018e-16
-3.318367666774081e-16
-3.276535851259464e-16
-3.234760215791502e-16
-3.193043971261536e-16
-3.151390328560899e-16
-3.109802498580938e-16
-3.068283692212986e-16
-3.026837120348378e-16
-2.985465993878459e-16
-2.944173523694565e-16
-2.902962920688034e-16
-2.861837395750203e-16
-2.820800159772402e-16
-2.779854423645991e-16
-2.739003398262294e-16
-2.698250294512638e-16
-2.657598323288391e-16
-2.617050695480855e-16
-2.576610621981392e-16
-2.536281313681343e-16
-2.496065981472034e-16
-2.455967836244803e-16
-2.415990088891001e-16
-2.376135950301949e-16
-2.336408631368999e-16
-2.296811342983492e-16
-2.257347296036740e-16
-2.218019701420109e-16
-2.178831770024932e-16
-2.139786712742538e-16
-2.100887740464270e-16
-2.062138064081465e-16
-2.023540894485469e-16
-1.985099442567607e-16
-1.946816919219224e-16
-1.908696535331658e-16
-1.870741501796247e-16
-1.832955029504334e-16
-1.795340329347246e-16
-1.757900612216334e-16
-1.720639089002914e-16
-1.683558970598355e-16
-1.646663467893975e-16
-1.609955791781122e-16
-1.573439153151135e-16
-1.537116762895331e-16
-1.500991831905064e-16
-1.465067571071687e-16
-1.429347191286512e-16
-1.393833903440884e-16
-1.358530918426161e-16
-1.323441447133650e-16
-1.288568700454715e-16
-1.253915889280678e-16
-1.219486224502889e-16
-1.185282917012681e-16
-1.151309177701386e-16
-1.117568217460352e-16
-1.084063247180914e-16
-1.050797477754403e-16
-1.017774120072169e-16
-9.849963850255443e-17
-9.524674835058672e-17
-9.201906264044702e-17
-8.881690246126972e-17
-8.564058890218919e-17
-8.249044305233864e-17
-7.936678600085200e-17
-7.626993883686245e-17
-7.320022264950493e-17
-7.015795852791158e-17
-6.714346756121904e-17
-6.415707083855887e-17
-6.119908944906546e-17
-5.826984448187206e-17
-5.536965702611362e-17
-5.249884817092338e-17
-4.965773900543515e-17
-4.684665061878336e-17
-4.406590410010007e-17
-4.131582053852083e-17
-3.859672102317889e-17
-3.590892664320807e-17
-3.325275848774217e-17
-3.062853764591502e-17
-2.803658520686044e-17
-2.547722225971284e-17
-2.295076989360426e-17
-2.045754919766970e-17
-1.799788126104475e-17
-1.557208717285968e-17
-1.318048802225128e-17
-1.082340489835097e-17
-8.501158890294974e-18
-6.214071087215301e-18
-3.962462578246375e-18
-1.746654452522012e-18
4.330329309582774e-19
2.576434001803713e-18
4.683728543447271e-18
6.755143067958340e-18
8.790904087406829e-18
1.079123811386263e-17
1.275637165939489e-17
1.468653123607375e-17
1.658194335596860e-17
1.844283453114862e-17
2.026943127368439e-17
2.206196009564508e-17
2.382064750910013e-17
2.554572002611961e-17
2.723740415877295e-17
2.889592641912939e-17
3.052151331925939e-17
3.211439137123218e-17
3.367478708711741e-17
3.520292697898453e-17
3.669903755890357e-17
3.816334533894380e-17
3.959607683117504e-17
4.099745854766713e-17
4.236771700048954e-17
4.370707870171172e-17
4.501577016340366e-17
4.629401789763467e-17
4.754204841647458e-17
4.876008823199319e-17
4.994836385625995e-17
5.110710180134439e-17
5.223652857931630e-17
5.333687070224547e-17
5.440835468220123e-17
5.545120703125354e-17
5.646565426147187e-17
5.745192288492579e-17
5.841023941368503e-17
5.934083035981936e-17
6.024392223539821e-17
6.111974155249143e-17
6.196851482316855e-17
6.279046855949922e-17
6.358582927355289e-17
6.435482347739962e-17
6.509767768310883e-17
6.581461840275008e-17
6.650587214839319e-17
6.717166543210772e-17
6.781222476596316e-17
6.842777666202946e-17
6.901854763237612e-17
6.958476418907271e-17
7.012665284418903e-17
7.064444010979454e-17
7.113835249795902e-17
7.160861652075211e-17
7.205545869024343e-17
7.247910551850257e-17
7.287978351759926e-17
7.325771919960307e-17
7.361313907658367e-17
7.394626966061078e-17
7.425733746375397e-17
7.454656899808285e-17
7.481419077566714e-17
7.506042930857644e-17
7.528551110888042e-17
7.548966268864870e-17
7.567311055995095e-17
7.583608123485681e-17
7.597880122543589e-17
7.610149704375787e-17
7.620439520189240e-17
7.628772221190909e-17
7.635170458587762e-17
7.639656883586763e-17
7.642254147394871e-17
7.642984901219059e-17
7.641871796266285e-17
7.638937483743519e-17
7.634204614857719e-17
7.627695840815854e-17
7.619433812824887e-17
7.609441182091783e-17
7.597740599823504e-17
7.584354717227020e-17
7.569306185509287e-17
7.552617655877276e-17
7.534311779537957e-17
7.514411207698278e-17
7.492938591565217e-17
7.469916582345734e-17
7.445367831246792e-17
7.419314989475357e-17
7.391780708238397e-17
7.362787638742873e-17
7.332358432195746e-17
7.300515739803984e-17
7.267282212774554e-17
7.232680502314415e-17
7.196733259630539e-17
7.159463135929885e-17
7.120892782419413e-17
7.081044850306094e-17
7.039941990796897e-17
6.997606855098773e-17
6.954062094418702e-17
6.909330359963638e-17
6.863434302940545e-17
6.816396574556388e-17
6.768239826018142e-17
6.718986708532761e-17
6.668659873307209e-17
6.617281971548455e-17
6.564875654463460e-17
6.511463573259184e-17
6.457068379142609e-17
6.401712723320687e-17
6.345419257000376e-17
6.288210631388649e-17
6.230109497692476e-17
6.171138507118808e-17
6.111320310874616e-17
6.050677560166882e-17
5.989232906202536e-17
5.927009000188558e-17
5.864028493331925e-17
5.800314036839584e-17
5.735888281918501e-17
5.670773879775664e-17
5.604993481618004e-17
5.538569738652501e-17
5.471525302086128e-17
5.403882823125830e-17
5.335664952978589e-17
5.266894342851365e-17
5.197593643951108e-17
5.127785507484798e-17
5.057492584659402e-17
4.986737526681871e-17
4.915542984759181e-17
4.843931610098298e-17
4.771926053906169e-17
4.699548967389768e-17
4.626823001756063e-17
4.553770808212026e-17
4.480415037964610e-17
4.406778342220779e-17
4.332883372187504e-17
4.258752779071738e-17
4.184409214080455e-17
4.109875328420621e-17
4.035173773299202e-17
3.960327199923147e-17
3.885358259499443e-17
3.810289603235025e-17
3.735143882336884e-17
3.659943748011981e-17
3.584711851467273e-17
3.509470843909721e-17
3.434243376546300e-17
3.359052100583958e-17
3.283919667229674e-17
3.208868727690431e-17
3.133921933173150e-17
3.059101934884815e-17
2.984431384032404e-17
2.909932931822859e-17
2.835629229463152e-17
2.761542928160264e-17
2.687696679121144e-17
2.614113133552752e-17
2.540814942662056e-17
2.467824757656038e-17
2.395165229741635e-17
2.322859010125838e-17
2.250928750015596e-17
2.179397100617861e-17
2.108286713139622e-17
2.037620238787836e-17
1.967420328769457e-17
1.897709634291466e-17
1.828510806560815e-17
1.759846496784472e-17
1.691739356169391e-17
1.624212035922563e-17
1.557287187250934e-17
1.490987461361463e-17
1.425335509461132e-17
1.360353982756886e-17
1.296065532455697e-17
1.232492809764542e-17
1.169658465890379e-17
1.107585152040159e-17
1.046295519420854e-17
9.858122192394400e-18
9.261579027028631e-18
8.673552210181007e-18
8.094268253921233e-18
7.523953670318762e-18
6.962834971443301e-18
6.411138669364492e-18
5.869091276152186e-18
5.336919303875687e-18
4.814849264604914e-18
4.303107670409303e-18
3.801921033358566e-18
3.311515865522420e-18
2.832118678970511e-18
2.363955985772482e-18
1.907254297997907e-18
1.462240127716430e-18
1.029139986997695e-18
6.081803879114193e-19
1.995878425271739e-19
-1.964189692741346e-19
-5.798015079566076e-19
-9.507013743287876e-19
-1.309268001388086e-18
-1.655650822131961e-18
-1.989999269557875e-18
-2.312462776663166e-18
-2.623190776445538e-18
-2.922332701902326e-18
-3.210037986030991e-18
-3.486456061828991e-18
-3.751736362293787e-18
-4.006028320422745e-18
-4.249481369213517e-18
-4.482244941663463e-18
-4.704468470770042e-18
-4.916301389530717e-18
-5.117893130942923e-18
-5.309393128004167e-18
-5.490950813711840e-18
-5.662715621063493e-18
-5.824836983056539e-18
-5.977464332688439e-18
-6.120747102956631e-18
-6.254834726858617e-18
-6.379876637391803e-18
-6.496022267553713e-18
-6.603421050341774e-18
-6.702222418753446e-18
-6.792575805786180e-18
-6.874630644437453e-18
-6.948536367704701e-18
-7.014442408585418e-18
-7.072498200077044e-18
-7.122853175177040e-18
-7.165656766882860e-18
-7.201058408191974e-18
-7.229207532101830e-18
-7.250253571609902e-18
-7.264345959713642e-18
-7.271634129410511e-18
-7.272267513697968e-18
-7.266395545573470e-18
-7.254167658034481e-18
-7.235733284078462e-18
-7.211241856702868e-18
-7.180842808905162e-18
-7.144685573682794e-18
-7.102919584033241e-18
-7.055694272953954e-18
-7.003159073442394e-18
-6.945463418496021e-18
-6.882756741112273e-18
-6.815188474288648e-18
-6.742908051022571e-18
-6.666064904311532e-18
-6.584808467153003e-18
-6.499288172544374e-18
-6.409653453483168e-18
-6.316053742966802e-18
-6.218638473992783e-18
-6.117557079558545e-18
-6.012958992661549e-18
-5.904993646299261e-18
-5.793810473469099e-18
-5.679558907168588e-18
-5.562388380395131e-18
-5.442448326146239e-18
-5.319888177419350e-18
-5.194857367211923e-18
-5.067505328521415e-18
-4.937981494345251e-18
-4.806435297680962e-18
-4.673016171525969e-18
-4.537873548877699e-18
-4.401156862733722e-18
-4.263015546091347e-18
-4.123599031948149e-18
-3.983056753301547e-18
-3.841538143148968e-18
-3.699192634487933e-18
-3.556169660315885e-18
-3.412618653630268e-18
-3.268689047428506e-18
-3.124530274708144e-18
-2.980291768466594e-18
-2.836122961701277e-18
-2.692173287409775e-18
-2.548592178589394e-18
-2.405529068237693e-18
-2.263133389352116e-18
-2.121554574930073e-18
-1.980942057969100e-18
-1.841445271466613e-18
-1.703213648420087e-18
-1.566396621826934e-18
-1.431143624684688e-18
-1.297604089990778e-18
-1.165927450742617e-18
-1.036263139937741e-18
-9.087605905735827e-19
-7.835692356475895e-19
-6.608385081572249e-19
-5.407178410999228e-19
-4.233566674731987e-19
-3.089044202744508e-19
-1.975105325012379e-19
-8.932443715092065e-20
1.550454130992866e-20
1.168755515249468e-19
2.148123556955243e-19
3.093584646248851e-19
4.005573891163268e-19
4.884526399731223e-19
5.730877279985446e-19
6.545061639958865e-19
7.327514587683798e-19
8.078671231193369e-19
8.798966678519755e-19
9.488836037696231e-19
1.014871441675551e-18
1.077903692372998e-18
1.138023866665270e-18
1.195275475355609e-18
1.249702029247302e-18
1.301347039143625e-18
1.350254015847848e-18
1.396466470163255e-18
1.440027912893098e-18
1.480981854840670e-18
1.519371806809224e-18
1.555241279602034e-18
1.588633784022400e-18
1.619592830873568e-18
1.648161930958826e-18
1.674384595081434e-18
1.698304334044671e-18
1.719964658651810e-18
1.739409079706125e-18
1.756681108010891e-18
1.771824254369374e-18
1.784882029584854e-18
1.795897944460597e-18
1.804915509799877e-18
1.811978236405973e-18
1.817129635082152e-18
1.820413216631691e-18
1.821872491857858e-18
1.821550971563929e-18
1.819492166553177e-18
1.815739587628875e-18
1.810336745594292e-18
1.803327151252707e-18
1.794754315407389e-18
1.784661748861609e-18
1.773092962418645e-18
1.760091466881768e-18
1.745700773054250e-18
1.729964391739360e-18
1.712925833740379e-18
1.694628609860575e-18
1.675116230903218e-18
1.654432207671594e-18
1.632620050968956e-18
1.609723271598593e-18
1.585785380363772e-18
1.560849888067759e-18
1.534960305513840e-18
1.508160143505283e-18
1.480492912845358e-18
1.452002124337332e-18
1.422731288784494e-18
1.392723916990107e-18
1.362023519757437e-18
1.330673607889773e-18
1.298717692190380e-18
1.266199283462529e-18
1.233161892509495e-18
1.199649030134544e-18
1.165704207140962e-18
1.131370934332004e-18
1.096692722510974e-18
1.061713082481106e-18
1.026475525045700e-18
9.910235610080207e-19
9.554007011713324e-19
9.196504563389246e-19
8.838163373140611e-19
8.479418549000144e-19
8.120705199000603e-19
7.762458431174607e-19
7.405113353555047e-19
7.049105074174501e-19
6.694868701065955e-19
6.342839342261870e-19
5.993452105794948e-19
5.647142099698147e-19
5.304344432004000e-19
4.965494210745389e-19
4.631026543954960e-19
4.301376539665463e-19
3.976979305909616e-19
3.658269950720055e-19
3.345683582129693e-19
3.039655308171090e-19
2.740620236877126e-19
2.449013476280513e-19
2.165270134413785e-19
1.889825319309864e-19
1.623114139001381e-19
1.365571701521144e-19
1.117633114901866e-19
8.797334871762063e-20
6.523079263769848e-20
4.357915405367932e-20
2.306194376885187e-20
3.722672586479910e-21
-1.440144890536240e-20
-3.131977264657471e-20
-4.706252003993131e-20
-6.166001092904275e-20
-7.514256515753922e-20
-8.754050256903679e-20
-9.888414300716184e-20
-1.092038063155397e-19
-1.185298123377857e-19
-1.268924809175322e-19
-1.343221318983953e-19
-1.408490851240017e-19
-1.465036604379708e-19
-1.513161776839273e-19
-1.553169567054940e-19
-1.585363173462938e-19
-1.610045794499499e-19
-1.627520628600842e-19
-1.638090874203200e-19
-1.642059729742803e-19
-1.639730393655878e-19
-1.631406064378652e-19
-1.617389940347357e-19
-1.597985219998220e-19
-1.573495101767462e-19
-1.544222784091326e-19
-1.510471465406032e-19
-1.472544344147810e-19
-1.430744618752879e-19
-1.385375487657484e-19
-1.336740149297848e-19
-1.285141802110183e-19
-1.230883644530746e-19
-1.174268874995751e-19
-1.115600691941427e-19
-1.055182293804001e-19
-9.933168790196886e-20
-9.303076460247462e-20
-8.664577932553740e-20
-8.020705191478461e-20
-7.374490221383264e-20
-6.728965006630958e-20
-6.087161531583612e-20
-5.452111780603377e-20
-4.826847738052870e-20
-4.214401388294189e-20
-3.617804715689617e-20
-3.040089704601464e-20
-2.484288339391841e-20
-1.953432604423375e-20
-1.450554484058037e-20
-9.786859626584511e-21
-5.408590245866035e-21
-1.401056542047516e-21
2.207296297044829e-21
5.413473410710617e-21
8.232821570580687e-21
1.068109247394117e-20
1.277403781807505e-20
1.452740930026875e-20
1.595695861780672e-20
1.707843746797295e-20
1.790759754805272e-20
1.846019055533031e-20
1.875196818709063e-20
1.879868214061851e-20
1.861608411319853e-20
1.821992580211531e-20
1.762595890465375e-20
1.684993511809849e-20
1.590760613973423e-20
1.481472366684567e-20
1.358703939671718e-20
1.224030502663411e-20
1.079027225388048e-20
9.252692775741724e-21
7.643318289502618e-21
5.977900492446611e-21
4.272191081859635e-21
2.541941755025586e-21
8.029042092300141e-22
-9.292515427274237e-22
-2.640440581290456e-21
-4.318015302805657e-21
-5.949380143873040e-21
-7.521939541089697e-21
-9.023097931054748e-21
-1.044025975036577e-20
-1.176082943562149e-20
-1.297221142342025e-20
-1.406181015036038e-20
-1.501703005304043e-20
-1.582527556805827e-20
-1.647395113201250e-20
-1.695046118150153e-20
-1.724221015312343e-20
-1.733660248347681e-20
-1.722104260915986e-20
-1.688293496677098e-20
-1.630968399290832e-20
-1.548869412417051e-20
-1.440736979715577e-20
-1.305311544846243e-20
-1.141333551468839e-20
-9.475434432432806e-21
-7.226816638293631e-21
-4.654886568868523e-21
-1.747048660757877e-21
1.508096954664507e-21
5.086730456065898e-21
8.924901618628725e-21
1.295647713145882e-20
1.711532368365896e-20
2.133530796433598e-20
2.555029666259152e-20
2.969415646753457e-20
3.370075406826680e-20
3.750395615389405e-20
4.103762941352196e-20
4.423564053625357e-20
4.703185621119460e-20
4.936014312744984e-20
5.115436797412411e-20
5.234839744032241e-20
5.287609821514893e-20
5.267133698770874e-20
5.166798044710704e-20
4.979989528244822e-20
4.700094818283640e-20
4.320500583737774e-20
3.834593493517516e-20
3.235760216533586e-20
2.517387421696355e-20
1.672861777916303e-20
6.955699541039127e-21
-4.205010942934292e-21
-1.651891004940320e-20
-2.932866902323208e-20
-4.194430971428054e-20
-5.367585397241516e-20
-6.383332364751043e-20
-7.172674058942417e-20
-7.666612664802618e-20
-7.796150367317996e-20
-7.492289351475333e-20
-6.686031802261247e-20
-5.308379904662356e-20
-3.290335843664682e-20
-5.629018042558343e-21
2.911045598099417e-20
6.946739848796925e-20
1.126507514160881e-19
1.558659987226038e-19
1.963186243647038e-19
2.312141122996271e-19
2.577579464845759e-19
2.731556108767800e-19
2.746125894334598e-19
2.593343661118353e-19
2.245264248691156e-19
1.673942496625377e-19
8.514332444929176e-20
-2.490506864192361e-20
-1.543520864196564e-19
-2.747057714265097e-19
-3.553523017398867e-19
-3.656778554371822e-19
-2.750686105957876e-19
-5.291074529311917e-20
3.286464508866999e-19
8.348250493885572e-19
1.368726968231408e-18
1.830792713153959e-18
2.121462789895452e-18
2.141177704194960e-18
1.790377961791561e-18
1.021738590586271e-18
2.721658749333768e-19
2.410215371804443e-19
1.630260316935480e-18
5.141836953806199e-18
1.147770618740245e-17
2.133982275732607e-17
3.543053621883694e-17
5.445398029037092e-17
7.911479243283112e-17
1.108321585262479e-16
1.629282776530314e-16
2.585502224694948e-16
4.211313782495628e-16
6.721535313860844e-16
1.028588485432336e-15
1.506772928737785e-15
2.155741336631926e-15
3.264976543044395e-15
5.231259881037357e-15
8.460981560252913e-15
1.368415322592466e-14
2.222367989154525e-14
3.723585157881801e-14
6.329734370892737e-14
1.067191986959438e-13
1.856910371808036e-13
3.375874591183221e-13
6.262557293018686e-13
1.183723649220604e-12
2.292813530055196e-12
4.586332403297847e-12
9.357775785508306e-12
1.936850446786248e-11
4.027408602400266e-11
8.308381117755844e-11
1.679653423531466e-10
3.297554440162188e-10
6.263868628455733e-10
1.154024314858136e-09
2.078220980161062e-09
3.700230910354075e-09
6.591844102388221e-09
1.185241481083242e-08
2.156759303830082e-08
3.955792607894268e-08
7.246864389035099e-08
1.310881891547428e-07
2.314018993672421e-07
3.943591063615620e-07
6.428500390457398e-07
9.946542120976605e-07
1.451708069031886e-06
1.990771221620614e-06
2.553842865362556e-06
3.058613965123569e-06
3.417376298927420e-06
3.565957424062415e-06
3.481698071466228e-06
3.190580153818328e-06
2.755933768210247e-06
2.255763343181163e-06
1.760948557373480e-06
1.319687120083291e-06
9.555948299259768e-07
6.726017814120475e-07
4.644562881550851e-07
3.159315598523767e-07
2.120060283877113e-07
1.406785554435046e-07
9.218188944921451e-08
6.037121062623734e-08
4.043036461944080e-08
2.694307324764152e-08
1.776037408670570e-08
1.172886622230601e-08
7.699170466634765e-09
4.961868290079474e-09
3.203213538319182e-09
2.154464104677041e-09
1.558998318342611e-09
1.164666966908379e-09
8.383464787602437e-10
5.760515496243282e-10
3.802692220801838e-10
2.492572225474771e-10
1.680559287092253e-10
1.191308053701200e-10
8.585878762156307e-11
6.113006661190334e-11
4.349463738888478e-11
3.157750913926956e-11
2.400369104982557e-11
1.939819230732569e-11
1.638602209853692e-11
1.377818781820199e-11
1.131809673800686e-11
9.040709872058422e-12
6.981087378674184e-12
5.174289416169503e-12
3.655376142861995e-12
2.459352549592296e-12
1.597884369087184e-12
1.023171765023580e-12
6.780822993349771e-13
5.054835339550924e-13
4.482430308173700e-13
4.492283518553649e-13
4.519078055854047e-13
4.259146344620558e-13
3.765931901486996e-13
3.118558974448316e-13
2.396151811500019e-13
1.677834660637287e-13
1.042731769854760e-13
5.657198639582956e-14
2.604212979852080e-14
9.445458374856981e-15
3.431940857257754e-15
4.651545978154293e-15
9.754242469974994e-15
1.538999906515124e-14
1.860334147092862e-14
1.902770010575373e-14
1.734017531389348e-14
1.422074958161400e-14
1.034940539517734e-14
6.406125240851014e-15
3.070849083122869e-15
8.416260920857290e-16
-3.815500075384069e-16
-8.214201073060572e-16
-7.007250987737417e-16
-2.422058734978392e-16
3.313966769648510e-16
7.984997623832816e-16
1.031826390930931e-15
1.066675577841194e-15
9.544412395539251e-16
7.465172925089744e-16
4.942976531461304e-16
2.491762379053818e-16
6.099429650148112e-17
-5.270112928634603e-17
-1.048656850106025e-16
-1.096490129193371e-16
-8.120075526052110e-17
-3.367055428214019e-17
1.879194776778803e-17
6.311700890366231e-17
9.563401905318565e-17
1.175119211717653e-16
1.299596545208249e-16
1.341861583617800e-16
1.314003719560564e-16
1.228112345650728e-16
1.096276854502591e-16
9.305866387302416e-17
7.431310909480075e-17
5.459996037700661e-17
3.512815698105868e-17
1.710663816838825e-17
1.742082225445380e-18
-1.020208790420508e-17
-1.893425711032113e-17
-2.479168421976185e-17
-2.811162805939659e-17
-2.923134745609217e-17
-2.848810123671490e-17
-2.621914822813210e-17
-2.276174725721055e-17
-1.845315715081706e-17
-1.363063673581715e-17
-8.631444839080100e-18
-3.792840287470385e-18
5.479180921417506e-19
4.074229370962863e-18
6.713308601012137e-18
8.551430835478763e-18
9.677602304346112e-18
1.018082923759680e-17
1.015011786521437e-17
9.674474417181986e-18
8.842905123482813e-18
7.744416214099720e-18
6.468013919016438e-18
5.102704468215558e-18
3.737494091680946e-18
2.461389019395719e-18
1.363363945439541e-18
5.061501066615492e-19
-1.213518564364811e-19
-5.431297862898547e-19
-7.831715253344102e-19
-8.654649160056435e-19
-8.139978007392871e-19
-6.527580219708647e-19
-4.057334221360757e-19
-9.691184367042403e-20
2.497188709903161e-19
6.101708794105096e-19
9.604563391548156e-19
1.276587407787349e-18
1.535538179042423e-18
1.730203988039412e-18
1.866568020270415e-18
1.951001888317307e-18
1.989877204761964e-18
1.989565582186255e-18
1.956438633172056e-18
1.896867970301229e-18
1.817225206155680e-18
1.723881953317296e-18
1.623209824367877e-18
1.521580431889373e-18
1.425365388463611e-18
1.340936266295080e-18
1.273213755253602e-18
1.221833825519626e-18
1.185229563138449e-18
1.161834054155301e-18
1.150080384615470e-18
1.148401640564215e-18
1.155230908046802e-18
1.169001273108495e-18
1.188145821794560e-18
1.211097640150263e-18
1.236289814220877e-18
1.262155430051653e-18
1.287127573687865e-18
1.309672547783894e-18
1.329067419903327e-18
1.345426897515853e-18
1.358904281491498e-18
1.369652872700308e-18
1.377825972012320e-18
1.383576880297574e-18
1.387058898426112e-18
1.388425327267974e-18
1.387829467693198e-18
1.385424620571826e-18
1.381364086773896e-18
1.375801167169449e-18
1.368889162628525e-18
1.360781374021165e-18
1.351631102217407e-18
1.341591648087293e-18
1.330816312500859e-18
1.319458396328150e-18
1.307671200439201e-18
1.295608025704060e-18
1.283422172992756e-18
1.271266943175338e-18
1.259295637121842e-18
1.247661555702307e-18
1.236517999786776e-18
1.226018270245288e-18
1.216313595881528e-18
1.207474653919678e-18
1.199467482233046e-18
1.192251125471004e-18
1.185784628282917e-18
1.180027035318156e-18
1.174937391226082e-18
1.170474740656067e-18
1.166598128257478e-18
1.163266598679681e-18
1.160439196572045e-18
1.158074966583935e-18
1.156132953364722e-18
1.154572201563771e-18
1.153351755830449e-18
1.152430660814124e-18
1.151767961164164e-18
1.151322701529937e-18
1.151053926560809e-18
1.150920680906147e-18
1.150882009215321e-18
1.150896956137696e-18
1.150924566322640e-18
1.150923884419520e-18
1.150853955077705e-18
1.150673822946561e-18
1.150342532675456e-18
1.149819388387482e-18
1.149081880200148e-18
1.148137304496668e-18
1.146995720536477e-18
1.145667187579009e-18
1.144161764883698e-18
1.142489511709978e-18
1.140660487317285e-18
1.138684750965054e-18
1.136572361912716e-18
1.134333379419710e-18
1.131977862745466e-18
1.129515871149421e-18
1.126957463891009e-18
1.124312700229664e-18
1.121591639424822e-18
1.118804340735916e-18
1.115960863422380e-18
1.113071266743649e-18
1.110145609959158e-18
1.107193952328341e-18
1.104226353110632e-18
1.101252871565468e-18
1.098283566952279e-18
1.095328498530503e-18
1.092397725559572e-18
1.089501307298923e-18
1.086649281881710e-18
1.083848362501006e-18
1.081098343508134e-18
1.078398155917016e-18
1.075746730741577e-18
1.073142998995739e-18
1.070585891693424e-18
1.068074339848557e-18
1.065607274475059e-18
1.063183626586854e-18
1.060802327197863e-18
1.058462307322010e-18
1.056162497973219e-18
1.053901830165411e-18
1.051679234912511e-18
1.049493643228439e-18
1.047343986127120e-18
1.045229194622477e-18
1.043148199728431e-18
1.041099932458906e-18
1.039083323827826e-18
1.037097304849112e-18
1.035140806536688e-18
1.033212759904476e-18
1.031312095966399e-18
1.029437745736381e-18
1.027588640228344e-18
1.025763710456210e-18
1.023961887433904e-18
1.022182102175347e-18
1.020423285694462e-18
1.018684369005173e-18
1.016964283121402e-18
1.015261959057073e-18
1.013576327826107e-18
1.011906320442428e-18
1.010250867919958e-18
1.008608901272621e-18
1.006979351514340e-18
1.005361149659037e-18
1.003753226720635e-18
1.002154513713057e-18
1.000563941650226e-18
9.989804415460646e-19
9.974029444144956e-19
9.958303812694427e-19
9.942616831248277e-19
9.926957809945736e-19
9.911316058926039e-19
9.895680888328405e-19
9.880041608292076e-19
9.864387528956274e-19
9.848707960460220e-19
9.832992212943154e-19
9.817229596818843e-19
9.801411963972541e-19
9.785539919636689e-19
9.769615952154117e-19
9.753642549867661e-19
9.737622201120139e-19
9.721557394254393e-19
9.705450617613244e-19
9.689304359539530e-19
9.673121108376076e-19
9.656903352465716e-19
9.640653580151274e-19
9.624374279775582e-19
9.608067939681474e-19
9.591737048211779e-19
9.575384093709320e-19
9.559011564516943e-19
9.542621948977458e-19
9.526217735433710e-19
9.509801412228518e-19
9.493375467704722e-19
9.476942390205150e-19
9.460504668072628e-19
9.444064789649990e-19
9.427625243280057e-19
9.411188517305673e-19
9.394757100069659e-19
9.378333479914845e-19
9.361920145184067e-19
9.345519584220151e-19
9.329134285365928e-19
9.312766736964228e-19
9.296419427357876e-19
9.280094844889710e-19
9.263795477902551e-19
9.247523814739246e-19
9.231282343742603e-19
9.215073553255470e-19
9.198899931620667e-19
9.182763967181024e-19
9.166668148279378e-19
9.150614963258555e-19
9.134606900461385e-19
9.118646448230699e-19
9.102736094909321e-19
9.086878328840089e-19
9.071075638365829e-19
9.055330511829380e-19
9.039645437573556e-19
9.024022903941197e-19
9.008465399275134e-19
8.992975411918191e-19
8.977555430213204e-19
8.962207942502998e-19
8.946935437130413e-19
8.931740052358961e-19
8.916621882111494e-19
8.901580280347318e-19
8.886614600005091e-19
8.871724194023480e-19
8.856908415341146e-19
8.842166616896748e-19
8.827498151628951e-19
8.812902372476411e-19
8.798378632377799e-19
8.783926284271771e-19
8.769544681096998e-19
8.755233175792130e-19
8.740991121295834e-19
8.726817870546774e-19
8.712712776483609e-19
8.698675192045005e-19
8.684704470169627e-19
8.670799963796126e-19
8.656961025863173e-19
8.643187009309424e-19
8.629477267073548e-19
8.615831152094205e-19
8.602248017310055e-19
8.588727215659762e-19
8.575268100081984e-19
8.561870023515390e-19
8.548532338898635e-19
8.535254399170388e-19
8.522035557269309e-19
8.508875166134057e-19
8.495772578703298e-19
8.482727147915689e-19
8.469738226709898e-19
8.456805168024585e-19
8.443927324798409e-19
8.431104049970042e-19
8.418334696478132e-19
8.405618617261351e-19
8.392955165258356e-19
8.380343693407814e-19
8.367783554648385e-19
8.355274101918731e-19
8.342814688157514e-19
8.330404666303393e-19
8.318043389295036e-19
8.305730210071103e-19
8.293464481570252e-19
8.281245556731155e-19
8.269072788492462e-19
8.256945529792844e-19
8.244863133570956e-19
8.232824952765469e-19
8.220830340315040e-19
8.208878674273336e-19
8.196969591971728e-19
8.185102883701481e-19
8.173278341730872e-19
8.161495758328159e-19
8.149754925761606e-19
8.138055636299483e-19
8.126397682210052e-19
8.114780855761577e-19
8.103204949222321e-19
8.091669754860548e-19
8.080175064944527e-19
8.068720671742517e-19
8.057306367522791e-19
8.045931944553601e-19
8.034597195103223e-19
8.023301911439916e-19
8.012045885831942e-19
8.000828910547573e-19
7.989650777855068e-19
7.978511280022693e-19
7.967410209318713e-19
7.956347358011389e-19
7.945322518368991e-19
7.934335482659777e-19
7.923386043152019e-19
7.912473992113977e-19
7.901599121813917e-19
7.890761224520103e-19
7.879960092500796e-19
7.869195518024267e-19
7.858467293358775e-19
7.847775210772590e-19
7.837119062533973e-19
7.826498640911185e-19
7.815913738172497e-19
7.805364146586168e-19
7.794849658420468e-19
7.784370065943662e-19
7.773925161424005e-19
7.763514737129771e-19
7.753138585329219e-19
7.742796498290617e-19
7.732488268282227e-19
7.722213687572319e-19
7.711972548429151e-19
7.701764643120987e-19
7.691589763916098e-19
7.681447703082740e-19
7.671338252889186e-19
7.661261205603697e-19
7.651216353494536e-19
7.641203488829970e-19
7.631222403878259e-19
7.621272890907674e-19
7.611354742186476e-19
7.601467749982927e-19
7.591611706565298e-19
7.581786404201847e-19
7.571991635160842e-19
7.562227191710544e-19
7.552492866119223e-19
7.542788450655141e-19
7.533113737586563e-19
7.523468519181752e-19
7.513852587708970e-19
7.504265735436487e-19
7.494707754632566e-19
7.485178437565468e-19
7.475677576503465e-19
7.466204963714812e-19
7.456760391467781e-19
7.447343652030630e-19
7.437954537671630e-19
7.428592840659043e-19
7.419258353261131e-19
7.409950867746165e-19
7.400670176382400e-19
7.391416071438108e-19
7.382188345181552e-19
7.372986789880992e-19
7.363811197804700e-19
7.354661361220935e-19
7.345537072397964e-19
7.336438123604051e-19
7.327364307107457e-19
7.318315415176452e-19
7.309291240079296e-19
7.300291574084260e-19
7.291316209459600e-19
7.282364938473586e-19
7.273437553394482e-19
7.264533846490549e-19
7.255653610030057e-19
7.246796636281266e-19
7.237962717512444e-19
7.229151645991852e-19
7.220363213987754e-19
7.211597213768419e-19
7.202853437602107e-19
7.194131677757087e-19
7.185431726501621e-19
7.176753376103973e-19
7.168096418832408e-19
7.159460646955189e-19
7.150845852740584e-19
7.142251828456854e-19
7.133678366372267e-19
7.125125260011732e-19
7.116592369986031e-19
7.108079656371539e-19
7.099587087293757e-19
7.091114630878192e-19
7.082662255250348e-19
7.074229928535722e-19
7.065817618859827e-19
7.057425294348159e-19
7.049052923126228e-19
7.040700473319532e-19
7.032367913053583e-19
7.024055210453877e-19
7.015762333645919e-19
7.007489250755217e-19
6.999235929907270e-19
6.991002339227586e-19
6.982788446841666e-19
6.974594220875016e-19
6.966419629453138e-19
6.958264640701535e-19
6.950129222745713e-19
6.942013343711176e-19
6.933916971723424e-19
6.925840074907968e-19
6.917782621390304e-19
6.909744579295941e-19
6.901725916750379e-19
6.893726601879126e-19
6.885746602807684e-19
6.877785887661556e-19
6.869844424566247e-19
6.861922181647258e-19
6.854019127030097e-19
6.846135228840266e-19
6.838270455203266e-19
6.830424774244609e-19
6.822598154089788e-19
6.814790562864315e-19
6.807001968693687e-19
6.799232339703415e-19
6.791481644019000e-19
6.783749849765944e-19
6.776036925069755e-19
6.768342838055931e-19
6.760667556849980e-19
6.753011049577405e-19
6.745373284363707e-19
6.737754229334395e-19
6.730153852614971e-19
6.722572122330936e-19
6.715009006607797e-19
6.707464473571055e-19
6.699938491346217e-19
6.692431028058783e-19
6.684942051834263e-19
6.677471530798154e-19
6.670019433075963e-19
6.662585726793194e-19
6.655170380075349e-19
6.647773361047936e-19
6.640394637836454e-19
6.633034178566410e-19
6.625691951363307e-19
6.618367924352646e-19
6.611062065659934e-19
6.603774343410674e-19
6.596504725730371e-19
6.589253180744528e-19
6.582019676578649e-19
6.574804181358236e-19
6.567606663208793e-19
6.560427090255828e-19
6.553265430624839e-19
6.546121652441336e-19
6.538995723830818e-19
6.531887612918789e-19
6.524797287830755e-19
6.517724716692217e-19
6.510669867628683e-19
6.503632708765656e-19
6.496613208228635e-19
6.489611334143129e-19
6.482627054634642e-19
6.475660337828675e-19
6.468711151850730e-19
6.461779464826316e-19
6.454865244880933e-19
6.447968460140085e-19
6.441089078729280e-19
6.434227068774016e-19
6.427382398399800e-19
6.420555035732137e-19
6.413744948896528e-19
6.406952106018479e-19
6.400176475223491e-19
6.393418024637075e-19
6.386676722384725e-19
6.379952536591951e-19
6.373245435384254e-19
6.366555386887138e-19
6.359882359226109e-19
6.353226320526669e-19
6.346587238914323e-19
6.339965082514576e-19
6.333359819452927e-19
6.326771417854884e-19
6.320199845845949e-19
6.313645071551632e-19
6.307107059564163e-19
6.300585760342744e-19
6.294081120813303e-19
6.287593087901771e-19
6.281121608534081e-19
6.274666629636159e-19
6.268228098133944e-19
6.261805960953362e-19
6.255400165020343e-19
6.249010657260822e-19
6.242637384600727e-19
6.236280293965991e-19
6.229939332282547e-19
6.223614446476319e-19
6.217305583473244e-19
6.211012690199250e-19
6.204735713580271e-19
6.198474600542235e-19
6.192229298011076e-19
6.185999752912724e-19
6.179785912173108e-19
6.173587722718162e-19
6.167405131473816e-19
6.161238085366001e-19
6.155086531320652e-19
6.148950416263691e-19
6.142829687121057e-19
6.136724290818675e-19
6.130634174282481e-19
6.124559284438406e-19
6.118499568212376e-19
6.112454972530328e-19
6.106425444318190e-19
6.100410930501894e-19
6.094411378007372e-19
6.088426733760551e-19
6.082456944687368e-19
6.076501957713751e-19
6.070561719765630e-19
6.064636177768936e-19
6.058725278649603e-19
6.052828969333560e-19
6.046947196746736e-19
6.041079907815066e-19
6.035227049464480e-19
6.029388568620908e-19
6.023564412210282e-19
6.017754527158532e-19
6.011958860391591e-19
6.006177358835390e-19
6.000409969415858e-19
5.994656639058925e-19
5.988917314690525e-19
5.983191943236590e-19
5.977480471623046e-19
5.971782846775830e-19
5.966099015620868e-19
5.960428925084095e-19
5.954772522091441e-19
5.949129753568834e-19
5.943500566442210e-19
5.937884907637496e-19
5.932282724080629e-19
5.926693962697532e-19
5.921118570414141e-19
5.915556494156387e-19
5.910007680850197e-19
5.904472077421507e-19
5.898949630796245e-19
5.893440287900346e-19
5.887943995659736e-19
5.882460701000349e-19
5.876990350848116e-19
5.871532892128966e-19
5.866088271768836e-19
5.860656436693649e-19
5.855237333829341e-19
5.849830910101841e-19
5.844437112437080e-19
5.839055887760992e-19
5.833687182999504e-19
5.828330945078551e-19
5.822987120924062e-19
5.817655657461967e-19
5.812336501618200e-19
5.807029600318688e-19
5.801734900489367e-19
5.796452349056167e-19
5.791181892945014e-19
5.785923479081845e-19
5.780677054392587e-19
5.775442565803173e-19
5.770219960239536e-19
5.765009184627603e-19
5.759810185893306e-19
5.754622910962581e-19
5.749447306761352e-19
5.744283320215553e-19
5.739130898251118e-19
5.733989987793976e-19
5.728860535770055e-19
5.723742489105288e-19
5.718635794725610e-19
5.713540399556945e-19
5.708456250525228e-19
5.703383294556393e-19
5.698321478576364e-19
5.693270749511077e-19
5.688231056334119e-19
5.683202373322592e-19
5.678184691819878e-19
5.673178003489053e-19
5.668182299993192e-19
5.663197572995358e-19
5.658223814158628e-19
5.653261015146074e-19
5.648309167620768e-19
5.643368263245779e-19
5.638438293684182e-19
5.633519250599048e-19
5.628611125653446e-19
5.623713910510451e-19
5.618827596833136e-19
5.613952176284568e-19
5.609087640527823e-19
5.604233981225970e-19
5.599391190042083e-19
5.594559258639232e-19
5.589738178680489e-19
5.584927941828928e-19
5.580128539747618e-19
5.575339964099630e-19
5.570562206548039e-19
5.565795258755918e-19
5.561039112386333e-19
5.556293759102360e-19
5.551559190567071e-19
5.546835398443538e-19
5.542122374394828e-19
5.537420110084020e-19
5.532728597174177e-19
5.528047827328378e-19
5.523377792209692e-19
5.518718483481194e-19
5.514069892805949e-19
5.509432011847035e-19
5.504804832267522e-19
5.500188345730481e-19
5.495582543898984e-19
5.490987418436105e-19
5.486402961004913e-19
5.481829163268479e-19
5.477266016889877e-19
5.472713513532180e-19
5.468171644858456e-19
5.463640402531778e-19
5.459119778215221e-19
5.454609763571852e-19
5.450110350264745e-19
5.445621529956972e-19
5.441143294311608e-19
5.436675634991721e-19
5.432218543660380e-19
5.427772011980663e-19
5.423336031615637e-19
5.418910594228375e-19
5.414495691481949e-19
5.410091315039434e-19
5.405697456563897e-19
5.401314107718412e-19
5.396941260166052e-19
5.392578905569885e-19
5.388227035592986e-19
5.383885641898428e-19
5.379554716149280e-19
5.375234250008613e-19
5.370924235139499e-19
5.366624663205015e-19
5.362335525868225e-19
5.358056814792206e-19
5.353788521640030e-19
5.349530638074765e-19
5.345283155759485e-19
5.341046066357262e-19
5.336819361531169e-19
5.332603032944275e-19
5.328397072259655e-19
5.324201471140379e-19
5.320016221249517e-19
5.315841314250142e-19
5.311676741805325e-19
5.307522495578143e-19
5.303378567231661e-19
5.299244948428954e-19
5.295121630833095e-19
5.291008606107152e-19
5.286905865914200e-19
5.282813401917311e-19
5.278731205779554e-19
5.274659269164004e-19
5.270597583733730e-19
5.266546141151806e-19
5.262504933081301e-19
5.258473951185288e-19
5.254453187126842e-19
5.250442632569029e-19
5.246442279174925e-19
5.242452118607600e-19
5.238472142530129e-19
5.234502342605579e-19
5.230542710497024e-19
5.226593237867540e-19
5.222653916380189e-19
5.218724737698051e-19
5.214805693484195e-19
5.210896775401691e-19
5.206997975033231e-19
5.203109277742291e-19
5.199230658350349e-19
5.195362090657726e-19
5.191503548464748e-19
5.187655005571740e-19
5.183816435779022e-19
5.179987812886921e-19
5.176169110695761e-19
5.172360303005865e-19
5.168561363617554e-19
5.164772266331155e-19
5.160992984946993e-19
5.157223493265388e-19
5.153463765086666e-19
5.149713774211153e-19
5.145973494439168e-19
5.142242899571037e-19
5.138521963407085e-19
5.134810659747636e-19
5.131108962393014e-19
5.127416845143538e-19
5.123734281799539e-19
5.120061246161334e-19
5.116397712029251e-19
5.112743653203613e-19
5.109099043484745e-19
5.105463856672969e-19
5.101838066568608e-19
5.098221646971989e-19
5.094614571683433e-19
5.091016814503264e-19
5.087428349231810e-19
5.083849149669390e-19
5.080279189616329e-19
5.076718442872950e-19
5.073166883239580e-19
5.069624484516540e-19
5.066091220504153e-19
5.062567065002748e-19
5.059051991812642e-19
5.055545974734163e-19
5.052048987567634e-19
5.048561004113380e-19
5.045081998171722e-19
5.041611943542987e-19
5.038150814027498e-19
5.034698583425576e-19
5.031255225537547e-19
5.027820714163735e-19
5.024395023104465e-19
5.020978126160057e-19
5.017569997130838e-19
5.014170609817133e-19
5.010779938019262e-19
5.007397955537549e-19
5.004024636172323e-19
5.000659953723902e-19
4.997303881992614e-19
4.993956394778779e-19
4.990617465882726e-19
4.987287069104773e-19
4.983965178245245e-19
4.980651767104471e-19
4.977346809482768e-19
4.974050279180465e-19
4.970762149997882e-19
4.967482395735347e-19
4.964210990193179e-19
4.960947907171705e-19
4.957693120471250e-19
4.954446603892134e-19
4.951208331234683e-19
4.947978276299220e-19
4.944756412886071e-19
4.941542714795556e-19
4.938337155828002e-19
4.935139709783732e-19
4.931950350463070e-19
4.928769051666338e-19
4.925595787193864e-19
4.922430530845967e-19
4.919273256422973e-19
4.916123937725207e-19
4.912982548552993e-19
4.909849062706651e-19
4.906723453986506e-19
4.903605696192886e-19
4.900495763126110e-19
4.897393628586505e-19
4.894299266374394e-19
4.891212650290099e-19
4.888133754133945e-19
4.885062551706257e-19
4.881999016807358e-19
4.878943123237572e-19
4.875894844797222e-19
4.872854155286633e-19
4.869821028506127e-19
4.866795438256029e-19
4.863777358336662e-19
4.860766762548353e-19
4.857763624691422e-19
4.854767918566195e-19
4.851779617972995e-19
4.848798696712147e-19
4.845825128583971e-19
4.842858887388797e-19
4.839899946926944e-19
4.836948280998737e-19
4.834003863404499e-19
4.831066667944557e-19
4.828136668419232e-19
4.825213838628847e-19
4.822298152373730e-19
4.819389583454200e-19
4.816488105670584e-19
4.813593692823204e-19
4.810706318712387e-19
4.807825957138452e-19
4.804952581901728e-19
4.802086166802535e-19
4.799226685641197e-19
4.796374112218039e-19
4.793528420333384e-19
4.790689583787558e-19
4.787857576380884e-19
4.785032371913683e-19
4.782213944186282e-19
4.779402266999004e-19
4.776597314152171e-19
4.773799059446111e-19
4.771007476681143e-19
4.768222539657595e-19
4.765444222175788e-19
4.762672498036048e-19
4.759907341038695e-19
4.757148724984056e-19
4.754396623672455e-19
4.751651010904215e-19
4.748911860479660e-19
4.746179146199112e-19
4.743452841862899e-19
4.740732921271340e-19
4.738019358224763e-19
4.735312126523491e-19
4.732611199967845e-19
4.729916552358150e-19
4.727228157494730e-19
4.724545989177912e-19
4.721870021208015e-19
4.719200227385365e-19
4.716536581510287e-19
4.713879057383103e-19
4.711227628804136e-19
4.708582269573714e-19
4.705942953492156e-19
4.703309654359788e-19
4.700682345976935e-19
4.698061002143920e-19
4.695445596661065e-19
4.692836103328694e-19
4.690232495947134e-19
4.687634748316706e-19
4.685042834237735e-19
4.682456727510544e-19
4.679876401935458e-19
4.677301831312799e-19
4.674732989442893e-19
4.672169850126062e-19
4.669612387162633e-19
4.667060574352925e-19
4.664514385497266e-19
4.661973794395976e-19
4.659438774849382e-19
4.656909300657806e-19
4.654385345621574e-19
4.651866883541007e-19
4.649353888216431e-19
4.646846333448169e-19
4.644344193036545e-19
4.641847440781881e-19
4.639356050484505e-19
4.636869995944739e-19
4.634389250962903e-19
4.631913789339326e-19
4.629443584874329e-19
4.626978611368238e-19
4.624518842621374e-19
4.622064252434063e-19
4.619614814606627e-19
4.617170502939392e-19
4.614731291232680e-19
4.612297153286817e-19
4.609868062902124e-19
4.607443993878928e-19
4.605024920017551e-19
4.602610815118315e-19
4.600201652981546e-19
4.597797407407568e-19
4.595398052196706e-19
4.593003561149280e-19
4.590613908065617e-19
4.588229066746040e-19
4.585849010990872e-19
4.583473714600438e-19
4.581103151375061e-19
4.578737295115066e-19
4.576376119620776e-19
4.574019598692513e-19
4.571667706130606e-19
4.569320415735372e-19
4.566977701307140e-19
4.564639536646232e-19
4.562305895552971e-19
4.559976751827682e-19
4.557652079270688e-19
4.555331852346391e-19
4.553016055455732e-19
4.550704680648824e-19
4.548397720172547e-19
4.546095166273775e-19
4.543797011199385e-19
4.541503247196254e-19
4.539213866511261e-19
4.536928861391280e-19
4.534648224083190e-19
4.532371946833868e-19
4.530100021890190e-19
4.527832441499032e-19
4.525569197907272e-19
4.523310283361787e-19
4.521055690109455e-19
4.518805410397151e-19
4.516559436471754e-19
4.514317760580137e-19
4.512080374969181e-19
4.509847271885761e-19
4.507618443576754e-19
4.505393882289036e-19
4.503173580269487e-19
4.500957529764981e-19
4.498745723022396e-19
4.496538152288609e-19
4.494334809810498e-19
4.492135687834937e-19
4.489940778608805e-19
4.487750074378979e-19
4.485563567392334e-19
4.483381249895748e-19
4.481203114136098e-19
4.479029152360263e-19
4.476859356815117e-19
4.474693719747537e-19
4.472532233404402e-19
4.470374890032587e-19
4.468221681878969e-19
4.466072601190426e-19
4.463927640213837e-19
4.461786791196072e-19
4.459650046384014e-19
4.457517398024539e-19
4.455388838364522e-19
4.453264359650841e-19
4.451143954130374e-19
4.449027614049995e-19
4.446915331656584e-19
4.444807099197015e-19
4.442702908918168e-19
4.440602753066917e-19
4.438506623890142e-19
4.436414513634718e-19
4.434326414547521e-19
4.432242318875429e-19
4.430162218865320e-19
4.428086106764069e-19
4.426013974818553e-19
4.423945815275651e-19
4.421881620382238e-19
4.419821382385192e-19
4.417765093531388e-19
4.415712746067706e-19
4.413664332241020e-19
4.411619844298209e-19
4.409579274486148e-19
4.407542615051716e-19
4.405509858241788e-19
4.403480996303242e-19
4.401456021482954e-19
4.399434926027802e-19
4.397417702184662e-19
4.395404342200411e-19
4.393394838321928e-19
4.391389182796087e-19
4.389387367869766e-19
4.387389385789844e-19
4.385395228803194e-19
4.383404889156694e-19
4.381418359097222e-19
4.379435630871656e-19
4.377456696726871e-19
4.375481548909743e-19
4.373510179667152e-19
4.371542581245973e-19
4.369578745893083e-19
4.367618665855359e-19
4.365662333379678e-19
4.363709740712916e-19
4.361760880101952e-19
4.359815743793661e-19
4.357874324034921e-19
4.355936613072608e-19
4.354002603153600e-19
4.352072286524772e-19
4.350145655433004e-19
4.348222702125170e-19
4.346303418848149e-19
4.344387797848816e-19
4.342475831374048e-19
4.340567511670725e-19
4.338662830985721e-19
4.336761781565913e-19
4.334864355658179e-19
4.332970545509395e-19
4.331080343366438e-19
4.329193741476185e-19
4.327310732085514e-19
4.325431307441300e-19
4.323555459790421e-19
4.321683181379756e-19
4.319814464456177e-19
4.317949301266565e-19
4.316087684057795e-19
4.314229605076746e-19
4.312375056570292e-19
4.310524030785311e-19
4.308676519968681e-19
4.306832516367278e-19
4.304992012227978e-19
4.303154999797660e-19
4.301321471323199e-19
4.299491419051473e-19
4.297664835229358e-19
4.295841712103733e-19
4.294022041921473e-19
4.292205816929455e-19
4.290393029374558e-19
4.288583671503655e-19
4.286777735563625e-19
4.284975213801345e-19
4.283176098463693e-19
4.281380381797544e-19
4.279588056049776e-19
4.277799113467266e-19
4.276013546296890e-19
4.274231346785526e-19
4.272452507180050e-19
4.270677019727339e-19
4.268904876674270e-19
4.267136070267721e-19
4.265370592754568e-19
4.263608436381687e-19
4.261849593395955e-19
4.260094056044251e-19
4.258341816573450e-19
4.256592867230430e-19
4.254847200262067e-19
4.253104807915239e-19
4.251365682436821e-19
4.249629816073692e-19
4.247897201072729e-19
4.246167829680807e-19
4.244441694144803e-19
4.242718786711595e-19
4.240999099628061e-19
4.239282625141075e-19
4.237569355497516e-19
4.235859282944262e-19
4.234152399728186e-19
4.232448698096168e-19
4.230748170295085e-19
4.229050808571812e-19
4.227356605173226e-19
4.225665552346207e-19
4.223977642337630e-19
4.222292867394370e-19
4.220611219763305e-19
4.218932691691315e-19
4.217257275425272e-19
4.215584963212056e-19
4.213915747298543e-19
4.212249619931611e-19
4.210586573358135e-19
4.208926599824993e-19
4.207269691579063e-19
4.205615840867220e-19
4.203965039936342e-19
4.202317281033305e-19
4.200672556404987e-19
4.199030858298263e-19
4.197392178960012e-19
4.195756510637111e-19
4.194123845576435e-19
4.192494176024863e-19
4.190867494229270e-19
4.189243792436534e-19
4.187623062893532e-19
4.186005297847140e-19
4.184390489544237e-19
4.182778630231698e-19
4.181169712156399e-19
4.179563727565220e-19
4.177960668705035e-19
4.176360527822722e-19
4.174763297165158e-19
4.173168968979220e-19
4.171577535511785e-19
4.169988989009729e-19
4.168403321719931e-19
4.166820525889266e-19
4.165240593764611e-19
4.163663517592844e-19
4.162089289620841e-19
4.160517902095478e-19
4.158949347263634e-19
4.157383617372185e-19
4.155820704668008e-19
4.154260601397979e-19
4.152703299808977e-19
4.151148792147876e-19
4.149597070661555e-19
4.148048127596892e-19
4.146501955200761e-19
4.144958545720040e-19
4.143417891401606e-19
4.141879984492337e-19
4.140344817239108e-19
4.138812381888797e-19
4.137282670688281e-19
4.135755675884437e-19
4.134231389724141e-19
4.132709804454270e-19
4.131190912321703e-19
4.129674705573314e-19
4.128161176455981e-19
4.126650317216583e-19
4.125142120101993e-19
4.123636577359091e-19
4.122133681234752e-19
4.120633423975855e-19
4.119135797829274e-19
4.117640795041888e-19
4.116148407860574e-19
4.114658628532208e-19
4.113171449303668e-19
4.111686862421830e-19
4.110204860133570e-19
4.108725434685768e-19
4.107248578325297e-19
4.105774283299037e-19
4.104302541853863e-19
4.102833346236652e-19
4.101366688694283e-19
4.099902561473631e-19
4.098440956821573e-19
4.096981866984986e-19
4.095525284210748e-19
4.094071200745735e-19
4.092619608836823e-19
4.091170500730891e-19
4.089723868674815e-19
4.088279704915471e-19
4.086838001699737e-19
4.085398751274489e-19
4.083961945886604e-19
4.082527577782960e-19
4.081095639210433e-19
4.079666122415901e-19
4.078239019646239e-19
4.076814323148325e-19
4.075392025169037e-19
4.073972117955249e-19
4.072554593753842e-19
4.071139444811689e-19
4.069726663375669e-19
4.068316241692658e-19
4.066908172009534e-19
4.065502446573173e-19
4.064099057630451e-19
4.062697997428248e-19
4.061299258213437e-19
4.059902832232898e-19
4.058508711733506e-19
4.057116888962140e-19
4.055727356165674e-19
4.054340105590988e-19
4.052955129484957e-19
4.051572420094458e-19
4.050191969666368e-19
4.048813770447564e-19
4.047437814684924e-19
4.046064094625323e-19
4.044692602515639e-19
4.043323330602749e-19
4.041956271133529e-19
4.040591416354857e-19
4.039228758513610e-19
4.037868289856664e-19
4.036510002630896e-19
4.035153889083184e-19
4.033799941460404e-19
4.032448152009432e-19
4.031098512977146e-19
4.029751016610424e-19
4.028405655156141e-19
4.027062420861174e-19
4.025721305972401e-19
4.024382302736699e-19
4.023045403400944e-19
4.021710600212013e-19
4.020377885416784e-19
4.019047251262133e-19
4.017718689994936e-19
4.016392193862071e-19
4.015067755110416e-19
4.013745365986846e-19
4.012425018738238e-19
4.011106705611471e-19
4.009790418853419e-19
4.008476150710960e-19
4.007163893430973e-19
4.005853639260332e-19
4.004545380445916e-19
4.003239109234600e-19
4.001934817873263e-19
4.000632498608779e-19
3.999332143688028e-19
3.998033745357886e-19
3.996737295865228e-19
3.995442787456933e-19
3.994150212379877e-19
3.992859562880939e-19
3.991570831206992e-19
3.990284009604916e-19
3.988999090321588e-19
3.987716065603883e-19
3.986434927698678e-19
3.985155668852851e-19
3.983878281313280e-19
3.982602757326839e-19
3.981329089140407e-19
3.980057269000860e-19
3.978787289155075e-19
3.977519141849929e-19
3.976252819332300e-19
3.974988313849064e-19
3.973725617647096e-19
3.972464722973277e-19
3.971205622074481e-19
3.969948307197585e-19
3.968692770589467e-19
3.967439004497003e-19
3.966187001167070e-19
3.964936752846546e-19
3.963688251782307e-19
3.962441490221229e-19
3.961196460410191e-19
3.959953154596068e-19
3.958711565025739e-19
3.957471683946078e-19
3.956233503603966e-19
3.954997016246276e-19
3.953762214119886e-19
3.952529089471673e-19
3.951297634548515e-19
3.950067841597288e-19
3.948839702864869e-19
3.947613210598134e-19
3.946388357043962e-19
3.945165134449228e-19
3.943943535060810e-19
3.942723551125585e-19
3.941505174890429e-19
3.940288398602219e-19
3.939073214507832e-19
3.937859614854146e-19
3.936647591888037e-19
3.935437137856381e-19
3.934228245006057e-19
3.933020905583941e-19
3.931815111836909e-19
3.930610856011838e-19
3.929408130355607e-19
3.928206927115090e-19
3.927007238537166e-19
3.925809056868712e-19
3.924612374356604e-19
3.923417183247718e-19
3.922223475788932e-19
3.921031244227124e-19
3.919840480809169e-19
3.918651177781945e-19
3.917463327392328e-19
3.916276921887197e-19
3.915091953513425e-19
3.913908414517893e-19
3.912726297147476e-19
3.911545593649051e-19
3.910366296269495e-19
3.909188397255686e-19
3.908011888854498e-19
3.906836763312811e-19
3.905663012877501e-19
3.904490629795443e-19
3.903319606313517e-19
3.902149934678597e-19
3.900981607137563e-19
3.899814615937289e-19
3.898648953324653e-19
3.897484611546533e-19
3.896321582849805e-19
3.895159859481344e-19
3.893999433688030e-19
3.892840297716740e-19
3.891682443814347e-19
3.890525864227732e-19
3.889370551203770e-19
3.888216496989338e-19
3.887063693831314e-19
3.885912133976573e-19
3.884761809671994e-19
3.883612713164452e-19
3.882464836700826e-19
3.881318172527992e-19
3.880172712892825e-19
3.879028450042204e-19
3.877885376223007e-19
3.876743483682107e-19
3.875602764666384e-19
3.874463211422715e-19
3.873324816197976e-19
3.872187571239043e-19
3.871051468792795e-19
3.869916501106107e-19
3.868782660425857e-19
3.867649938998922e-19
3.866518329072179e-19
3.865387822892503e-19
3.864258412706773e-19
3.863130090761865e-19
3.862002849315636e-19
3.860876682953432e-19
3.859751591453547e-19
3.858627575296912e-19
3.857504634964459e-19
3.856382770937118e-19
3.855261983695822e-19
3.854142273721503e-19
3.853023641495090e-19
3.851906087497517e-19
3.850789612209715e-19
3.849674216112614e-19
3.848559899687148e-19
3.847446663414247e-19
3.846334507774842e-19
3.845223433249865e-19
3.844113440320248e-19
3.843004529466922e-19
3.841896701170819e-19
3.840789955912871e-19
3.839684294174009e-19
3.838579716435163e-19
3.837476223177266e-19
3.836373814881250e-19
3.835272492028045e-19
3.834172255098584e-19
3.833073104573797e-19
3.831975040934618e-19
3.830878064661976e-19
3.829782176236803e-19
3.828687376140031e-19
3.827593664852592e-19
3.826501042855417e-19
3.825409510629437e-19
3.824319068655585e-19
3.823229717414791e-19
3.822141457387986e-19
3.821054289056104e-19
3.819968212900074e-19
3.818883229400829e-19
3.817799339039300e-19
3.816716542296418e-19
3.815634839653116e-19
3.814554231590324e-19
3.813474718588975e-19
3.812396301130000e-19
3.811318979694329e-19
3.810242754762895e-19
3.809167626816630e-19
3.808093596336463e-19
3.807020663803328e-19
3.805948829698157e-19
3.804878094501879e-19
3.803808458695426e-19
3.802739922759732e-19
3.801672487175726e-19
3.800606152424341e-19
3.799540918986507e-19
3.798476787343157e-19
3.797413757975222e-19
3.796351831363632e-19
3.795291007989322e-19
3.794231288333220e-19
3.793172672876259e-19
3.792115162099370e-19
3.791058756483487e-19
3.790003456509538e-19
3.788949262658456e-19
3.787896175411173e-19
3.786844195248619e-19
3.785793322651728e-19
3.784743558101429e-19
3.783694902078655e-19
3.782647355064337e-19
3.781600917539406e-19
3.780555589984795e-19
3.779511372881434e-19
3.778468266710256e-19
3.777426271952192e-19
3.776385389088172e-19
3.775345618599128e-19
3.774306960965993e-19
3.773269416669700e-19
3.772232986191176e-19
3.771197670011354e-19
3.770163468611168e-19
3.769130382471547e-19
3.768098412073423e-19
3.767067557897729e-19
3.766037820425394e-19
3.765009200137352e-19
3.763981697514532e-19
3.762955313037868e-19
3.761930047188290e-19
3.760905900446730e-19
3.759882873294120e-19
3.758860966211391e-19
3.757840179679473e-19
3.756820514179300e-19
3.755801970191803e-19
3.754784548197911e-19
3.753768248678559e-19
3.752753072114677e-19
3.751739018987197e-19
3.750726089777049e-19
3.749714284965166e-19
3.748703605032479e-19
3.747694050459921e-19
3.746685621728420e-19
3.745678319318911e-19
3.744672143712324e-19
3.743667095389590e-19
3.742663174831642e-19
3.741660382519410e-19
3.740658718933826e-19
3.739658184555822e-19
3.738658779866330e-19
3.737660505346280e-19
3.736663361476604e-19
3.735667348738235e-19
3.734672467612103e-19
3.733678718579140e-19
3.732686102120277e-19
3.731694618716445e-19
3.730704268848577e-19
3.729715052997604e-19
3.728726971644458e-19
3.727740025270069e-19
3.726754214355370e-19
3.725769539381291e-19
3.724786000828765e-19
3.723803599178723e-19
3.722822334912097e-19
3.721842208509818e-19
3.720863220452817e-19
3.719885371222026e-19
3.718908661298377e-19
3.717933091162801e-19
3.716958661296229e-19
3.715985372179594e-19
3.715013224293826e-19
3.714042218119857e-19
3.713072354138619e-19
3.712103632831043e-19
3.711136054678061e-19
3.710169620160604e-19
3.709204329759604e-19
3.708240183955992e-19
3.707277183230700e-19
3.706315328064658e-19
3.705354618938801e-19
3.704395056334057e-19
3.703436640731358e-19
3.702479372611638e-19
3.701523252455825e-19
3.700568280744853e-19
3.699614457959653e-19
3.698661784581158e-19
3.697710261090296e-19
3.696759887968000e-19
3.695810665695203e-19
3.694862594752836e-19
3.693915675621829e-19
3.692969908783115e-19
3.692025294717624e-19
3.691081833906289e-19
3.690139526830041e-19
3.689198373969812e-19
3.688258375806533e-19
3.687319532821135e-19
3.686381845494551e-19
3.685445314307711e-19
3.684509939741547e-19
3.683575722276990e-19
3.682642662394974e-19
3.681710760576427e-19
3.680780017302283e-19
3.679850433053472e-19
3.678922008310926e-19
3.677994743555578e-19
3.677068639268357e-19
3.676143695930197e-19
3.675219914022027e-19
3.674297294024780e-19
3.673375836419388e-19
3.672455541686782e-19
3.671536410307892e-19
3.670618442763652e-19
3.669701639534992e-19
3.668786001102844e-19
3.667871527948138e-19
3.666958220551809e-19
3.666046079394785e-19
3.665135104958000e-19
3.664225297722384e-19
3.663316658168869e-19
3.662409186778386e-19
3.661502884031867e-19
3.660597750410245e-19
3.659693786394448e-19
3.658790992465410e-19
3.657889369104063e-19
3.656988916791337e-19
3.656089636008164e-19
3.655191527235476e-19
3.654294590954204e-19
3.653398827645279e-19
3.652504237789634e-19
3.651610821868199e-19
3.650718580361906e-19
3.649827513751688e-19
3.648937622518474e-19
3.648048907143197e-19
3.647161368106788e-19
3.646275005890179e-19
3.645389820974302e-19
3.644505813840087e-19
3.643622984968466e-19
3.642741334840371e-19
3.641860863936734e-19
3.640981572738486e-19
3.640103461726558e-19
3.639226531381881e-19
3.638350782185388e-19
3.637476214618010e-19
3.636602829160679e-19
3.635730626294325e-19
3.634859606499880e-19
3.633989770258277e-19
3.633121118050446e-19
3.632253650357319e-19
3.631387367659828e-19
3.630522270438904e-19
3.629658359175479e-19
3.628795634350483e-19
3.627934096444849e-19
3.627073745939508e-19
3.626214583315391e-19
3.625356609053431e-19
3.624499823634559e-19
3.623644227539705e-19
3.622789821249802e-19
3.621936605245782e-19
3.621084580008575e-19
3.620233746019113e-19
3.619384103758329e-19
3.618535653707152e-19
3.617688396346514e-19
3.616842332157349e-19
3.615997461620586e-19
3.615153785217157e-19
3.614311303427995e-19
3.613470016734030e-19
3.612629925616193e-19
3.611791030555416e-19
3.610953332032632e-19
3.610116830528771e-19
3.609281526524766e-19
3.608447420501546e-19
3.607614512940044e-19
3.606782804321192e-19
3.605952295125921e-19
3.605122985835162e-19
3.604294876929847e-19
3.603467968890908e-19
3.602642262199275e-19
3.601817757335882e-19
3.600994454781659e-19
3.600172355017537e-19
3.599351458524448e-19
3.598531765783324e-19
3.597713277275095e-19
3.596895993480695e-19
3.596079914881054e-19
3.595265041957103e-19
3.594451375189775e-19
3.593638915060000e-19
3.592827662048710e-19
3.592017616636837e-19
3.591208779305313e-19
3.590401150535068e-19
3.589594730807034e-19
3.588789520602144e-19
3.587985520401328e-19
3.587182730685517e-19
3.586381151935644e-19
3.585580784632640e-19
3.584781629257435e-19
3.583983686290963e-19
3.583186956214154e-19
3.582391439507941e-19
3.581597136653253e-19
3.580804048131024e-19
3.580012174422184e-19
3.579221516007665e-19
3.578432073368399e-19
3.577643846985317e-19
3.576856837339349e-19
3.576071044911430e-19
3.575286470182488e-19
3.574503113633457e-19
3.573720975745267e-19
3.572940056998851e-19
3.572160357875139e-19
3.571381878855063e-19
3.570604620419554e-19
3.569828583049545e-19
3.569053767225968e-19
3.568280173429751e-19
3.567507802141829e-19
3.566736653843132e-19
3.565966729014591e-19
3.565198028137139e-19
3.564430551691706e-19
3.563664300159225e-19
3.562899274020627e-19
3.562135473756843e-19
3.561372899848805e-19
3.560611552777444e-19
3.559851433023692e-19
3.559092541068481e-19
3.558334877392741e-19
3.557578442477405e-19
3.556823236803403e-19
3.556069260851668e-19
3.555316515103131e-19
3.554565000038723e-19
3.553814716139377e-19
3.553065663886023e-19
3.552317843759593e-19
3.551571256241019e-19
3.550825901811231e-19
3.550081780951163e-19
3.549338894141744e-19
3.548597241863906e-19
3.547856824598582e-19
3.547117642826702e-19
3.546379697029200e-19
3.545642987687004e-19
3.544907515281047e-19
3.544173280292261e-19
3.543440283201578e-19
3.542708524489928e-19
3.541978004638243e-19
3.541248724127456e-19
3.540520683438496e-19
3.539793883052296e-19
3.539068323449787e-19
3.538344005111902e-19
3.537620928519570e-19
3.536899094153724e-19
3.536178502495296e-19
3.535459154025217e-19
3.534741049224417e-19
3.534024188573831e-19
3.533308572554387e-19
3.532594201647018e-19
3.531881076332656e-19
3.531169197092231e-19
3.530458564406677e-19
3.529749178756923e-19
3.529041040623901e-19
3.528334150488544e-19
3.527628508831782e-19
3.526924116134547e-19
3.526220972877771e-19
3.525519079542384e-19
3.524818436609320e-19
3.524119044559509e-19
3.523420903873882e-19
3.522724015033372e-19
3.522028378518908e-19
3.521333994811425e-19
3.520640864391851e-19
3.519948987741121e-19
3.519258365340164e-19
3.518568997669911e-19
3.517880885211296e-19
3.517194028445250e-19
3.516508427852702e-19
3.515824083914586e-19
3.515140997111833e-19
3.514459167925375e-19
3.513778596836142e-19
3.513099284325066e-19
3.512421230873080e-19
3.511744436961113e-19
3.511068903070099e-19
3.510394629680968e-19
3.509721617274652e-19
3.509049866332082e-19
3.508379377334191e-19
3.507710150761909e-19
3.507042187096168e-19
3.506375486817899e-19
3.505710050408035e-19
3.505045878347506e-19
3.504382971117244e-19
3.503721329198180e-19
3.503060953071247e-19
3.502401843217375e-19
3.501744000117497e-19
3.501087424252543e-19
3.500432116103445e-19
3.499778076151135e-19
3.499125304876544e-19
3.498473802760604e-19
3.497823570284246e-19
3.497174607928402e-19
3.496526916174003e-19
3.495880495501981e-19
3.495235346393266e-19
3.494591469328792e-19
3.493948864789489e-19
3.493307533256289e-19
3.492667475210123e-19
3.492028691131923e-19
3.491391181502621e-19
3.490754946803147e-19
3.490119987514434e-19
3.489486304117413e-19
3.488853897093015e-19
3.488222766922171e-19
3.487592914085815e-19
3.486964339064876e-19
3.486337042340287e-19
3.485711024392979e-19
3.485086285703883e-19
3.484462826753932e-19
3.483840648024056e-19
3.483219749995187e-19
3.482600133148257e-19
3.481981797964196e-19
3.481364744923938e-19
3.480748974508412e-19
3.480134487198552e-19
3.479521283475287e-19
3.478909363819549e-19
3.478298728712272e-19
3.477689378634384e-19
3.477081314066820e-19
3.476474535490508e-19
3.475869043386382e-19
3.475264838235373e-19
3.474661920518413e-19
3.474060290716432e-19
3.473459949310362e-19
3.472860896781135e-19
3.472263133609682e-19
3.471666660276935e-19
3.471071477263826e-19
3.470477585051285e-19
3.469884984120245e-19
3.469293674951637e-19
3.468703658026392e-19
3.468114933825442e-19
3.467527502829718e-19
3.466941365520154e-19
3.466356522377678e-19
3.465772973883222e-19
3.465190720517720e-19
3.464609762762102e-19
3.464030101097299e-19
3.463451736004243e-19
3.462874667963866e-19
3.462298897457099e-19
3.461724424964873e-19
3.461151250968121e-19
3.460579375947774e-19
3.460008800384763e-19
3.459439524760019e-19
3.458871549554474e-19
3.458304875249060e-19
3.457739502324709e-19
3.457175431262350e-19
3.456612662542918e-19
3.456051196647342e-19
3.455491034056554e-19
3.454932175251487e-19
3.454374620713070e-19
3.453818370922236e-19
3.453263426359917e-19
3.452709787507044e-19
3.452157454844547e-19
3.451606428853360e-19
3.451056710014414e-19
3.450508298808638e-19
3.449961195716967e-19
3.449415401220331e-19
3.448870915799660e-19
3.448327739935888e-19
3.447785874109946e-19
3.447245318802765e-19
3.446706074495275e-19
3.446168141668411e-19
3.445631520803101e-19
3.445096212380279e-19
3.444562216880875e-19
3.444029534785822e-19
3.443498166576049e-19
3.442968112732491e-19
3.442439373736077e-19
3.441911950067738e-19
3.441385842208408e-19
3.440861050639017e-19
3.440337575840497e-19
3.439815418293778e-19
3.439294578479794e-19
3.438775056879475e-19
3.438256853973752e-19
3.437739970243558e-19
3.437224406169824e-19
3.436710162233481e-19
3.436197238915460e-19
3.435685636696694e-19
3.435175356058115e-19
3.434666397480652e-19
3.434158761445238e-19
3.433652448432805e-19
3.433147458924284e-19
3.432643793400606e-19
3.432141452342703e-19
3.431640436231507e-19
3.431140745547948e-19
3.430642380772959e-19
3.430145342387471e-19
3.429649630872416e-19
3.429155246708724e-19
3.428662190377329e-19
3.428170462359160e-19
3.427680063135150e-19
3.427190993186229e-19
3.426703252993332e-19
3.426216843037386e-19
3.425731763799326e-19
3.425248015760081e-19
3.424765599400584e-19
3.424284515201767e-19
3.423804763644560e-19
3.423326345209895e-19
3.422849260378704e-19
3.422373509631919e-19
3.421899093450470e-19
3.421426012315289e-19
3.420954266707309e-19
3.420483857107460e-19
3.420014783996674e-19
3.419547047855881e-19
3.419080649166015e-19
3.418615588408006e-19
3.418151866062786e-19
3.417689482611286e-19
3.417228438534439e-19
3.416768734313174e-19
3.416310370428425e-19
3.415853347361123e-19
3.415397665592198e-19
3.414943325602583e-19
3.414490327873209e-19
3.414038672885007e-19
3.413588361118910e-19
3.413139393055847e-19
3.412691769176752e-19
3.412245489962556e-19
3.411800555894190e-19
3.411356967452585e-19
3.410914725118674e-19
3.410473829373387e-19
3.410034280697656e-19
3.409596079572414e-19
3.409159226478590e-19
3.408723721897117e-19
3.408289566308926e-19
3.407856760194949e-19
3.407425304036117e-19
3.406995198313362e-19
3.406566443507616e-19
3.406139040099809e-19
3.405712988570873e-19
3.405288289401741e-19
3.404864943073343e-19
3.404442950066610e-19
3.404022310862475e-19
3.403603025941870e-19
3.403185095785724e-19
3.402768520874970e-19
3.402353301690540e-19
3.401939438713365e-19
3.401526932424375e-19
3.401115783304504e-19
3.400705991834684e-19
3.400297558495843e-19
3.399890483768915e-19
3.399484768134832e-19
3.399080412074524e-19
3.398677416068923e-19
3.398275780598960e-19
3.397875506145568e-19
3.397476593189678e-19
3.397079042212220e-19
3.396682853694127e-19
3.396288028116331e-19
3.395894565959762e-19
3.395502467705352e-19
3.395111733834033e-19
3.394722364826737e-19
3.394334361164393e-19
3.393947723327936e-19
3.393562451798295e-19
3.393178547056403e-19
3.392796009583190e-19
3.392414839859588e-19
3.392035038366530e-19
3.391656605584946e-19
3.391279541995767e-19
3.390903848079926e-19
3.390529524318354e-19
3.390156571191983e-19
3.389784989181743e-19
3.389414778768567e-19
3.389045940433386e-19
3.388678474657131e-19
3.388312381920734e-19
3.387947662705127e-19
3.387584317491241e-19
3.387222346760007e-19
3.386861750992358e-19
3.386502530669224e-19
3.386144686271537e-19
3.385788218280229e-19
3.385433127176231e-19
3.385079413440474e-19
3.384727077553891e-19
3.384376119997413e-19
3.384026541251971e-19
3.383678341798495e-19
3.383331522117920e-19
3.382986082691175e-19
3.382642023999193e-19
3.382299346522904e-19
3.381958050743241e-19
3.381618137141134e-19
3.381279606197516e-19
3.380942458393317e-19
3.380606694209470e-19
3.380272314126906e-19
3.379939318626556e-19
3.379607708189352e-19
3.379277483296225e-19
3.378948644428107e-19
3.378621192065930e-19
3.378295126690625e-19
3.377970448783123e-19
3.377647158824356e-19
3.377325257295256e-19
3.377004744676753e-19
3.376685621449781e-19
3.376367888095268e-19
3.376051545094149e-19
3.375736592927354e-19
3.375423032075815e-19
3.375110863020462e-19
3.374800086242228e-19
3.374490702222044e-19
3.374182711440842e-19
3.373876114379554e-19
3.373570911519109e-19
3.373267103340441e-19
3.372964690324481e-19
3.372663672952160e-19
3.372364051704409e-19
3.372065827062161e-19
3.371768999506347e-19
3.371473569517898e-19
3.371179537577746e-19
3.370886904166822e-19
3.370595669766058e-19
3.370305834856385e-19
3.370017399918735e-19
3.369730365434039e-19
3.369444731883230e-19
3.369160499747238e-19
3.368877669506995e-19
3.368596241643432e-19
3.368316216637481e-19
3.368037594970074e-19
3.367760377122141e-19
3.367484563574615e-19
3.367210154808427e-19
3.366937151304509e-19
3.366665553543792e-19
3.366395362007207e-19
3.366126577175687e-19
3.365859199530162e-19
3.365593229551563e-19
3.365328667720824e-19
3.365065514518875e-19
3.364803770426647e-19
3.364543435925073e-19
3.364284511495084e-19
3.364026997617610e-19
3.363770894773584e-19
3.363516203443938e-19
3.363262924109602e-19
3.363011057251508e-19
3.362760603350589e-19
3.362511562887774e-19
3.362263936343997e-19
3.362017724200187e-19
3.361772926937278e-19
3.361529545036200e-19
3.361287578977884e-19
3.361047029243264e-19
3.360807896313269e-19
3.360570180668831e-19
3.360333882790883e-19
3.360099003160355e-19
3.359865542258178e-19
3.359633500565285e-19
3.359402878562608e-19
3.359173676731076e-19
3.358945895551623e-19
3.358719535505180e-19
3.358494597072677e-19
3.358271080735047e-19
3.358048986973221e-19
3.357828316268131e-19
3.357609069100707e-19
3.357391245951883e-19
3.357174847302589e-19
3.356959873633756e-19
3.356746325426316e-19
3.356534203161201e-19
3.356323507319343e-19
3.356114238381672e-19
3.355906396829120e-19
3.355699983142619e-19
3.355494997803100e-19
3.355291441291495e-19
3.355089314088735e-19
3.354888616675753e-19
3.354689349533478e-19
3.354491513142843e-19
3.354295107984780e-19
3.354100134540220e-19
3.353906593290094e-19
3.353714484715334e-19
3.353523809296871e-19
3.353334567515637e-19
3.353146759852564e-19
3.352960386788583e-19
3.352775448804625e-19
3.352591946381622e-19
3.352409880000505e-19
3.352229250142207e-19
3.352050057287658e-19
3.351872301917791e-19
3.351695984513536e-19
3.351521105555825e-19
3.351347665525589e-19
3.351175664903761e-19
3.351005104171271e-19
3.350835983809052e-19
3.350668304298034e-19
3.350502066119149e-19
3.350337269753329e-19
3.350173915681505e-19
3.350012004384609e-19
3.349851536343573e-19
3.349692512039326e-19
3.349534931952803e-19
3.349378796564932e-19
3.349224106356648e-19
3.349070861808880e-19
3.348919063402561e-19
3.348768711618621e-19
3.348619806937993e-19
3.348472349841607e-19
3.348326340810396e-19
3.348181780325291e-19
3.348038668867223e-19
3.347897006917124e-19
3.347756794955926e-19
3.347618033464560e-19
3.347480722923957e-19
3.347344863815050e-19
3.347210456618768e-19
3.347077501816045e-19
3.346945999887811e-19
3.346815951314999e-19
3.346687356578539e-19
3.346560216159363e-19
3.346434530538402e-19
3.346310300196589e-19
3.346187525614855e-19
3.346066207274130e-19
3.345946345655347e-19
3.345827941239438e-19
3.345710994507333e-19
3.345595505939964e-19
3.345481476018263e-19
3.345368905223162e-19
3.345257794035591e-19
3.345148142936482e-19
3.345039952406767e-19
3.344933222927378e-19
3.344827954979245e-19
3.344724149043301e-19
3.344621805600476e-19
3.344520925131703e-19
3.344421508117913e-19
3.344323555040037e-19
3.344227066379007e-19
3.344132042615755e-19
3.344038484231211e-19
3.343946391706308e-19
3.343855765521977e-19
3.343766606159150e-19
3.343678914098757e-19
3.343592689821731e-19
3.343507933809003e-19
3.343424646541504e-19
3.343342828500167e-19
3.343262480165922e-19
3.343183602019702e-19
3.343106194542436e-19
3.343030258215059e-19
3.342955793518499e-19
3.342882800933690e-19
3.342811280941563e-19
3.342741234023048e-19
3.342672660659079e-19
3.342605561330586e-19
3.342539936518500e-19
3.342475786703754e-19
3.342413112367278e-19
3.342351913990005e-19
3.342292192052866e-19
3.342233947036792e-19
3.342177179422714e-19
3.342121889691565e-19
3.342068078324276e-19
3.342015745801778e-19
3.341964892605004e-19
3.341915519214883e-19
3.341867626112349e-19
3.341821213778331e-19
3.341776282693764e-19
3.341732833339576e-19
3.341690866196700e-19
3.341650381746068e-19
3.341611380468611e-19
3.341573862845260e-19
3.341537829356947e-19
3.341503280484604e-19
3.341470216709163e-19
3.341438638511553e-19
3.341408546372708e-19
3.341379940773558e-19
3.341352822195036e-19
3.341327191118072e-19
3.341303048023599e-19
3.341280393392547e-19
3.341259227705848e-19
3.341239551444434e-19
3.341221365089236e-19
3.341204669121186e-19
3.341189464021215e-19
3.341175750270255e-19
3.341163528349237e-19
3.341152798739094e-19
3.341143561920755e-19
3.341135818375153e-19
3.341129568583220e-19
3.341124813025886e-19
3.341121552184084e-19
3.341119786538745e-19
3.341119516570800e-19
3.341120742761181e-19
3.341123465590819e-19
3.341127685540647e-19
3.341133403091595e-19
3.341140618724595e-19
3.341149332920579e-19
3.341159546160477e-19
3.341171258925222e-19
3.341184471695745e-19
3.341199184952978e-19
3.341215399177851e-19
3.341233114851298e-19
3.341252332454248e-19
3.341273052467634e-19
3.341295275372387e-19
3.341319001649439e-19
3.341344231779721e-19
3.341370966244165e-19
3.341399205523702e-19
3.341428950099263e-19
3.341460200451781e-19
3.341492957062187e-19
3.341527220411412e-19
3.341562990980388e-19
3.341600269250045e-19
3.341639055701317e-19
3.341679350815134e-19
3.341721155072428e-19
3.341764468954131e-19
3.341809292941173e-19
3.341855627514486e-19
3.341903473155003e-19
3.341952830343654e-19
3.342003699561371e-19
3.342056081289085e-19
3.342109976007728e-19
3.342165384198232e-19
3.342222306341528e-19
3.342280742918547e-19
3.342340694410222e-19
3.342402161297482e-19
3.342465144061261e-19
3.342529643182490e-19
3.342595659142099e-19
3.342663192421021e-19
3.342732243500187e-19
3.342802812860529e-19
3.342874900982979e-19
3.342948508348466e-19
3.343023635437924e-19
3.343100282732284e-19
3.343178450712477e-19
3.343258139859434e-19
3.343339350654088e-19
3.343422083577369e-19
3.343506339110210e-19
3.343592117733542e-19
3.343679419928296e-19
3.343768246175403e-19
3.343858596955796e-19
3.343950472750407e-19
3.344043874040165e-19
3.344138801306003e-19
3.344235255028852e-19
3.344333235689645e-19
3.344432743769311e-19
3.344533779748784e-19
3.344636344108994e-19
3.344740437330874e-19
3.344846059895354e-19
3.344953212283365e-19
3.345061894975841e-19
3.345172108453711e-19
3.345283853197908e-19
3.345397129689363e-19
3.345511938409007e-19
3.345628279837772e-19
3.345746154456591e-19
3.345865562746393e-19
3.345986505188111e-19
3.346108982262676e-19
3.346232994451020e-19
3.346358542234074e-19
3.346485626092769e-19
3.346614246508038e-19
3.346744403960812e-19
3.346876098932022e-19
3.347009331902600e-19
3.347144103353476e-19
3.347280413765584e-19
3.347418263619854e-19
3.347557653397218e-19
3.347698583578607e-19
3.347841054644953e-19
3.347985067077188e-19
3.348130621356242e-19
3.348277717963047e-19
3.348426357378536e-19
3.348576540083639e-19
3.348728266559288e-19
3.348881537286414e-19
3.349036352745950e-19
3.349192713418825e-19
3.349350619785973e-19
3.349510072328325e-19
3.349671071526811e-19
3.349833617862364e-19
3.349997711815915e-19
3.350163353868396e-19
3.350330544500738e-19
3.350499284193872e-19
3.350669573428731e-19
3.350841412686245e-19
3.351014802447346e-19
3.351189743192966e-19
3.351366235404036e-19
3.351544279561488e-19
3.351723876146253e-19
3.351905025639263e-19
3.352087728521449e-19
3.352271985273743e-19
3.352457796377076e-19
3.352645162312380e-19
3.352834083560587e-19
3.353024560602627e-19
3.353216593919432e-19
3.353410183991935e-19
3.353605331301066e-19
3.353802036327756e-19
3.354000299552938e-19
3.354200121457543e-19
3.354401502522502e-19
3.354604443228747e-19
3.354808944057210e-19
3.355015005488822e-19
3.355222628004514e-19
3.355431812085219e-19
3.355642558211866e-19
3.355854866865389e-19
3.356068738526719e-19
3.356284173676786e-19
3.356501172796523e-19
3.356719736366861e-19
3.356939864868732e-19
3.357161558783067e-19
3.357384818590797e-19
3.357609644772855e-19
3.357836037810172e-19
3.358063998183678e-19
3.358293526374307e-19
3.358524622862988e-19
3.358757288130655e-19
3.358991522658237e-19
3.359227326926667e-19
3.359464701416877e-19
3.359703646609797e-19
3.359944162986360e-19
3.360186251027497e-19
3.360429911214138e-19
3.360675144027217e-19
3.360921949947664e-19
3.361170329456412e-19
3.361420283034390e-19
3.361671811162532e-19
3.361924914321767e-19
3.362179592993030e-19
3.362435847657249e-19
3.362693678795357e-19
3.362953086888286e-19
3.363214072416967e-19
3.363476635862331e-19
3.363740777705310e-19
3.364006498426836e-19
3.364273798507840e-19
3.364542678429254e-19
3.364813138672008e-19
3.365085179717036e-19
3.365358802045267e-19
3.365634006137635e-19
3.365910792475069e-19
3.366189161538502e-19
3.366469113808865e-19
3.366750649767090e-19
3.367033769894109e-19
3.367318474670852e-19
3.367604764578250e-19
3.367892640097237e-19
3.368182101708744e-19
3.368473149893701e-19
3.368765785133040e-19
3.369060007907694e-19
3.369355818698592e-19
3.369653217986668e-19
3.369952206252852e-19
3.370252783978075e-19
3.370554951643270e-19
3.370858709729369e-19
3.371164058717301e-19
3.371470999088000e-19
3.371779531322395e-19
3.372089655901421e-19
3.372401373306006e-19
3.372714684017084e-19
3.373029588515585e-19
3.373346087282441e-19
3.373664180798584e-19
3.373983869544945e-19
3.374305154002455e-19
3.374628034652046e-19
3.374952511974651e-19
3.375278586451199e-19
3.375606258562623e-19
3.375935528789854e-19
3.376266397613824e-19
3.376598865515464e-19
3.376932932975706e-19
3.377268600475480e-19
3.377605868495720e-19
3.377944737517356e-19
3.378285208021320e-19
3.378627280488543e-19
3.378970955399957e-19
3.379316233236494e-19
3.379663114479084e-19
3.380011599608659e-19
3.380361689106152e-19
3.380713383452493e-19
3.381066683128613e-19
3.381421588615445e-19
3.381778100393920e-19
3.382136218944969e-19
3.382495944749525e-19
3.382857278288518e-19
3.383220220042880e-19
3.383584770493542e-19
3.383950930121436e-19
3.384318699407495e-19
3.384688078832648e-19
3.385059068877828e-19
3.385431670023965e-19
3.385805882751993e-19
3.386181707542841e-19
3.386559144877442e-19
3.386938195236727e-19
3.387318859101628e-19
3.387701136953076e-19
3.388085029272003e-19
3.388470536539340e-19
3.388857659236019e-19
3.389246397842971e-19
3.389636752841128e-19
3.390028724711421e-19
3.390422313934782e-19
3.390817520992142e-19
3.391214346364433e-19
3.391612790532586e-19
3.392012853977533e-19
3.392414537180206e-19
3.392817840621535e-19
3.393222764782453e-19
3.393629310143891e-19
3.394037477186780e-19
3.394447266392052e-19
3.394858678240639e-19
3.395271713213471e-19
3.395686371791481e-19
3.396102654455600e-19
3.396520561686760e-19
3.396940093965891e-19
3.397361251773926e-19
3.397784035591797e-19
3.398208445900434e-19
3.398634483180768e-19
3.399062147913733e-19
3.399491440580258e-19
3.399922361661277e-19
3.400354911637719e-19
3.400789090990517e-19
3.401224900200602e-19
3.401662339748906e-19
3.402101410116361e-19
3.402542111783897e-19
3.402984445232446e-19
3.403428410942940e-19
3.403874009396310e-19
3.404321241073488e-19
3.404770106455405e-19
3.405220606022994e-19
3.405672740257184e-19
3.406126509638909e-19
3.406581914649099e-19
3.407038955768685e-19
3.407497633478600e-19
3.407957948259775e-19
3.408419900593141e-19
3.408883490959631e-19
3.409348719840175e-19
3.409815587715705e-19
3.410284095067152e-19
3.410754242375448e-19
3.411226030121525e-19
3.411699458786314e-19
3.412174528850746e-19
3.412651240795754e-19
3.413129595102268e-19
3.413609592251220e-19
3.414091232723542e-19
3.414574517000165e-19
3.415059445562021e-19
3.415546018890040e-19
3.416034237465156e-19
3.416524101768298e-19
3.417015612280400e-19
3.417508769482391e-19
3.418003573855205e-19
3.418500025879772e-19
3.418998126037023e-19
3.419497874807890e-19
3.419999272673306e-19
3.420502320114200e-19
3.421007017611506e-19
3.421513365646154e-19
3.422021364699076e-19
3.422531015251203e-19
3.423042317783467e-19
3.423555272776800e-19
3.424069880712132e-19
3.424586142070396e-19
3.425104057332523e-19
3.425623626979444e-19
3.426144851492091e-19
3.426667731351396e-19
3.427192267038290e-19
3.427718459033704e-19
3.428246307818570e-19
3.428775813873821e-19
3.429306977680386e-19
3.429839799719197e-19
3.430374280471187e-19
3.430910420417286e-19
3.431448220038427e-19
3.431987679815540e-19
3.432528800229557e-19
3.433071581761410e-19
3.433616024892031e-19
3.434162130102349e-19
3.434709897873298e-19
3.435259328685810e-19
3.435810423020814e-19
3.436363181359242e-19
3.436917604182028e-19
3.437473691970101e-19
3.438031445204393e-19
3.438590864365836e-19
3.439151949935362e-19
3.439714702393901e-19
3.440279122222386e-19
3.440845209901748e-19
3.441412965912918e-19
3.441982390736828e-19
3.442553484854409e-19
3.443126248746594e-19
3.443700682894313e-19
3.444276787778498e-19
3.444854563880080e-19
3.445434011679992e-19
3.446015131659164e-19
3.446597924298528e-19
3.447182390079016e-19
3.447768529481559e-19
3.448356342987088e-19
3.448945831076535e-19
3.449536994230832e-19
3.450129832930910e-19
3.450724347657701e-19
3.451320538892136e-19
3.451918407115147e-19
3.452517952807664e-19
3.453119176450621e-19
3.453722078524948e-19
3.454326659511577e-19
3.454932919891439e-19
3.455540860145466e-19
3.456150480754588e-19
3.456761782199739e-19
3.457374764961850e-19
3.457989429521850e-19
3.458605776360674e-19
3.459223805959251e-19
3.459843518798514e-19
3.460464915359393e-19
3.461087996122821e-19
3.461712761569729e-19
3.462339212181049e-19
3.462967348437711e-19
3.463597170820648e-19
3.464228679810791e-19
3.464861875889070e-19
3.465496759536420e-19
3.466133331233770e-19
3.466771591462052e-19
3.467411540702197e-19
3.468053179435137e-19
3.468696508141805e-19
3.469341527303130e-19
3.469988237400045e-19
3.470636638913481e-19
3.471286732324370e-19
3.471938518113643e-19
3.472591996762232e-19
3.473247168751068e-19
3.473904034561082e-19
3.474562594673207e-19
3.475222849568374e-19
3.475884799727514e-19
3.476548445631558e-19
3.477213787761439e-19
3.477880826598088e-19
3.478549562622436e-19
3.479219996315415e-19
3.479892128157957e-19
3.480565958630992e-19
3.481241488215452e-19
)
;

boundaryField
{
    inlet
    {
        type            fixedValue;
        value           uniform 0;
    }
    outlet
    {
        type            zeroGradient;
    }
    wall
    {
        type            empty;
    }
}


// ************************************************************************* //
