/*--------------------------------*- C++ -*----------------------------------*\
  =========                 |
  \\      /  F ield         | OpenFOAM: The Open Source CFD Toolbox
   \\    /   O peration     | Website:  https://openfoam.org
    \\  /    A nd           | Version:  7
     \\/     M anipulation  |
\*---------------------------------------------------------------------------*/
FoamFile
{
    version     2.0;
    format      ascii;
    class       volScalarField;
    location    "1";
    object       O2;
}
// * * * * * * * * * * * * * * * * * * * * * * * * * * * * * * * * * * * * * //

dimensions      [0 0 0 0 0 0 0];

internalField   nonuniform List<scalar>
4335
(
2.200604516335296e-01
2.200604516405984e-01
2.200604516476183e-01
2.200604516545895e-01
2.200604516615120e-01
2.200604516683859e-01
2.200604516752115e-01
2.200604516819887e-01
2.200604516887177e-01
2.200604516953987e-01
2.200604517020316e-01
2.200604517086167e-01
2.200604517151541e-01
2.200604517216438e-01
2.200604517280859e-01
2.200604517344807e-01
2.200604517408282e-01
2.200604517471284e-01
2.200604517533816e-01
2.200604517595878e-01
2.200604517657472e-01
2.200604517718598e-01
2.200604517779258e-01
2.200604517839453e-01
2.200604517899184e-01
2.200604517958452e-01
2.200604518017258e-01
2.200604518075603e-01
2.200604518133489e-01
2.200604518190916e-01
2.200604518247887e-01
2.200604518304401e-01
2.200604518360460e-01
2.200604518416065e-01
2.200604518471217e-01
2.200604518525918e-01
2.200604518580168e-01
2.200604518633968e-01
2.200604518687320e-01
2.200604518740226e-01
2.200604518792685e-01
2.200604518844699e-01
2.200604518896269e-01
2.200604518947397e-01
2.200604518998083e-01
2.200604519048329e-01
2.200604519098135e-01
2.200604519147503e-01
2.200604519196434e-01
2.200604519244930e-01
2.200604519292990e-01
2.200604519340617e-01
2.200604519387811e-01
2.200604519434574e-01
2.200604519480906e-01
2.200604519526809e-01
2.200604519572284e-01
2.200604519617333e-01
2.200604519661955e-01
2.200604519706153e-01
2.200604519749927e-01
2.200604519793279e-01
2.200604519836209e-01
2.200604519878719e-01
2.200604519920810e-01
2.200604519962483e-01
2.200604520003740e-01
2.200604520044580e-01
2.200604520085006e-01
2.200604520125019e-01
2.200604520164619e-01
2.200604520203808e-01
2.200604520242587e-01
2.200604520280957e-01
2.200604520318920e-01
2.200604520356475e-01
2.200604520393625e-01
2.200604520430370e-01
2.200604520466712e-01
2.200604520502652e-01
2.200604520538191e-01
2.200604520573330e-01
2.200604520608070e-01
2.200604520642412e-01
2.200604520676358e-01
2.200604520709908e-01
2.200604520743064e-01
2.200604520775827e-01
2.200604520808198e-01
2.200604520840177e-01
2.200604520871767e-01
2.200604520902968e-01
2.200604520933782e-01
2.200604520964209e-01
2.200604520994250e-01
2.200604521023908e-01
2.200604521053182e-01
2.200604521082074e-01
2.200604521110586e-01
2.200604521138718e-01
2.200604521166471e-01
2.200604521193847e-01
2.200604521220846e-01
2.200604521247470e-01
2.200604521273720e-01
2.200604521299597e-01
2.200604521325102e-01
2.200604521350236e-01
2.200604521375001e-01
2.200604521399398e-01
2.200604521423427e-01
2.200604521447089e-01
2.200604521470387e-01
2.200604521493320e-01
2.200604521515891e-01
2.200604521538100e-01
2.200604521559949e-01
2.200604521581437e-01
2.200604521602568e-01
2.200604521623341e-01
2.200604521643758e-01
2.200604521663821e-01
2.200604521683529e-01
2.200604521702884e-01
2.200604521721888e-01
2.200604521740542e-01
2.200604521758846e-01
2.200604521776801e-01
2.200604521794410e-01
2.200604521811673e-01
2.200604521828591e-01
2.200604521845164e-01
2.200604521861396e-01
2.200604521877286e-01
2.200604521892835e-01
2.200604521908046e-01
2.200604521922918e-01
2.200604521937453e-01
2.200604521951652e-01
2.200604521965516e-01
2.200604521979047e-01
2.200604521992245e-01
2.200604522005112e-01
2.200604522017649e-01
2.200604522029856e-01
2.200604522041736e-01
2.200604522053288e-01
2.200604522064515e-01
2.200604522075417e-01
2.200604522085996e-01
2.200604522096252e-01
2.200604522106187e-01
2.200604522115802e-01
2.200604522125097e-01
2.200604522134075e-01
2.200604522142736e-01
2.200604522151082e-01
2.200604522159113e-01
2.200604522166830e-01
2.200604522174235e-01
2.200604522181329e-01
2.200604522188113e-01
2.200604522194589e-01
2.200604522200756e-01
2.200604522206617e-01
2.200604522212172e-01
2.200604522217423e-01
2.200604522222370e-01
2.200604522227015e-01
2.200604522231359e-01
2.200604522235404e-01
2.200604522239149e-01
2.200604522242597e-01
2.200604522245748e-01
2.200604522248604e-01
2.200604522251166e-01
2.200604522253434e-01
2.200604522255411e-01
2.200604522257096e-01
2.200604522258492e-01
2.200604522259599e-01
2.200604522260418e-01
2.200604522260951e-01
2.200604522261199e-01
2.200604522261162e-01
2.200604522260843e-01
2.200604522260241e-01
2.200604522259359e-01
2.200604522258197e-01
2.200604522256757e-01
2.200604522255039e-01
2.200604522253044e-01
2.200604522250775e-01
2.200604522248231e-01
2.200604522245415e-01
2.200604522242327e-01
2.200604522238968e-01
2.200604522235339e-01
2.200604522231442e-01
2.200604522227278e-01
2.200604522222848e-01
2.200604522218152e-01
2.200604522213193e-01
2.200604522207970e-01
2.200604522202486e-01
2.200604522196742e-01
2.200604522190737e-01
2.200604522184475e-01
2.200604522177956e-01
2.200604522171180e-01
2.200604522164150e-01
2.200604522156865e-01
2.200604522149328e-01
2.200604522141539e-01
2.200604522133500e-01
2.200604522125212e-01
2.200604522116675e-01
2.200604522107891e-01
2.200604522098862e-01
2.200604522089587e-01
2.200604522080069e-01
2.200604522070308e-01
2.200604522060306e-01
2.200604522050063e-01
2.200604522039581e-01
2.200604522028861e-01
2.200604522017904e-01
2.200604522006712e-01
2.200604521995284e-01
2.200604521983623e-01
2.200604521971730e-01
2.200604521959605e-01
2.200604521947249e-01
2.200604521934665e-01
2.200604521921853e-01
2.200604521908814e-01
2.200604521895549e-01
2.200604521882060e-01
2.200604521868347e-01
2.200604521854412e-01
2.200604521840256e-01
2.200604521825879e-01
2.200604521811284e-01
2.200604521796470e-01
2.200604521781440e-01
2.200604521766195e-01
2.200604521750734e-01
2.200604521735061e-01
2.200604521719175e-01
2.200604521703078e-01
2.200604521686771e-01
2.200604521670255e-01
2.200604521653532e-01
2.200604521636602e-01
2.200604521619466e-01
2.200604521602127e-01
2.200604521584583e-01
2.200604521566838e-01
2.200604521548892e-01
2.200604521530746e-01
2.200604521512401e-01
2.200604521493858e-01
2.200604521475119e-01
2.200604521456185e-01
2.200604521437056e-01
2.200604521417734e-01
2.200604521398221e-01
2.200604521378516e-01
2.200604521358621e-01
2.200604521338538e-01
2.200604521318268e-01
2.200604521297811e-01
2.200604521277169e-01
2.200604521256342e-01
2.200604521235333e-01
2.200604521214142e-01
2.200604521192770e-01
2.200604521171218e-01
2.200604521149488e-01
2.200604521127581e-01
2.200604521105497e-01
2.200604521083238e-01
2.200604521060805e-01
2.200604521038199e-01
2.200604521015422e-01
2.200604520992474e-01
2.200604520969356e-01
2.200604520946070e-01
2.200604520922616e-01
2.200604520898997e-01
2.200604520875212e-01
2.200604520851264e-01
2.200604520827152e-01
2.200604520802879e-01
2.200604520778446e-01
2.200604520753853e-01
2.200604520729102e-01
2.200604520704194e-01
2.200604520679129e-01
2.200604520653910e-01
2.200604520628537e-01
2.200604520603012e-01
2.200604520577334e-01
2.200604520551507e-01
2.200604520525530e-01
2.200604520499405e-01
2.200604520473133e-01
2.200604520446715e-01
2.200604520420152e-01
2.200604520393446e-01
2.200604520366597e-01
2.200604520339606e-01
2.200604520312476e-01
2.200604520285206e-01
2.200604520257798e-01
2.200604520230253e-01
2.200604520202573e-01
2.200604520174757e-01
2.200604520146808e-01
2.200604520118727e-01
2.200604520090515e-01
2.200604520062172e-01
2.200604520033700e-01
2.200604520005100e-01
2.200604519976374e-01
2.200604519947522e-01
2.200604519918545e-01
2.200604519889445e-01
2.200604519860222e-01
2.200604519830879e-01
2.200604519801415e-01
2.200604519771832e-01
2.200604519742132e-01
2.200604519712315e-01
2.200604519682382e-01
2.200604519652335e-01
2.200604519622174e-01
2.200604519591902e-01
2.200604519561518e-01
2.200604519531024e-01
2.200604519500422e-01
2.200604519469712e-01
2.200604519438895e-01
2.200604519407973e-01
2.200604519376946e-01
2.200604519345817e-01
2.200604519314585e-01
2.200604519283252e-01
2.200604519251819e-01
2.200604519220288e-01
2.200604519188659e-01
2.200604519156934e-01
2.200604519125113e-01
2.200604519093199e-01
2.200604519061191e-01
2.200604519029091e-01
2.200604518996900e-01
2.200604518964620e-01
2.200604518932251e-01
2.200604518899794e-01
2.200604518867252e-01
2.200604518834624e-01
2.200604518801912e-01
2.200604518769117e-01
2.200604518736240e-01
2.200604518703282e-01
2.200604518670245e-01
2.200604518637130e-01
2.200604518603936e-01
2.200604518570667e-01
2.200604518537323e-01
2.200604518503905e-01
2.200604518470414e-01
2.200604518436851e-01
2.200604518403217e-01
2.200604518369514e-01
2.200604518335743e-01
2.200604518301905e-01
2.200604518268000e-01
2.200604518234031e-01
2.200604518199997e-01
2.200604518165901e-01
2.200604518131744e-01
2.200604518097525e-01
2.200604518063248e-01
2.200604518028912e-01
2.200604517994519e-01
2.200604517960070e-01
2.200604517925566e-01
2.200604517891009e-01
2.200604517856399e-01
2.200604517821737e-01
2.200604517787025e-01
2.200604517752264e-01
2.200604517717455e-01
2.200604517682598e-01
2.200604517647696e-01
2.200604517612749e-01
2.200604517577759e-01
2.200604517542726e-01
2.200604517507651e-01
2.200604517472537e-01
2.200604517437383e-01
2.200604517402191e-01
2.200604517366963e-01
2.200604517331698e-01
2.200604517296399e-01
2.200604517261067e-01
2.200604517225702e-01
2.200604517190306e-01
2.200604517154879e-01
2.200604517119424e-01
2.200604517083941e-01
2.200604517048431e-01
2.200604517012896e-01
2.200604516977336e-01
2.200604516941752e-01
2.200604516906146e-01
2.200604516870520e-01
2.200604516834873e-01
2.200604516799207e-01
2.200604516763524e-01
2.200604516727823e-01
2.200604516692108e-01
2.200604516656378e-01
2.200604516620634e-01
2.200604516584879e-01
2.200604516549112e-01
2.200604516513336e-01
2.200604516477551e-01
2.200604516441758e-01
2.200604516405959e-01
2.200604516370154e-01
2.200604516334345e-01
2.200604516298533e-01
2.200604516262719e-01
2.200604516226904e-01
2.200604516191089e-01
2.200604516155275e-01
2.200604516119464e-01
2.200604516083657e-01
2.200604516047854e-01
2.200604516012057e-01
2.200604515976267e-01
2.200604515940486e-01
2.200604515904713e-01
2.200604515868951e-01
2.200604515833200e-01
2.200604515797462e-01
2.200604515761737e-01
2.200604515726027e-01
2.200604515690334e-01
2.200604515654657e-01
2.200604515618999e-01
2.200604515583360e-01
2.200604515547741e-01
2.200604515512144e-01
2.200604515476570e-01
2.200604515441019e-01
2.200604515405493e-01
2.200604515369994e-01
2.200604515334522e-01
2.200604515299078e-01
2.200604515263663e-01
2.200604515228279e-01
2.200604515192927e-01
2.200604515157608e-01
2.200604515122322e-01
2.200604515087071e-01
2.200604515051857e-01
2.200604515016681e-01
2.200604514981542e-01
2.200604514946443e-01
2.200604514911385e-01
2.200604514876368e-01
2.200604514841395e-01
2.200604514806466e-01
2.200604514771581e-01
2.200604514736743e-01
2.200604514701953e-01
2.200604514667211e-01
2.200604514632519e-01
2.200604514597878e-01
2.200604514563288e-01
2.200604514528751e-01
2.200604514494269e-01
2.200604514459842e-01
2.200604514425472e-01
2.200604514391159e-01
2.200604514356904e-01
2.200604514322710e-01
2.200604514288576e-01
2.200604514254505e-01
2.200604514220497e-01
2.200604514186552e-01
2.200604514152674e-01
2.200604514118862e-01
2.200604514085117e-01
2.200604514051442e-01
2.200604514017836e-01
2.200604513984301e-01
2.200604513950839e-01
2.200604513917450e-01
2.200604513884135e-01
2.200604513850896e-01
2.200604513817733e-01
2.200604513784648e-01
2.200604513751642e-01
2.200604513718716e-01
2.200604513685872e-01
2.200604513653109e-01
2.200604513620430e-01
2.200604513587835e-01
2.200604513555327e-01
2.200604513522905e-01
2.200604513490571e-01
2.200604513458325e-01
2.200604513426170e-01
2.200604513394107e-01
2.200604513362135e-01
2.200604513330257e-01
2.200604513298474e-01
2.200604513266787e-01
2.200604513235196e-01
2.200604513203704e-01
2.200604513172311e-01
2.200604513141017e-01
2.200604513109826e-01
2.200604513078737e-01
2.200604513047751e-01
2.200604513016870e-01
2.200604512986095e-01
2.200604512955428e-01
2.200604512924868e-01
2.200604512894417e-01
2.200604512864077e-01
2.200604512833849e-01
2.200604512803733e-01
2.200604512773731e-01
2.200604512743843e-01
2.200604512714072e-01
2.200604512684418e-01
2.200604512654882e-01
2.200604512625466e-01
2.200604512596170e-01
2.200604512566995e-01
2.200604512537944e-01
2.200604512509016e-01
2.200604512480213e-01
2.200604512451536e-01
2.200604512422987e-01
2.200604512394566e-01
2.200604512366274e-01
2.200604512338113e-01
2.200604512310084e-01
2.200604512282188e-01
2.200604512254426e-01
2.200604512226798e-01
2.200604512199307e-01
2.200604512171954e-01
2.200604512144739e-01
2.200604512117663e-01
2.200604512090728e-01
2.200604512063936e-01
2.200604512037286e-01
2.200604512010780e-01
2.200604511984419e-01
2.200604511958205e-01
2.200604511932138e-01
2.200604511906220e-01
2.200604511880452e-01
2.200604511854834e-01
2.200604511829369e-01
2.200604511804056e-01
2.200604511778898e-01
2.200604511753895e-01
2.200604511729048e-01
2.200604511704359e-01
2.200604511679829e-01
2.200604511655459e-01
2.200604511631250e-01
2.200604511607203e-01
2.200604511583319e-01
2.200604511559599e-01
2.200604511536045e-01
2.200604511512657e-01
2.200604511489437e-01
2.200604511466386e-01
2.200604511443505e-01
2.200604511420795e-01
2.200604511398257e-01
2.200604511375893e-01
2.200604511353703e-01
2.200604511331688e-01
2.200604511309851e-01
2.200604511288191e-01
2.200604511266710e-01
2.200604511245409e-01
2.200604511224289e-01
2.200604511203352e-01
2.200604511182598e-01
2.200604511162029e-01
2.200604511141645e-01
2.200604511121449e-01
2.200604511101440e-01
2.200604511081620e-01
2.200604511061990e-01
2.200604511042552e-01
2.200604511023307e-01
2.200604511004254e-01
2.200604510985397e-01
2.200604510966735e-01
2.200604510948270e-01
2.200604510930004e-01
2.200604510911936e-01
2.200604510894069e-01
2.200604510876403e-01
2.200604510858940e-01
2.200604510841681e-01
2.200604510824626e-01
2.200604510807777e-01
2.200604510791135e-01
2.200604510774702e-01
2.200604510758478e-01
2.200604510742464e-01
2.200604510726662e-01
2.200604510711072e-01
2.200604510695696e-01
2.200604510680536e-01
2.200604510665591e-01
2.200604510650863e-01
2.200604510636354e-01
2.200604510622064e-01
2.200604510607995e-01
2.200604510594147e-01
2.200604510580522e-01
2.200604510567121e-01
2.200604510553945e-01
2.200604510540995e-01
2.200604510528273e-01
2.200604510515779e-01
2.200604510503515e-01
2.200604510491481e-01
2.200604510479679e-01
2.200604510468110e-01
2.200604510456775e-01
2.200604510445675e-01
2.200604510434811e-01
2.200604510424185e-01
2.200604510413797e-01
2.200604510403649e-01
2.200604510393742e-01
2.200604510384077e-01
2.200604510374654e-01
2.200604510365476e-01
2.200604510356543e-01
2.200604510347857e-01
2.200604510339418e-01
2.200604510331227e-01
2.200604510323287e-01
2.200604510315597e-01
2.200604510308160e-01
2.200604510300975e-01
2.200604510294045e-01
2.200604510287370e-01
2.200604510280952e-01
2.200604510274791e-01
2.200604510268890e-01
2.200604510263247e-01
2.200604510257866e-01
2.200604510252748e-01
2.200604510247892e-01
2.200604510243301e-01
2.200604510238975e-01
2.200604510234916e-01
2.200604510231125e-01
2.200604510227603e-01
2.200604510224350e-01
2.200604510221369e-01
2.200604510218660e-01
2.200604510216224e-01
2.200604510214063e-01
2.200604510212178e-01
2.200604510210569e-01
2.200604510209238e-01
2.200604510208186e-01
2.200604510207415e-01
2.200604510206924e-01
2.200604510206716e-01
2.200604510206792e-01
2.200604510207152e-01
2.200604510207798e-01
2.200604510208730e-01
2.200604510209951e-01
2.200604510211460e-01
2.200604510213260e-01
2.200604510215352e-01
2.200604510217736e-01
2.200604510220413e-01
2.200604510223385e-01
2.200604510226654e-01
2.200604510230219e-01
2.200604510234082e-01
2.200604510238244e-01
2.200604510242707e-01
2.200604510247471e-01
2.200604510252538e-01
2.200604510257909e-01
2.200604510263584e-01
2.200604510269566e-01
2.200604510275854e-01
2.200604510282451e-01
2.200604510289357e-01
2.200604510296574e-01
2.200604510304102e-01
2.200604510311943e-01
2.200604510320097e-01
2.200604510328567e-01
2.200604510337353e-01
2.200604510346456e-01
2.200604510355877e-01
2.200604510365618e-01
2.200604510375680e-01
2.200604510386063e-01
2.200604510396769e-01
2.200604510407799e-01
2.200604510419154e-01
2.200604510430835e-01
2.200604510442844e-01
2.200604510455181e-01
2.200604510467848e-01
2.200604510480845e-01
2.200604510494174e-01
2.200604510507836e-01
2.200604510521833e-01
2.200604510536164e-01
2.200604510550832e-01
2.200604510565837e-01
2.200604510581181e-01
2.200604510596865e-01
2.200604510612889e-01
2.200604510629255e-01
2.200604510645965e-01
2.200604510663018e-01
2.200604510680417e-01
2.200604510698163e-01
2.200604510716256e-01
2.200604510734697e-01
2.200604510753489e-01
2.200604510772631e-01
2.200604510792125e-01
2.200604510811973e-01
2.200604510832175e-01
2.200604510852733e-01
2.200604510873646e-01
2.200604510894918e-01
2.200604510916548e-01
2.200604510938539e-01
2.200604510960890e-01
2.200604510983604e-01
2.200604511006681e-01
2.200604511030123e-01
2.200604511053929e-01
2.200604511078103e-01
2.200604511102645e-01
2.200604511127555e-01
2.200604511152835e-01
2.200604511178487e-01
2.200604511204511e-01
2.200604511230908e-01
2.200604511257680e-01
2.200604511284828e-01
2.200604511312352e-01
2.200604511340254e-01
2.200604511368536e-01
2.200604511397197e-01
2.200604511426240e-01
2.200604511455665e-01
2.200604511485474e-01
2.200604511515667e-01
2.200604511546247e-01
2.200604511577213e-01
2.200604511608567e-01
2.200604511640310e-01
2.200604511672444e-01
2.200604511704969e-01
2.200604511737887e-01
2.200604511771198e-01
2.200604511804904e-01
2.200604511839006e-01
2.200604511873505e-01
2.200604511908402e-01
2.200604511943698e-01
2.200604511979395e-01
2.200604512015494e-01
2.200604512051995e-01
2.200604512088899e-01
2.200604512126209e-01
2.200604512163924e-01
2.200604512202047e-01
2.200604512240578e-01
2.200604512279519e-01
2.200604512318870e-01
2.200604512358633e-01
2.200604512398808e-01
2.200604512439398e-01
2.200604512480402e-01
2.200604512521823e-01
2.200604512563660e-01
2.200604512605916e-01
2.200604512648592e-01
2.200604512691688e-01
2.200604512735207e-01
2.200604512779148e-01
2.200604512823513e-01
2.200604512868303e-01
2.200604512913519e-01
2.200604512959163e-01
2.200604513005235e-01
2.200604513051737e-01
2.200604513098670e-01
2.200604513146034e-01
2.200604513193832e-01
2.200604513242063e-01
2.200604513290730e-01
2.200604513339834e-01
2.200604513389375e-01
2.200604513439354e-01
2.200604513489773e-01
2.200604513540633e-01
2.200604513591935e-01
2.200604513643681e-01
2.200604513695870e-01
2.200604513748505e-01
2.200604513801586e-01
2.200604513855115e-01
2.200604513909093e-01
2.200604513963520e-01
2.200604514018399e-01
2.200604514073729e-01
2.200604514129513e-01
2.200604514185751e-01
2.200604514242445e-01
2.200604514299595e-01
2.200604514357203e-01
2.200604514415270e-01
2.200604514473797e-01
2.200604514532785e-01
2.200604514592235e-01
2.200604514652149e-01
2.200604514712527e-01
2.200604514773371e-01
2.200604514834681e-01
2.200604514896459e-01
2.200604514958707e-01
2.200604515021424e-01
2.200604515084612e-01
2.200604515148273e-01
2.200604515212408e-01
2.200604515277017e-01
2.200604515342101e-01
2.200604515407663e-01
2.200604515473703e-01
2.200604515540221e-01
2.200604515607220e-01
2.200604515674700e-01
2.200604515742663e-01
2.200604515811109e-01
2.200604515880034e-01
2.200604515949420e-01
2.200604516019249e-01
2.200604516089501e-01
2.200604516160156e-01
2.200604516231196e-01
2.200604516302601e-01
2.200604516374353e-01
2.200604516446431e-01
2.200604516518817e-01
2.200604516591491e-01
2.200604516664435e-01
2.200604516737628e-01
2.200604516811053e-01
2.200604516884689e-01
2.200604516958517e-01
2.200604517032518e-01
2.200604517106673e-01
2.200604517180963e-01
2.200604517255368e-01
2.200604517329869e-01
2.200604517404448e-01
2.200604517479084e-01
2.200604517553759e-01
2.200604517628452e-01
2.200604517703147e-01
2.200604517777822e-01
2.200604517852458e-01
2.200604517927037e-01
2.200604518001540e-01
2.200604518075946e-01
2.200604518150237e-01
2.200604518224394e-01
2.200604518298397e-01
2.200604518372226e-01
2.200604518445864e-01
2.200604518519291e-01
2.200604518592487e-01
2.200604518665433e-01
2.200604518738110e-01
2.200604518810499e-01
2.200604518882581e-01
2.200604518954336e-01
2.200604519025745e-01
2.200604519096789e-01
2.200604519167448e-01
2.200604519237704e-01
2.200604519307537e-01
2.200604519376928e-01
2.200604519445858e-01
2.200604519514308e-01
2.200604519582257e-01
2.200604519649688e-01
2.200604519716581e-01
2.200604519782917e-01
2.200604519848676e-01
2.200604519913839e-01
2.200604519978387e-01
2.200604520042301e-01
2.200604520105561e-01
2.200604520168149e-01
2.200604520230045e-01
2.200604520291230e-01
2.200604520351684e-01
2.200604520411389e-01
2.200604520470326e-01
2.200604520528474e-01
2.200604520585815e-01
2.200604520642329e-01
2.200604520697998e-01
2.200604520752802e-01
2.200604520806722e-01
2.200604520859739e-01
2.200604520911832e-01
2.200604520962985e-01
2.200604521013176e-01
2.200604521062387e-01
2.200604521110598e-01
2.200604521157792e-01
2.200604521203947e-01
2.200604521249044e-01
2.200604521293066e-01
2.200604521335992e-01
2.200604521377803e-01
2.200604521418481e-01
2.200604521458005e-01
2.200604521496357e-01
2.200604521533517e-01
2.200604521569466e-01
2.200604521604185e-01
2.200604521637655e-01
2.200604521669856e-01
2.200604521700769e-01
2.200604521730375e-01
2.200604521758656e-01
2.200604521785591e-01
2.200604521811161e-01
2.200604521835347e-01
2.200604521858130e-01
2.200604521879491e-01
2.200604521899411e-01
2.200604521917869e-01
2.200604521934848e-01
2.200604521950327e-01
2.200604521964288e-01
2.200604521976711e-01
2.200604521987578e-01
2.200604521996868e-01
2.200604522004563e-01
2.200604522010644e-01
2.200604522015090e-01
2.200604522017884e-01
2.200604522019006e-01
2.200604522018436e-01
2.200604522016155e-01
2.200604522012145e-01
2.200604522006386e-01
2.200604521998858e-01
2.200604521989543e-01
2.200604521978421e-01
2.200604521965473e-01
2.200604521950680e-01
2.200604521934022e-01
2.200604521915481e-01
2.200604521895037e-01
2.200604521872670e-01
2.200604521848363e-01
2.200604521822095e-01
2.200604521793847e-01
2.200604521763600e-01
2.200604521731335e-01
2.200604521697033e-01
2.200604521660674e-01
2.200604521622239e-01
2.200604521581709e-01
2.200604521539065e-01
2.200604521494287e-01
2.200604521447357e-01
2.200604521398254e-01
2.200604521346961e-01
2.200604521293457e-01
2.200604521237723e-01
2.200604521179740e-01
2.200604521119490e-01
2.200604521056952e-01
2.200604520992107e-01
2.200604520924937e-01
2.200604520855422e-01
2.200604520783543e-01
2.200604520709280e-01
2.200604520632615e-01
2.200604520553527e-01
2.200604520471999e-01
2.200604520388011e-01
2.200604520301543e-01
2.200604520212576e-01
2.200604520121091e-01
2.200604520027069e-01
2.200604519930490e-01
2.200604519831336e-01
2.200604519729588e-01
2.200604519625225e-01
2.200604519518229e-01
2.200604519408580e-01
2.200604519296259e-01
2.200604519181248e-01
2.200604519063526e-01
2.200604518943075e-01
2.200604518819876e-01
2.200604518693908e-01
2.200604518565154e-01
2.200604518433593e-01
2.200604518299207e-01
2.200604518161976e-01
2.200604518021881e-01
2.200604517878902e-01
2.200604517733022e-01
2.200604517584220e-01
2.200604517432477e-01
2.200604517277774e-01
2.200604517120091e-01
2.200604516959410e-01
2.200604516795712e-01
2.200604516628976e-01
2.200604516459184e-01
2.200604516286317e-01
2.200604516110356e-01
2.200604515931280e-01
2.200604515749072e-01
2.200604515563711e-01
2.200604515375178e-01
2.200604515183455e-01
2.200604514988522e-01
2.200604514790360e-01
2.200604514588949e-01
2.200604514384271e-01
2.200604514176306e-01
2.200604513965035e-01
2.200604513750438e-01
2.200604513532498e-01
2.200604513311193e-01
2.200604513086505e-01
2.200604512858416e-01
2.200604512626905e-01
2.200604512391953e-01
2.200604512153541e-01
2.200604511911651e-01
2.200604511666262e-01
2.200604511417356e-01
2.200604511164913e-01
2.200604510908913e-01
2.200604510649339e-01
2.200604510386171e-01
2.200604510119389e-01
2.200604509848974e-01
2.200604509574907e-01
2.200604509297170e-01
2.200604509015781e-01
2.200604508730791e-01
2.200604508442255e-01
2.200604508150226e-01
2.200604507854758e-01
2.200604507555904e-01
2.200604507253719e-01
2.200604506948256e-01
2.200604506639569e-01
2.200604506327711e-01
2.200604506012736e-01
2.200604505694699e-01
2.200604505373652e-01
2.200604505049649e-01
2.200604504722745e-01
2.200604504392992e-01
2.200604504060445e-01
2.200604503725157e-01
2.200604503387183e-01
2.200604503046575e-01
2.200604502703387e-01
2.200604502357674e-01
2.200604502009489e-01
2.200604501658885e-01
2.200604501305917e-01
2.200604500950638e-01
2.200604500593101e-01
2.200604500233361e-01
2.200604499871472e-01
2.200604499507486e-01
2.200604499141458e-01
2.200604498773442e-01
2.200604498403490e-01
2.200604498031658e-01
2.200604497657998e-01
2.200604497282565e-01
2.200604496905411e-01
2.200604496526592e-01
2.200604496146160e-01
2.200604495764169e-01
2.200604495380673e-01
2.200604494995726e-01
2.200604494609381e-01
2.200604494221693e-01
2.200604493832714e-01
2.200604493442499e-01
2.200604493051101e-01
2.200604492658574e-01
2.200604492264972e-01
2.200604491870348e-01
2.200604491474757e-01
2.200604491078252e-01
2.200604490680886e-01
2.200604490282713e-01
2.200604489883788e-01
2.200604489484163e-01
2.200604489083894e-01
2.200604488683032e-01
2.200604488281632e-01
2.200604487879748e-01
2.200604487477434e-01
2.200604487074743e-01
2.200604486671728e-01
2.200604486268445e-01
2.200604485864945e-01
2.200604485461284e-01
2.200604485057514e-01
2.200604484653690e-01
2.200604484249866e-01
2.200604483846094e-01
2.200604483442429e-01
2.200604483038924e-01
2.200604482635634e-01
2.200604482232611e-01
2.200604481829910e-01
2.200604481427584e-01
2.200604481025688e-01
2.200604480624274e-01
2.200604480223396e-01
2.200604479823109e-01
2.200604479423466e-01
2.200604479024520e-01
2.200604478626327e-01
2.200604478228937e-01
2.200604477832407e-01
2.200604477436789e-01
2.200604477042138e-01
2.200604476648507e-01
2.200604476255949e-01
2.200604475864519e-01
2.200604475474270e-01
2.200604475085256e-01
2.200604474697531e-01
2.200604474311148e-01
2.200604473926161e-01
2.200604473542624e-01
2.200604473160590e-01
2.200604472780114e-01
2.200604472401249e-01
2.200604472024048e-01
2.200604471648566e-01
2.200604471274856e-01
2.200604470902972e-01
2.200604470532967e-01
2.200604470164896e-01
2.200604469798812e-01
2.200604469434768e-01
2.200604469072819e-01
2.200604468712613e-01
2.200604468352770e-01
2.200604467991743e-01
2.200604467627985e-01
2.200604467259951e-01
2.200604466886095e-01
2.200604466504870e-01
2.200604466114730e-01
2.200604465714129e-01
2.200604465301521e-01
2.200604464875359e-01
2.200604464434098e-01
2.200604463976191e-01
2.200604463500093e-01
2.200604463004256e-01
2.200604462487135e-01
2.200604461947185e-01
2.200604461382857e-01
2.200604460792607e-01
2.200604460174888e-01
2.200604459528154e-01
2.200604458850859e-01
2.200604458141457e-01
2.200604457398402e-01
2.200604456620147e-01
2.200604455805146e-01
2.200604454951853e-01
2.200604454058722e-01
2.200604453124207e-01
2.200604452146762e-01
2.200604451124840e-01
2.200604450056895e-01
2.200604448941382e-01
2.200604447776753e-01
2.200604446561464e-01
2.200604445293967e-01
2.200604443972716e-01
2.200604442596166e-01
2.200604441162770e-01
2.200604439670982e-01
2.200604438119256e-01
2.200604436506046e-01
2.200604434829805e-01
2.200604433088987e-01
2.200604431282047e-01
2.200604429407438e-01
2.200604427463614e-01
2.200604425449029e-01
2.200604423362136e-01
2.200604421201389e-01
2.200604418965244e-01
2.200604416652152e-01
2.200604414260568e-01
2.200604411788945e-01
2.200604409235739e-01
2.200604406599402e-01
2.200604403878388e-01
2.200604401071151e-01
2.200604398176146e-01
2.200604395191825e-01
2.200604392116643e-01
2.200604388949054e-01
2.200604385687510e-01
2.200604382330467e-01
2.200604378876379e-01
2.200604375323698e-01
2.200604371670878e-01
2.200604367916375e-01
2.200604364058640e-01
2.200604360096129e-01
2.200604356027295e-01
2.200604351850592e-01
2.200604347564474e-01
2.200604343167395e-01
2.200604338657808e-01
2.200604334034167e-01
2.200604329294926e-01
2.200604324438539e-01
2.200604319463460e-01
2.200604314368143e-01
2.200604309151041e-01
2.200604303810609e-01
2.200604298345299e-01
2.200604292753567e-01
2.200604287033866e-01
2.200604281184649e-01
2.200604275204371e-01
2.200604269091485e-01
2.200604262844446e-01
2.200604256461706e-01
2.200604249941721e-01
2.200604243282943e-01
2.200604236483827e-01
2.200604229542826e-01
2.200604222458394e-01
2.200604215228986e-01
2.200604207853054e-01
2.200604200329054e-01
2.200604192655438e-01
2.200604184830660e-01
2.200604176853175e-01
2.200604168721436e-01
2.200604160433897e-01
2.200604151989011e-01
2.200604143385234e-01
2.200604134621018e-01
2.200604125694817e-01
2.200604116605085e-01
2.200604107348880e-01
2.200604097912933e-01
2.200604088279350e-01
2.200604078430214e-01
2.200604068347609e-01
2.200604058013619e-01
2.200604047410325e-01
2.200604036519812e-01
2.200604025324163e-01
2.200604013805462e-01
2.200604001945792e-01
2.200603989727237e-01
2.200603977131879e-01
2.200603964141802e-01
2.200603950739089e-01
2.200603936905824e-01
2.200603922624090e-01
2.200603907875971e-01
2.200603892643550e-01
2.200603876908911e-01
2.200603860654136e-01
2.200603843861309e-01
2.200603826512513e-01
2.200603808589833e-01
2.200603790075351e-01
2.200603770951150e-01
2.200603751199314e-01
2.200603730801927e-01
2.200603709741071e-01
2.200603687998831e-01
2.200603665557289e-01
2.200603642398529e-01
2.200603618504635e-01
2.200603593857688e-01
2.200603568439775e-01
2.200603542232976e-01
2.200603515219376e-01
2.200603487381058e-01
2.200603458700106e-01
2.200603429158603e-01
2.200603398738633e-01
2.200603367422277e-01
2.200603335191621e-01
2.200603302028748e-01
2.200603267915740e-01
2.200603232834681e-01
2.200603196767656e-01
2.200603159696746e-01
2.200603121604035e-01
2.200603082471607e-01
2.200603042281545e-01
2.200603001015933e-01
2.200602958656854e-01
2.200602915186391e-01
2.200602870577640e-01
2.200602824681692e-01
2.200602777261707e-01
2.200602728078905e-01
2.200602676894506e-01
2.200602623469730e-01
2.200602567565796e-01
2.200602508943925e-01
2.200602447365337e-01
2.200602382591252e-01
2.200602314382888e-01
2.200602242501467e-01
2.200602166708208e-01
2.200602086764331e-01
2.200602002431055e-01
2.200601913469601e-01
2.200601819641189e-01
2.200601720707039e-01
2.200601616428370e-01
2.200601506566403e-01
2.200601390882356e-01
2.200601269137450e-01
2.200601141092906e-01
2.200601006509942e-01
2.200600865149779e-01
2.200600716773637e-01
2.200600561142735e-01
2.200600398023370e-01
2.200600227280339e-01
2.200600048867760e-01
2.200599862742983e-01
2.200599668863359e-01
2.200599467186238e-01
2.200599257668973e-01
2.200599040268912e-01
2.200598814943408e-01
2.200598581649811e-01
2.200598340345471e-01
2.200598090987740e-01
2.200597833533968e-01
2.200597567941506e-01
2.200597294167705e-01
2.200597012169915e-01
2.200596721905488e-01
2.200596423331774e-01
2.200596116406124e-01
2.200595801085889e-01
2.200595477328419e-01
2.200595145091066e-01
2.200594804331180e-01
2.200594455006112e-01
2.200594097073212e-01
2.200593730489832e-01
2.200593355213321e-01
2.200592971155929e-01
2.200592576901361e-01
2.200592169519544e-01
2.200591745998055e-01
2.200591303324473e-01
2.200590838486373e-01
2.200590348471333e-01
2.200589830266931e-01
2.200589280860743e-01
2.200588697240349e-01
2.200588076393323e-01
2.200587415307244e-01
2.200586710969689e-01
2.200585960368237e-01
2.200585160490462e-01
2.200584308323943e-01
2.200583400856259e-01
2.200582435074984e-01
2.200581407967698e-01
2.200580316521977e-01
2.200579157725398e-01
2.200577928565539e-01
2.200576626029978e-01
2.200575247106291e-01
2.200573788782056e-01
2.200572248044850e-01
2.200570621882250e-01
2.200568907237626e-01
2.200567098883775e-01
2.200565188480331e-01
2.200563167446480e-01
2.200561027201410e-01
2.200558759164308e-01
2.200556354754361e-01
2.200553805390756e-01
2.200551102492680e-01
2.200548237479320e-01
2.200545201769863e-01
2.200541986783497e-01
2.200538583939409e-01
2.200534984656785e-01
2.200531175205516e-01
2.200527106009311e-01
2.200522712251416e-01
2.200517929059217e-01
2.200512691560099e-01
2.200506934881447e-01
2.200500594150647e-01
2.200493604495083e-01
2.200485901042141e-01
2.200477418919206e-01
2.200468093253662e-01
2.200457859172895e-01
2.200446651804290e-01
2.200434405079904e-01
2.200420938583511e-01
2.200405864487421e-01
2.200388773060972e-01
2.200369254573498e-01
2.200346899294336e-01
2.200321297492821e-01
2.200292037499433e-01
2.200258663698586e-01
2.200220676885426e-01
2.200177575987608e-01
2.200128859932783e-01
2.200074027648606e-01
2.200012578062729e-01
2.199943817967054e-01
2.199865272991666e-01
2.199773503369230e-01
2.199665059794444e-01
2.199536492962003e-01
2.199384353566603e-01
2.199205192302941e-01
2.198994701990363e-01
2.198744698728398e-01
2.198445904059549e-01
2.198088786175248e-01
2.197659594006449e-01
2.197141093861670e-01
2.196515943245017e-01
2.195765662374436e-01
2.194869143294064e-01
2.193804907937284e-01
2.192547077297006e-01
2.191037409352899e-01
2.189203220302749e-01
2.186971393506019e-01
2.184255812274945e-01
2.180952389042727e-01
2.176939192431700e-01
2.172091831150967e-01
2.166309341728568e-01
2.159400747412426e-01
2.151039756928108e-01
2.141017861473530e-01
2.129129072562445e-01
2.115093031243663e-01
2.098495166639037e-01
2.079166928626293e-01
2.056875119608007e-01
2.031409749455101e-01
2.002585311077974e-01
1.970242104323102e-01
1.934245660640157e-01
1.894484873909084e-01
1.850869645506682e-01
1.803329151814658e-01
1.751812220295296e-01
1.696291404084865e-01
1.636772089487103e-01
1.573307164059495e-01
1.506016562617546e-01
1.435110658076262e-01
1.360916512568541e-01
1.283904310424033e-01
1.204710342460405e-01
1.124150036772819e-01
1.043212911329467e-01
9.630413821824808e-02
8.846007836076764e-02
8.093397848463052e-02
7.384003108475674e-02
6.728036327409333e-02
6.130202101394982e-02
5.593659871429971e-02
5.118956154854764e-02
4.704193748567946e-02
4.345471962011064e-02
4.038236051188723e-02
3.776505998427850e-02
3.554386893303493e-02
3.366200692280159e-02
3.207110046574420e-02
3.071952709822470e-02
2.956495286343895e-02
2.857419088156457e-02
2.771870543313617e-02
2.697980765828369e-02
2.633891431591634e-02
2.577233925189372e-02
2.526843548660661e-02
2.481875259570582e-02
2.441398699096461e-02
2.404843358867900e-02
2.371930913076623e-02
2.342166660592141e-02
2.314968520320309e-02
2.289762034051197e-02
2.266181565464213e-02
2.244088042001016e-02
2.223353754463282e-02
2.203861637504748e-02
2.185527889668450e-02
2.168275189739294e-02
2.152025319234668e-02
2.136690694653692e-02
2.122178160884028e-02
2.108394488968071e-02
2.095246449948216e-02
2.082640814866869e-02
2.070484354766425e-02
2.058694721254143e-02
2.047244109674271e-02
2.036121770747229e-02
2.025316960993205e-02
2.014818936932376e-02
2.004616955084932e-02
1.994700268810497e-02
1.985056794361573e-02
1.975671041205536e-02
1.966526984144591e-02
1.957608597980950e-02
1.948899857516817e-02
1.940384737554402e-02
1.932047302078191e-02
1.923875499320293e-02
1.915862578913211e-02
1.908002171726101e-02
1.900287908628124e-02
1.892713420488438e-02
1.885272338176196e-02
1.877958358675088e-02
1.870766132419404e-02
1.863691025913049e-02
1.856728423074903e-02
1.849873707823857e-02
1.843122264078791e-02
1.836469475758590e-02
1.829910912441595e-02
1.823443361919648e-02
1.817064103085251e-02
1.810770416187099e-02
1.804559581473883e-02
1.798428879194303e-02
1.792375589643460e-02
1.786397191627001e-02
1.780491816651616e-02
1.774657730173134e-02
1.768893197647385e-02
1.763196484530198e-02
1.757565856277405e-02
1.751999579111466e-02
1.746495981682861e-02
1.741053500263207e-02
1.735670581778531e-02
1.730345673154860e-02
1.725077221318222e-02
1.719863673194645e-02
1.714703524201198e-02
1.709596278329258e-02
1.704542392193870e-02
1.699542359699558e-02
1.694596674750856e-02
1.689705831252289e-02
1.684870323108388e-02
1.680090480353863e-02
1.675365206749075e-02
1.670692671674827e-02
1.666071038442669e-02
1.661498470364156e-02
1.656973130750836e-02
1.652493182914259e-02
1.648056790165980e-02
1.643662115817545e-02
1.639307323180510e-02
1.634990575566422e-02
1.630710036286834e-02
1.626463868653297e-02
1.622250238540146e-02
1.618067814245921e-02
1.613916365600765e-02
1.609795808511768e-02
1.605706058886018e-02
1.601647032630603e-02
1.597618645652613e-02
1.593620813859135e-02
1.589653453157257e-02
1.585716479454068e-02
1.581809808656654e-02
1.577933356672108e-02
1.574087039407513e-02
1.570270772769963e-02
1.566484456863000e-02
1.562727805268011e-02
1.559000409883561e-02
1.555301860518831e-02
1.551631746983008e-02
1.547989659085272e-02
1.544375186634806e-02
1.540787919440794e-02
1.537227447312416e-02
1.533693360058859e-02
1.530185247489302e-02
1.526702699412930e-02
1.523245305638927e-02
1.519812656035771e-02
1.516404389818885e-02
1.513020285031200e-02
1.509660143950539e-02
1.506323768854717e-02
1.503010962021558e-02
1.499721525728877e-02
1.496455262254495e-02
1.493211973876231e-02
1.489991462871903e-02
1.486793531519332e-02
1.483617982096337e-02
1.480464616880735e-02
1.477333238150348e-02
1.474223646174569e-02
1.471135607980862e-02
1.468068863270592e-02
1.465023150934129e-02
1.461998209861842e-02
1.458993778944099e-02
1.456009597071271e-02
1.453045403133725e-02
1.450100936021832e-02
1.447175934625961e-02
1.444270137836479e-02
1.441383284543757e-02
1.438515113638164e-02
1.435665364012280e-02
1.432833854030060e-02
1.430020691523406e-02
1.427226050211614e-02
1.424450103813977e-02
1.421693026049791e-02
1.418954990638351e-02
1.416236171298954e-02
1.413536741750892e-02
1.410856875713462e-02
1.408196746905958e-02
1.405556529047675e-02
1.402936395857909e-02
1.400336521055955e-02
1.397757067633824e-02
1.395197936747512e-02
1.392658759037730e-02
1.390139152681477e-02
1.387638735855751e-02
1.385157126737551e-02
1.382693943503877e-02
1.380248804331725e-02
1.377821327398094e-02
1.375411130879983e-02
1.373017832954390e-02
1.370641051798315e-02
1.368280405588754e-02
1.365935512502707e-02
1.363605990717173e-02
1.361291458409149e-02
1.358991533755634e-02
1.356705834933627e-02
1.354433980120126e-02
1.352175587492128e-02
1.349930275226635e-02
1.347697661500643e-02
1.345477364491150e-02
1.343269002375156e-02
1.341072193329659e-02
1.338886555531657e-02
1.336711707158149e-02
1.334547270160459e-02
1.332393013216866e-02
1.330248895609142e-02
1.328114889357418e-02
1.325990966481821e-02
1.323877099002480e-02
1.321773258939523e-02
1.319679418313078e-02
1.317595549143274e-02
1.315521623450238e-02
1.313457613254099e-02
1.311403490574985e-02
1.309359227433026e-02
1.307324795848348e-02
1.305300167841080e-02
1.303285315431350e-02
1.301280210639287e-02
1.299284825485019e-02
1.297299131988674e-02
1.295323102170380e-02
1.293356708050267e-02
1.291399921648460e-02
1.289452714985091e-02
1.287515060080285e-02
1.285586928954173e-02
1.283668293626882e-02
1.281759126118540e-02
1.279859398710075e-02
1.277969101961335e-02
1.276088256390739e-02
1.274216885293698e-02
1.272355011965622e-02
1.270502659701923e-02
1.268659851798012e-02
1.266826611549301e-02
1.265002962251202e-02
1.263188927199124e-02
1.261384529688480e-02
1.259589793014681e-02
1.257804740473139e-02
1.256029395359263e-02
1.254263780968467e-02
1.252507920596161e-02
1.250761837537757e-02
1.249025555088666e-02
1.247299096544298e-02
1.245582485200066e-02
1.243875744351381e-02
1.242178897293654e-02
1.240491967322297e-02
1.238814977732720e-02
1.237147951820335e-02
1.235490912880553e-02
1.233843884208786e-02
1.232206888841569e-02
1.230579909072417e-02
1.228962842413016e-02
1.227355575795919e-02
1.225757996153685e-02
1.224169990418867e-02
1.222591445524021e-02
1.221022248401704e-02
1.219462285984470e-02
1.217911445204874e-02
1.216369612995473e-02
1.214836676288822e-02
1.213312522017477e-02
1.211797037113992e-02
1.210290108510924e-02
1.208791623140828e-02
1.207301467936259e-02
1.205819529829774e-02
1.204345695753926e-02
1.202879852641274e-02
1.201421887424370e-02
1.199971687035772e-02
1.198529138408034e-02
1.197094128473713e-02
1.195666544165363e-02
1.194246272415540e-02
1.192833200156800e-02
1.191427214321698e-02
1.190028201842790e-02
1.188636049652631e-02
1.187250644683777e-02
1.185871873868783e-02
1.184499624140204e-02
1.183133782430598e-02
1.181774235672518e-02
1.180420870798520e-02
1.179073574741160e-02
1.177732234432993e-02
1.176396736806576e-02
1.175066968794463e-02
1.173742817329209e-02
1.172424169343371e-02
1.171110911769504e-02
1.169802931540163e-02
1.168500115587905e-02
1.167202350845284e-02
1.165909524244856e-02
1.164621522719176e-02
1.163338233200801e-02
1.162059542622284e-02
1.160785337916184e-02
1.159515506015053e-02
1.158249933851449e-02
1.156988508357927e-02
1.155731116469278e-02
1.154477665833133e-02
1.153228135436353e-02
1.151982519613035e-02
1.150740812697276e-02
1.149503009023170e-02
1.148269102924815e-02
1.147039088736306e-02
1.145812960791740e-02
1.144590713425213e-02
1.143372340970821e-02
1.142157837762661e-02
1.140947198134827e-02
1.139740416421416e-02
1.138537486956526e-02
1.137338404074250e-02
1.136143162108687e-02
1.134951755393931e-02
1.133764178264080e-02
1.132580425053229e-02
1.131400490095474e-02
1.130224367724912e-02
1.129052052275639e-02
1.127883538081750e-02
1.126718819477342e-02
1.125557890796512e-02
1.124400746373354e-02
1.123247380541966e-02
1.122097787636443e-02
1.120951961990882e-02
1.119809897939379e-02
1.118671589816030e-02
1.117537031954931e-02
1.116406218690178e-02
1.115279144355867e-02
1.114155803286096e-02
1.113036189814958e-02
1.111920298276551e-02
1.110808123004972e-02
1.109699658334315e-02
1.108594898598678e-02
1.107493838132156e-02
1.106396471268845e-02
1.105302792342842e-02
1.104212795688243e-02
1.103126475639144e-02
1.102043826529641e-02
1.100964842693830e-02
1.099889518465807e-02
1.098817848179669e-02
1.097749826169512e-02
1.096685446769431e-02
1.095624704313523e-02
1.094567593135884e-02
1.093514107570611e-02
1.092464242584819e-02
1.091417996842243e-02
1.090375370344632e-02
1.089336363095582e-02
1.088300975098690e-02
1.087269206357550e-02
1.086241056875760e-02
1.085216526656915e-02
1.084195615704610e-02
1.083178324022442e-02
1.082164651614006e-02
1.081154598482899e-02
1.080148164632716e-02
1.079145350067052e-02
1.078146154789505e-02
1.077150578803669e-02
1.076158622113140e-02
1.075170284721516e-02
1.074185566632390e-02
1.073204467849359e-02
1.072226988376019e-02
1.071253128215966e-02
1.070282887372795e-02
1.069316265850103e-02
1.068353263651486e-02
1.067393880780538e-02
1.066438117240857e-02
1.065485973036037e-02
1.064537448169675e-02
1.063592542645367e-02
1.062651256466708e-02
1.061713589637294e-02
1.060779542160722e-02
1.059849114040587e-02
1.058922305280484e-02
1.057999115884010e-02
1.057079545854761e-02
1.056163595196332e-02
1.055251263912319e-02
1.054342552006319e-02
1.053437459481926e-02
1.052535986342737e-02
1.051638132592348e-02
1.050743898234355e-02
1.049853283272352e-02
1.048966287709937e-02
1.048082911550705e-02
1.047203154798252e-02
1.046327017456174e-02
1.045454499528066e-02
1.044585601017525e-02
1.043720321928146e-02
1.042858662263526e-02
1.042000622027259e-02
1.041146199909876e-02
1.040295381046323e-02
1.039448142574474e-02
1.038604461528845e-02
1.037764314943952e-02
1.036927679854309e-02
1.036094533294434e-02
1.035264852298840e-02
1.034438613902043e-02
1.033615795138560e-02
1.032796373042904e-02
1.031980324649592e-02
1.031167626993138e-02
1.030358257108059e-02
1.029552192028870e-02
1.028749408790086e-02
1.027949884426222e-02
1.027153595971795e-02
1.026360520461318e-02
1.025570634929309e-02
1.024783916410281e-02
1.024000341938752e-02
1.023219888549235e-02
1.022442533276246e-02
1.021668253154302e-02
1.020897025217916e-02
1.020128826501606e-02
1.019363634039885e-02
1.018601424867270e-02
1.017842176018275e-02
1.017085864527417e-02
1.016332467429210e-02
1.015581961758171e-02
1.014834324548814e-02
1.014089532835654e-02
1.013347563653209e-02
1.012608394035991e-02
1.011872001018518e-02
1.011138361635305e-02
1.010407452920866e-02
1.009679251909718e-02
1.008953735636375e-02
1.008230881135353e-02
1.007510665441168e-02
1.006793065588335e-02
1.006078058611370e-02
1.005365621544787e-02
1.004655731423102e-02
1.003948365280831e-02
1.003243500152489e-02
1.002541113072591e-02
1.001841181075653e-02
1.001143681196190e-02
1.000448590468718e-02
9.997558859277521e-03
9.990655446078075e-03
9.983775435433995e-03
9.976918597690440e-03
9.970084703192560e-03
9.963273522285512e-03
9.956484825314447e-03
9.949718382624522e-03
9.942973964560890e-03
9.936251341468706e-03
9.929550283693122e-03
9.922870561579292e-03
9.916211945472372e-03
9.909574205717515e-03
9.902957112659875e-03
9.896360436644609e-03
9.889783948016866e-03
9.883227417121802e-03
9.876690614304571e-03
9.870173309910329e-03
9.863675274284231e-03
9.857196277771426e-03
9.850736090717073e-03
9.844294483466321e-03
9.837871226364330e-03
9.831466089756250e-03
9.825078843987235e-03
9.818709259402442e-03
9.812357106347022e-03
9.806022155166133e-03
9.799704176204925e-03
9.793402939808552e-03
9.787118216322171e-03
9.780849776090934e-03
9.774597389459998e-03
9.768360826774512e-03
9.762139858379634e-03
9.755934254620518e-03
9.749743785842317e-03
9.743568222390184e-03
9.737407334609276e-03
9.731260892844745e-03
9.725128667441744e-03
9.719010428745428e-03
9.712905947100954e-03
9.706814992853471e-03
9.700737336348138e-03
9.694672747930105e-03
9.688620997944529e-03
9.682581856736565e-03
9.676555094651360e-03
9.670540482034076e-03
9.664537789229863e-03
9.658546786583880e-03
9.652567246097359e-03
9.646599028181364e-03
9.640642124328724e-03
9.634696536639899e-03
9.628762267215355e-03
9.622839318155552e-03
9.616927691560950e-03
9.611027389532015e-03
9.605138414169209e-03
9.599260767572991e-03
9.593394451843824e-03
9.587539469082177e-03
9.581695821388502e-03
9.575863510863267e-03
9.570042539606933e-03
9.564232909719960e-03
9.558434623302815e-03
9.552647682455957e-03
9.546872089279851e-03
9.541107845874955e-03
9.535354954341733e-03
9.529613416780647e-03
9.523883235292163e-03
9.518164411976737e-03
9.512456948934836e-03
9.506760848266918e-03
9.501076112073450e-03
9.495402742454889e-03
9.489740741511703e-03
9.484090111344351e-03
9.478450854053294e-03
9.472822971738997e-03
9.467206466501921e-03
9.461601340442527e-03
9.456007595661280e-03
9.450425234258637e-03
9.444854258335068e-03
9.439294669991029e-03
9.433746471326984e-03
9.428209664443394e-03
9.422684251440726e-03
9.417170234419438e-03
9.411667615479990e-03
9.406176396722851e-03
9.400696580248478e-03
9.395228168157336e-03
9.389771162549885e-03
9.384325565526586e-03
9.378891379187905e-03
9.373468605634304e-03
9.368057246966243e-03
9.362657305284185e-03
9.357268782688591e-03
9.351891681279926e-03
9.346526003158648e-03
9.341171750425226e-03
9.335828925180114e-03
9.330497529523781e-03
9.325177565556685e-03
9.319869035379289e-03
9.314571941092059e-03
9.309286284795453e-03
9.304012068589934e-03
9.298749294575965e-03
9.293497964854005e-03
9.288258081524522e-03
9.283029646687974e-03
9.277812662444825e-03
9.272607130895536e-03
9.267413054140571e-03
9.262230434280391e-03
9.257059273415457e-03
9.251899573646234e-03
9.246751337073181e-03
9.241614565796766e-03
9.236489261917443e-03
9.231375427535679e-03
9.226273064751937e-03
9.221182175666675e-03
9.216102762380361e-03
9.211034826993455e-03
9.205978371606414e-03
9.200933398319708e-03
9.195899909233798e-03
9.190877906449142e-03
9.185867392066203e-03
9.180868368185446e-03
9.175880836907331e-03
9.170904800332320e-03
9.165940260560878e-03
9.160987219693462e-03
9.156045679830541e-03
9.151115643072574e-03
9.146197111520021e-03
9.141290087273348e-03
9.136394572433013e-03
9.131510569099485e-03
9.126638079373219e-03
9.121777105354681e-03
9.116927649144332e-03
9.112089712842634e-03
9.107263298550050e-03
9.102448408367042e-03
9.097645044394073e-03
9.092853208731603e-03
9.088072903480095e-03
9.083304130740015e-03
9.078546892611819e-03
9.073801191195977e-03
9.069067021293035e-03
9.064344348503924e-03
9.059633131129665e-03
9.054933327471275e-03
9.050244895829776e-03
9.045567794506182e-03
9.040901981801521e-03
9.036247416016807e-03
9.031604055453057e-03
9.026971858411297e-03
9.022350783192542e-03
9.017740788097814e-03
9.013141831428135e-03
9.008553871484516e-03
9.003976866567983e-03
8.999410774979552e-03
8.994855555020246e-03
8.990311164991082e-03
8.985777563193081e-03
8.981254707927263e-03
8.976742557494644e-03
8.972241070196247e-03
8.967750204333090e-03
8.963269918206193e-03
8.958800170116578e-03
8.954340918365259e-03
8.949892121253258e-03
8.945453737081594e-03
8.941025724151289e-03
8.936608040763362e-03
8.932200645218828e-03
8.927803495818712e-03
8.923416550864030e-03
8.919039768655802e-03
8.914673107495051e-03
8.910316525682790e-03
8.905969981520045e-03
8.901633433307835e-03
8.897306839347174e-03
8.892990157939084e-03
8.888683347384586e-03
8.884386365984700e-03
8.880099172040442e-03
8.875821723852836e-03
8.871553979722896e-03
8.867295897951648e-03
8.863047436840106e-03
8.858808554689292e-03
8.854579209800225e-03
8.850359360473927e-03
8.846148965011413e-03
8.841947981713704e-03
8.837756368881821e-03
8.833574084816782e-03
8.829401087819608e-03
8.825237336191318e-03
8.821082788232928e-03
8.816937402245463e-03
8.812801136529940e-03
8.808673949387377e-03
8.804555799118798e-03
8.800446644025217e-03
8.796346442407657e-03
8.792255152567137e-03
8.788172732804675e-03
8.784099141421291e-03
8.780034336718007e-03
8.775978276995838e-03
8.771930920555808e-03
8.767892225698933e-03
8.763862150726234e-03
8.759840653938731e-03
8.755827693637443e-03
8.751823228123389e-03
8.747827215697591e-03
8.743839614661065e-03
8.739860383314832e-03
8.735889479959911e-03
8.731926862897321e-03
8.727972490428084e-03
8.724026320853217e-03
8.720088312473740e-03
8.716158423590675e-03
8.712236612505036e-03
8.708322837517848e-03
8.704417056930126e-03
8.700519229042894e-03
8.696629312157172e-03
8.692747264573973e-03
8.688873044594321e-03
8.685006610519234e-03
8.681147920649734e-03
8.677296933286839e-03
8.673453606731567e-03
8.669617899284937e-03
8.665789769247974e-03
8.661969174921692e-03
8.658156074607112e-03
8.654350426605254e-03
8.650552189217139e-03
8.646761320743783e-03
8.642977779486206e-03
8.639201523745432e-03
8.635432511822473e-03
8.631670702018356e-03
8.627916052634096e-03
8.624168521970713e-03
8.620428068329227e-03
8.616694652028826e-03
8.612968258327804e-03
8.609248889304959e-03
8.605536547354182e-03
8.601831234869352e-03
8.598132954244352e-03
8.594441707873065e-03
8.590757498149375e-03
8.587080327467168e-03
8.583410198220322e-03
8.579747112802724e-03
8.576091073608258e-03
8.572442083030802e-03
8.568800143464245e-03
8.565165257302471e-03
8.561537426939356e-03
8.557916654768790e-03
8.554302943184653e-03
8.550696294580830e-03
8.547096711351202e-03
8.543504195889656e-03
8.539918750590072e-03
8.536340377846334e-03
8.532769080052325e-03
8.529204859601928e-03
8.525647718889031e-03
8.522097660307509e-03
8.518554686251251e-03
8.515018799114142e-03
8.511490001290062e-03
8.507968295172891e-03
8.504453683156518e-03
8.500946167634823e-03
8.497445751001691e-03
8.493952435651004e-03
8.490466223976647e-03
8.486987118372501e-03
8.483515121232450e-03
8.480050234950378e-03
8.476592461920169e-03
8.473141804535704e-03
8.469698265190869e-03
8.466261846279546e-03
8.462832550195616e-03
8.459410379332965e-03
8.455995336085476e-03
8.452587422847031e-03
8.449186642011514e-03
8.445792995972810e-03
8.442406487124800e-03
8.439027117861366e-03
8.435654890576395e-03
8.432289807663770e-03
8.428931871517373e-03
8.425581084531085e-03
8.422237449098792e-03
8.418900967614376e-03
8.415571642471720e-03
8.412249476064709e-03
8.408934470787227e-03
8.405626629033153e-03
8.402325953196373e-03
8.399032445670774e-03
8.395746108850232e-03
8.392466945128633e-03
8.389194956899864e-03
8.385930146557806e-03
8.382672516496338e-03
8.379422069109348e-03
8.376178806790719e-03
8.372942731934332e-03
8.369713846934072e-03
8.366492154183823e-03
8.363277656077467e-03
8.360070355008888e-03
8.356870253371966e-03
8.353677353560591e-03
8.350491657968639e-03
8.347313168989999e-03
8.344141889018553e-03
8.340977820448179e-03
8.337820965672765e-03
8.334671327086195e-03
8.331528907082351e-03
8.328393708055116e-03
8.325265732398373e-03
8.322144982506007e-03
8.319031460771899e-03
8.315925169589932e-03
8.312826111353994e-03
8.309734288457963e-03
8.306649703295725e-03
8.303572358261161e-03
8.300502255748157e-03
8.297439398150593e-03
8.294383787862354e-03
8.291335427277327e-03
8.288294318789389e-03
8.285260464792426e-03
8.282233867680320e-03
8.279214529846958e-03
8.276202453686220e-03
8.273197641591991e-03
8.270200095958155e-03
8.267209819178591e-03
8.264226813647184e-03
8.261251081757820e-03
8.258282625904379e-03
8.255321448385701e-03
8.252367544147016e-03
8.249420895668665e-03
8.246481484223578e-03
8.243549291084685e-03
8.240624297524918e-03
8.237706484817203e-03
8.234795834234473e-03
8.231892327049658e-03
8.228995944535687e-03
8.226106667965487e-03
8.223224478611992e-03
8.220349357748132e-03
8.217481286646832e-03
8.214620246581025e-03
8.211766218823642e-03
8.208919184647612e-03
8.206079125325862e-03
8.203246022131325e-03
8.200419856336932e-03
8.197600609215611e-03
8.194788262040290e-03
8.191982796083902e-03
8.189184192619374e-03
8.186392432919638e-03
8.183607498257623e-03
8.180829369906261e-03
8.178058029138477e-03
8.175293457227202e-03
8.172535635445372e-03
8.169784545065910e-03
8.167040167361748e-03
8.164302483605817e-03
8.161571475071046e-03
8.158847123030364e-03
8.156129408756700e-03
8.153418313522988e-03
8.150713818602153e-03
8.148015905267128e-03
8.145324554790844e-03
8.142639748446225e-03
8.139961467506207e-03
8.137289693243715e-03
8.134624406931685e-03
8.131965589843040e-03
8.129313223250714e-03
8.126667288427637e-03
8.124027766646736e-03
8.121394639180941e-03
8.118767887303185e-03
8.116147492286396e-03
8.113533435403504e-03
8.110925697927438e-03
8.108324261131131e-03
8.105729106287507e-03
8.103140214669501e-03
8.100557567550043e-03
8.097981146202058e-03
8.095410931898481e-03
8.092846905912238e-03
8.090289049516263e-03
8.087737343983480e-03
8.085191770586824e-03
8.082652310599223e-03
8.080118945293606e-03
8.077591655942904e-03
8.075070423820047e-03
8.072555230197963e-03
8.070046056349586e-03
8.067542883547840e-03
8.065045693065662e-03
8.062554466175974e-03
8.060069184151711e-03
8.057589828265800e-03
8.055116379791174e-03
8.052648820000759e-03
8.050187130167488e-03
8.047731291564291e-03
8.045281285464096e-03
8.042837093139833e-03
8.040398695864433e-03
8.037966074910823e-03
8.035539211551937e-03
8.033118087060703e-03
8.030702682710051e-03
8.028292979772908e-03
8.025888959522208e-03
8.023490603230880e-03
8.021097892171850e-03
8.018710807618052e-03
8.016329330842417e-03
8.013953443117871e-03
8.011583125717344e-03
8.009218359913769e-03
8.006859126980074e-03
8.004505408189189e-03
8.002157184814042e-03
7.999814438127566e-03
7.997477149402689e-03
7.995145299912342e-03
7.992818870929452e-03
7.990497843726954e-03
7.988182199577771e-03
7.985871919754839e-03
7.983566985531085e-03
7.981267378179439e-03
7.978973078972832e-03
7.976684069184193e-03
7.974400330086451e-03
7.972121842952536e-03
7.969848589055379e-03
7.967580549667910e-03
7.965317706063058e-03
7.963060039513751e-03
7.960807531292923e-03
7.958560162673501e-03
7.956317914928415e-03
7.954080769330596e-03
7.951848707152974e-03
7.949621709668477e-03
7.947399758150037e-03
7.945182833870582e-03
7.942970918103042e-03
7.940763992120346e-03
7.938562037195427e-03
7.936365034601213e-03
7.934172965610633e-03
7.931985811496619e-03
7.929803553532100e-03
7.927626172990003e-03
7.925453651143262e-03
7.923285969264804e-03
7.921123108627560e-03
7.918965050504462e-03
7.916811776168436e-03
7.914663266892415e-03
7.912519503949325e-03
7.910380468612099e-03
7.908246142153666e-03
7.906116505846954e-03
7.903991540964897e-03
7.901871228780421e-03
7.899755550566458e-03
7.897644487595938e-03
7.895538021141789e-03
7.893436132476943e-03
7.891338802874327e-03
7.889246013606873e-03
7.887157745947511e-03
7.885073981169170e-03
7.882994700544779e-03
7.880919885347270e-03
7.878849516849572e-03
7.876783576324615e-03
7.874722045045326e-03
7.872664904284640e-03
7.870612135315482e-03
7.868563719410783e-03
7.866519637843477e-03
7.864479871886489e-03
7.862444402812750e-03
7.860413211895191e-03
7.858386280406741e-03
7.856363589620330e-03
7.854345120808886e-03
7.852330855245343e-03
7.850320774202627e-03
7.848314858953669e-03
7.846313090771400e-03
7.844315450928750e-03
7.842321920698647e-03
7.840332481354021e-03
7.838347114167804e-03
7.836365800412923e-03
7.834388521362309e-03
7.832415258288893e-03
7.830445992465603e-03
7.828480705165369e-03
7.826519377661123e-03
7.824561991225793e-03
7.822608527132308e-03
7.820658966653600e-03
7.818713291062599e-03
7.816771481632234e-03
7.814833519635432e-03
7.812899386345128e-03
7.810969063034248e-03
7.809042530975723e-03
7.807119771442482e-03
7.805200765707457e-03
7.803285495043577e-03
7.801373940723770e-03
7.799466084020968e-03
7.797561906208101e-03
7.795661388558097e-03
7.793764512343888e-03
7.791871258838402e-03
7.789981609314568e-03
7.788095545045319e-03
7.786213047303581e-03
7.784334097362289e-03
7.782458676494368e-03
7.780586765972750e-03
7.778718347070365e-03
7.776853401060142e-03
7.774991909215011e-03
7.773133852807902e-03
7.771279213111745e-03
7.769427971399470e-03
7.767580108944006e-03
7.765735607018285e-03
7.763894446895233e-03
7.762056609847783e-03
7.760222077148864e-03
7.758390830071406e-03
7.756562849888338e-03
7.754738117872590e-03
7.752916615768329e-03
7.751098332370789e-03
7.749283261903142e-03
7.747471398728180e-03
7.745662737208695e-03
7.743857271707480e-03
7.742054996587329e-03
7.740255906211036e-03
7.738459994941393e-03
7.736667257141192e-03
7.734877687173230e-03
7.733091279400296e-03
7.731308028185185e-03
7.729527927890691e-03
7.727750972879605e-03
7.725977157514723e-03
7.724206476158836e-03
7.722438923174738e-03
7.720674492925222e-03
7.718913179773080e-03
7.717154978081108e-03
7.715399882212095e-03
7.713647886528838e-03
7.711898985394128e-03
7.710153173170761e-03
7.708410444221526e-03
7.706670792909219e-03
7.704934213596634e-03
7.703200700646561e-03
7.701470248421795e-03
7.699742851285129e-03
7.698018503599355e-03
7.696297199727268e-03
7.694578934031661e-03
7.692863700875326e-03
7.691151494621057e-03
7.689442309631647e-03
7.687736140269889e-03
7.686032980898577e-03
7.684332825880501e-03
7.682635669578459e-03
7.680941506355243e-03
7.679250330573642e-03
7.677562136596453e-03
7.675876918786469e-03
7.674194671506481e-03
7.672515389119285e-03
7.670839065987672e-03
7.669165696474437e-03
7.667495274942371e-03
7.665827795754268e-03
7.664163253272922e-03
7.662501641861125e-03
7.660842955881673e-03
7.659187189697356e-03
7.657534337670966e-03
7.655884394165300e-03
7.654237353543149e-03
7.652593210167307e-03
7.650951958400567e-03
7.649313592605721e-03
7.647678107145564e-03
7.646045496382888e-03
7.644415754680486e-03
7.642788876401152e-03
7.641164855907679e-03
7.639543687562859e-03
7.637925365729487e-03
7.636309884770356e-03
7.634697239048257e-03
7.633087422925984e-03
7.631480430766333e-03
7.629876256932094e-03
7.628274895786060e-03
7.626676341691026e-03
7.625080589009785e-03
7.623487632105129e-03
7.621897465339852e-03
7.620310083076749e-03
7.618725479678608e-03
7.617143649508226e-03
7.615564586928396e-03
7.613988286301910e-03
7.612414741991562e-03
7.610843948360145e-03
7.609275899770453e-03
7.607710590585277e-03
7.606148015167412e-03
7.604588167879651e-03
7.603031043084786e-03
7.601476635145611e-03
7.599924938424919e-03
7.598375947285505e-03
7.596829656090159e-03
7.595286059201675e-03
7.593745150982848e-03
7.592206925796470e-03
7.590671378005333e-03
7.589138501972232e-03
7.587608292059959e-03
7.586080742631307e-03
7.584555848049071e-03
7.583033602676043e-03
7.581514000875016e-03
7.579997037008783e-03
7.578482705440138e-03
7.576971000531873e-03
7.575461916646781e-03
7.573955448147657e-03
7.572451589397294e-03
7.570950334758483e-03
7.569451678594018e-03
7.567955615266694e-03
7.566462139139301e-03
7.564971244574635e-03
7.563482925935488e-03
7.561997177584654e-03
7.560513993884925e-03
7.559033369199095e-03
7.557555297889956e-03
7.556079774320302e-03
7.554606792852926e-03
7.553136347850622e-03
7.551668433676182e-03
7.550203044692399e-03
7.548740175262068e-03
7.547279819747980e-03
7.545821972512930e-03
7.544366627919710e-03
7.542913780331114e-03
7.541463424109933e-03
7.540015553618963e-03
7.538570163220995e-03
7.537127247278824e-03
7.535686800155242e-03
7.534248816213042e-03
7.532813289815019e-03
7.531380215323963e-03
7.529949587102670e-03
7.528521399513932e-03
7.527095646920542e-03
7.525672323685294e-03
7.524251424170980e-03
7.522832942740395e-03
7.521416873756329e-03
7.520003211581578e-03
7.518591950578935e-03
7.517183085111192e-03
7.515776609541142e-03
7.514372518231578e-03
7.512970805545296e-03
7.511571465845086e-03
7.510174493493743e-03
7.508779882854060e-03
7.507387628288828e-03
7.505997724160843e-03
7.504610164832896e-03
7.503224944667782e-03
7.501842058028292e-03
7.500461499277221e-03
7.499083262777363e-03
7.497707342891508e-03
7.496333733982451e-03
7.494962430412986e-03
7.493593426545905e-03
7.492226716744002e-03
7.490862295370070e-03
7.489500156786901e-03
7.488140295357288e-03
7.486782705444026e-03
7.485427381409907e-03
7.484074317617725e-03
7.482723508430272e-03
7.481374948210343e-03
7.480028631320729e-03
7.478684552124223e-03
7.477342704983621e-03
7.476003084261714e-03
7.474665684321296e-03
7.473330499525159e-03
7.471997524236098e-03
7.470666752816904e-03
7.469338179630372e-03
7.468011799039294e-03
7.466687605406464e-03
7.465365593094674e-03
7.464045756466719e-03
7.462728089885391e-03
7.461412587713483e-03
7.460099244313788e-03
7.458788054049099e-03
7.457479011282213e-03
7.456172110375917e-03
7.454867345693008e-03
7.453564711596279e-03
7.452264202448521e-03
7.450965812612529e-03
7.449669536451096e-03
7.448375368327015e-03
7.447083302603079e-03
7.445793333642081e-03
7.444505455806816e-03
7.443219663460074e-03
7.441935950964651e-03
7.440654312683338e-03
7.439374742978930e-03
7.438097236214218e-03
7.436821786751997e-03
7.435548388955060e-03
7.434277037186200e-03
7.433007725808209e-03
7.431740449183882e-03
7.430475201676011e-03
7.429211977647389e-03
7.427950771460810e-03
7.426691577479067e-03
7.425434390064953e-03
7.424179203581261e-03
7.422926012390784e-03
7.421674810856316e-03
7.420425593340649e-03
7.419178354206577e-03
7.417933087816893e-03
7.416689788534390e-03
7.415448450721862e-03
7.414209068742101e-03
7.412971636957900e-03
7.411736149732054e-03
7.410502601427354e-03
7.409270986406595e-03
7.408041299032568e-03
7.406813533668068e-03
7.405587684675889e-03
7.404363746418821e-03
7.403141713259660e-03
7.401921579561197e-03
7.400703339686228e-03
7.399486987997543e-03
7.398272518857938e-03
7.397059926630203e-03
7.395849205677135e-03
7.394640350361523e-03
7.393433355046164e-03
7.392228214093848e-03
7.391024921867370e-03
7.389823472729524e-03
7.388623861043101e-03
7.387426081170895e-03
7.386230127475699e-03
7.385035994320308e-03
7.383843676067512e-03
7.382653167080107e-03
7.381464461720885e-03
7.380277554352639e-03
7.379092439338161e-03
7.377909111040247e-03
7.376727563821688e-03
7.375547792045277e-03
7.374369790073809e-03
7.373193552270076e-03
7.372019072996871e-03
7.370846346616987e-03
7.369675367493219e-03
7.368506129988358e-03
7.367338628465198e-03
7.366172857286532e-03
7.365008810815154e-03
7.363846483413855e-03
7.362685869445431e-03
7.361526963272674e-03
7.360369759258376e-03
7.359214251765331e-03
7.358060435156333e-03
7.356908303794174e-03
7.355757852041648e-03
7.354609074261547e-03
7.353461964816666e-03
7.352316518069796e-03
7.351172728383733e-03
7.350030590121268e-03
7.348890097645194e-03
7.347751245318305e-03
7.346614027503393e-03
7.345478438563254e-03
7.344344472860679e-03
7.343212124758460e-03
7.342081388619393e-03
7.340952258806268e-03
7.339824729681882e-03
7.338698795609026e-03
7.337574450950493e-03
7.336451690069076e-03
7.335330507327568e-03
7.334210897088764e-03
7.333092853715455e-03
7.331976371570436e-03
7.330861445016499e-03
7.329748068416438e-03
7.328636236133045e-03
7.327525942529113e-03
7.326417181967438e-03
7.325309948810809e-03
7.324204237422022e-03
7.323100042163871e-03
7.321997357399146e-03
7.320896177490642e-03
7.319796496801152e-03
7.318698309693470e-03
7.317601610530387e-03
7.316506393674698e-03
7.315412653489196e-03
7.314320384336674e-03
7.313229580579924e-03
7.312140236581741e-03
7.311052346704917e-03
7.309965905312246e-03
7.308880906766520e-03
7.307797345430533e-03
7.306715215667078e-03
7.305634511838947e-03
7.304555228308936e-03
7.303477359439836e-03
7.302400899594439e-03
7.301325843135542e-03
7.300252184425936e-03
7.299179917828412e-03
7.298109037705767e-03
7.297039538420792e-03
7.295971414336281e-03
7.294904659815027e-03
7.293839269219823e-03
7.292775236913462e-03
7.291712557258736e-03
7.290651224618441e-03
7.289591233355368e-03
7.288532577832311e-03
7.287475252412062e-03
7.286419251457417e-03
7.285364569331166e-03
7.284311200396103e-03
7.283259139015024e-03
7.282208379550718e-03
7.281158916365980e-03
7.280110743823603e-03
7.279063856286381e-03
7.278018248117106e-03
7.276973913678572e-03
7.275930847333571e-03
7.274889043444898e-03
7.273848496375345e-03
7.272809200487704e-03
7.271771150144771e-03
7.270734339709337e-03
7.269698763544196e-03
7.268664416012142e-03
7.267631291475966e-03
7.266599384298462e-03
7.265568688842424e-03
7.264539199470644e-03
7.263510910545917e-03
7.262483816431034e-03
7.261457911488790e-03
7.260433190081976e-03
7.259409646573387e-03
7.258387275325817e-03
7.257366070702057e-03
7.256346027064900e-03
7.255327138777141e-03
7.254309400201572e-03
7.253292805700987e-03
7.252277349638177e-03
7.251263026375939e-03
7.250249830277063e-03
7.249237755704343e-03
7.248226797020573e-03
7.247216948588544e-03
7.246208204771052e-03
7.245200559930888e-03
7.244194008430848e-03
7.243188544633721e-03
7.242184162902302e-03
7.241180857599386e-03
7.240178623087764e-03
7.239177453730230e-03
7.238177343889577e-03
7.237178287928598e-03
7.236180280210086e-03
7.235183315096834e-03
7.234187386951637e-03
7.233192490137286e-03
7.232198619016575e-03
7.231205767952298e-03
7.230213931307247e-03
7.229223103444215e-03
7.228233278725995e-03
7.227244451515382e-03
7.226256616175168e-03
7.225269767068145e-03
7.224283898557109e-03
7.223299005004850e-03
7.222315080774163e-03
7.221332120227841e-03
7.220350117728677e-03
7.219369067639465e-03
7.218388964322996e-03
7.217409802142065e-03
7.216431575459465e-03
7.215454278637987e-03
7.214477906040428e-03
7.213502452029579e-03
7.212527910968233e-03
7.211554277219183e-03
7.210581545145223e-03
7.209609709109145e-03
7.208638763473744e-03
7.207668702601812e-03
7.206699520856143e-03
7.205731212599528e-03
7.204763772194762e-03
7.203797194004639e-03
7.202831472391950e-03
7.201866601719490e-03
7.200902576350050e-03
7.199939390646426e-03
7.198977038971408e-03
7.198015515687791e-03
7.197054815158369e-03
7.196094931745934e-03
7.195135859813280e-03
7.194177593723198e-03
7.193220127838483e-03
7.192263456521928e-03
7.191307574136326e-03
7.190352475052903e-03
7.189398155430682e-03
7.188444615417495e-03
7.187491855700889e-03
7.186539876968406e-03
7.185588679907593e-03
7.184638265205995e-03
7.183688633551157e-03
7.182739785630622e-03
7.181791722131937e-03
7.180844443742646e-03
7.179897951150293e-03
7.178952245042425e-03
7.178007326106587e-03
7.177063195030323e-03
7.176119852501176e-03
7.175177299206695e-03
7.174235535834422e-03
7.173294563071903e-03
7.172354381606683e-03
7.171414992126307e-03
7.170476395318319e-03
7.169538591870265e-03
7.168601582469689e-03
7.167665367804138e-03
7.166729948561154e-03
7.165795325428284e-03
7.164861499093072e-03
7.163928470243064e-03
7.162996239565804e-03
7.162064807748838e-03
7.161134175479709e-03
7.160204343445964e-03
7.159275312335147e-03
7.158347082834803e-03
7.157419655632477e-03
7.156493031415714e-03
7.155567210872058e-03
7.154642194689056e-03
7.153717983554251e-03
7.152794578155189e-03
7.151871979179415e-03
7.150950187314474e-03
7.150029203247910e-03
7.149109027667269e-03
7.148189661260096e-03
7.147271104713935e-03
7.146353358716330e-03
7.145436423954829e-03
7.144520301116976e-03
7.143604990890313e-03
7.142690493962389e-03
7.141776811020747e-03
7.140863942752931e-03
7.139951889846488e-03
7.139040652988963e-03
7.138130232867898e-03
7.137220630170841e-03
7.136311845585336e-03
7.135403879798928e-03
7.134496733499160e-03
7.133590407373581e-03
7.132684902109733e-03
7.131780218395161e-03
7.130876356917411e-03
7.129973318364027e-03
7.129071103422555e-03
7.128169712780540e-03
7.127269147125526e-03
7.126369407145058e-03
7.125470493526682e-03
7.124572406957942e-03
7.123675148126383e-03
7.122778717719550e-03
7.121883116424988e-03
7.120988344930242e-03
7.120094403922858e-03
7.119201294090379e-03
7.118309016120351e-03
7.117417570700319e-03
7.116526958517828e-03
7.115637180260422e-03
7.114748236615649e-03
7.113860128271050e-03
7.112972855914172e-03
7.112086420232559e-03
7.111200821913756e-03
7.110316061645309e-03
7.109432140114763e-03
7.108549058009662e-03
7.107666816017552e-03
7.106785414825976e-03
7.105904855122480e-03
7.105025137594610e-03
7.104146262929911e-03
7.103268231815926e-03
7.102391044940201e-03
7.101514702990282e-03
7.100639206653711e-03
7.099764556618037e-03
7.098890753570801e-03
7.098017798199551e-03
7.097145691191831e-03
7.096274433235185e-03
7.095404025017158e-03
7.094534467225297e-03
7.093665760547144e-03
7.092797905670248e-03
7.091930903282148e-03
7.091064754070396e-03
7.090199458722531e-03
7.089335017926100e-03
7.088471432368649e-03
7.087608702737723e-03
7.086746829720865e-03
7.085885814005622e-03
7.085025656279538e-03
7.084166357230157e-03
7.083307917545025e-03
7.082450337911688e-03
7.081593619017689e-03
7.080737761550574e-03
7.079882766197888e-03
7.079028633647176e-03
7.078175364585982e-03
7.077322959701851e-03
7.076471419682331e-03
7.075620745214962e-03
7.074770936987293e-03
7.073921995686867e-03
7.073073922001228e-03
7.072226716617924e-03
7.071380380224498e-03
7.070534913508495e-03
7.069690317157460e-03
7.068846591858938e-03
7.068003738300474e-03
7.067161757169614e-03
7.066320649153901e-03
7.065480414940881e-03
7.064641055218100e-03
7.063802570673100e-03
7.062964961993429e-03
7.062128229866631e-03
7.061292374980250e-03
7.060457398021832e-03
7.059623299678922e-03
7.058790080639064e-03
7.057957741589803e-03
7.057126283218684e-03
7.056295706213253e-03
7.055466011261055e-03
7.054637199049634e-03
7.053809270266535e-03
7.052982225599303e-03
7.052156065735483e-03
7.051330791362621e-03
7.050506403168262e-03
7.049682901839948e-03
7.048860288065226e-03
7.048038562531642e-03
7.047217725926739e-03
7.046397778938063e-03
7.045578722253159e-03
7.044760556559572e-03
7.043943282544846e-03
7.043126900896526e-03
7.042311412302158e-03
7.041496817449287e-03
7.040683117025458e-03
7.039870311718215e-03
7.039058402215103e-03
7.038247389203668e-03
7.037437273371453e-03
7.036628055406005e-03
7.035819735994868e-03
7.035012315825587e-03
7.034205795585708e-03
7.033400175962773e-03
7.032595457644330e-03
7.031791641317924e-03
7.030988727671098e-03
7.030186717391398e-03
7.029385611166368e-03
7.028585409683555e-03
7.027786113630502e-03
7.026987723694754e-03
7.026190240563858e-03
7.025393664925357e-03
7.024597997466795e-03
7.023803238875720e-03
7.023009389839675e-03
7.022216451046206e-03
7.021424423182857e-03
7.020633306937173e-03
7.019843102996699e-03
7.019053812048980e-03
7.018265434781562e-03
7.017477971881987e-03
7.016691424037804e-03
7.015905791936556e-03
7.015121076265787e-03
7.014337277713042e-03
7.013554396965868e-03
7.012772434711810e-03
7.011991391638410e-03
7.011211268433214e-03
7.010432065783769e-03
7.009653784377619e-03
7.008876424902307e-03
7.008099988045380e-03
7.007324474494383e-03
7.006549884936859e-03
7.005776220060355e-03
7.005003480552416e-03
7.004231667100585e-03
7.003460780392409e-03
7.002690821115432e-03
7.001921789957199e-03
7.001153687605254e-03
7.000386514747145e-03
6.999620272070414e-03
6.998854960262606e-03
6.998090580011268e-03
6.997327132003943e-03
6.996564616928177e-03
6.995803035471515e-03
6.995042388321501e-03
6.994282676165681e-03
6.993523899691600e-03
6.992766059586801e-03
6.992009156538831e-03
6.991253191235235e-03
6.990498164363557e-03
6.989744076611342e-03
6.988990928666136e-03
6.988238721215483e-03
6.987487454946927e-03
6.986737130548016e-03
6.985987748706291e-03
6.985239310109300e-03
6.984491815444587e-03
6.983745265399697e-03
6.982999660662174e-03
6.982255001919565e-03
6.981511289859414e-03
6.980768525169264e-03
6.980026708536663e-03
6.979285840649154e-03
6.978545922194282e-03
6.977806953859593e-03
6.977068936332632e-03
6.976331870300943e-03
6.975595756452071e-03
6.974860595473561e-03
6.974126388052959e-03
6.973393134877810e-03
6.972660836635657e-03
6.971929494014047e-03
6.971199107700523e-03
6.970469678382631e-03
6.969741206747916e-03
6.969013693483924e-03
6.968287139278198e-03
6.967561544818284e-03
6.966836910791726e-03
6.966113237886071e-03
6.965390526788862e-03
6.964668778187645e-03
6.963947992769964e-03
6.963228171223365e-03
6.962509314235392e-03
6.961791422493591e-03
6.961074496685506e-03
6.960358537498683e-03
6.959643545620665e-03
6.958929521738999e-03
6.958216466541229e-03
6.957504380714900e-03
6.956793264947558e-03
6.956083119926746e-03
6.955373946340010e-03
6.954665744874896e-03
6.953958516218947e-03
6.953252261059709e-03
6.952546980084726e-03
6.951842673981545e-03
6.951139343437709e-03
6.950436989140763e-03
6.949735611778254e-03
6.949035212037725e-03
6.948335790606722e-03
6.947637348172788e-03
6.946939885423471e-03
6.946243403046313e-03
6.945547901728861e-03
6.944853382158660e-03
6.944159845023253e-03
6.943467291010186e-03
6.942775720807004e-03
6.942085135101254e-03
6.941395534580477e-03
6.940706919932220e-03
6.940019291844029e-03
6.939332651003448e-03
6.938646998098021e-03
6.937962333815293e-03
6.937278658842812e-03
6.936595973868118e-03
6.935914279578761e-03
6.935233576662282e-03
6.934553865806228e-03
6.933875147698144e-03
6.933197423025573e-03
6.932520692476063e-03
6.931844956737156e-03
6.931170216496398e-03
6.930496472441336e-03
6.929823725259512e-03
6.929151975638473e-03
6.928481224265762e-03
6.927811471828926e-03
6.927142719015508e-03
6.926474966513054e-03
6.925808215009110e-03
6.925142465191218e-03
6.924477717746926e-03
6.923813973363778e-03
6.923151232729318e-03
6.922489496531092e-03
6.921828765456645e-03
6.921169040193520e-03
6.920510321429265e-03
6.919852609851423e-03
6.919195906147539e-03
6.918540211005159e-03
6.917885525111827e-03
6.917231849155089e-03
6.916579183822488e-03
6.915927529801569e-03
6.915276887779881e-03
6.914627258444965e-03
6.913978642484365e-03
6.913331040585630e-03
6.912684453436304e-03
6.912038881723929e-03
6.911394326136052e-03
6.910750787360217e-03
6.910108266083972e-03
6.909466762994858e-03
6.908826278780421e-03
6.908186814128208e-03
6.907548369725762e-03
6.906910946260628e-03
6.906274544420352e-03
6.905639164892478e-03
6.905004808364552e-03
6.904371475524118e-03
6.903739167058721e-03
6.903107883655906e-03
6.902477626003218e-03
6.901848394788202e-03
6.901220190698404e-03
6.900593014421367e-03
6.899966866644637e-03
6.899341748055760e-03
6.898717659342278e-03
6.898094601191739e-03
6.897472574291686e-03
6.896851579329666e-03
6.896231616993221e-03
6.895612687969899e-03
6.894994792947242e-03
6.894377932612798e-03
6.893762107654110e-03
6.893147318758723e-03
6.892533566614183e-03
6.891920851908033e-03
6.891309175327820e-03
6.890698537561088e-03
6.890088939295383e-03
6.889480381218248e-03
6.888872864017230e-03
6.888266388379872e-03
6.887660954993721e-03
6.887056564546320e-03
6.886453217725215e-03
6.885850915217951e-03
6.885249657712073e-03
6.884649445895125e-03
6.884050280454653e-03
6.883452162078202e-03
6.882855091453316e-03
6.882259069267540e-03
6.881664096208421e-03
6.881070172963502e-03
6.880477300220328e-03
6.879885478666444e-03
6.879294708989395e-03
6.878704991876727e-03
6.878116328015984e-03
6.877528718094710e-03
6.876942162800453e-03
6.876356662820755e-03
6.875772218843162e-03
6.875188831555219e-03
6.874606501644471e-03
6.874025229798462e-03
6.873445016704739e-03
6.872865863050845e-03
6.872287769524326e-03
6.871710736812726e-03
6.871134765603591e-03
6.870559856584466e-03
6.869986010442895e-03
6.869413227866423e-03
6.868841509542596e-03
6.868270856158958e-03
6.867701268403054e-03
6.867132746962430e-03
6.866565292524630e-03
6.865998905777199e-03
6.865433587407681e-03
6.864869338103624e-03
6.864306158552570e-03
6.863744049442065e-03
6.863183011459654e-03
6.862623045292881e-03
6.862064151629293e-03
6.861506331156434e-03
6.860949584561848e-03
6.860393912533080e-03
6.859839315757676e-03
6.859285794923181e-03
6.858733350717139e-03
6.858181983827096e-03
6.857631694940596e-03
6.857082484745185e-03
6.856534353928406e-03
6.855987303177806e-03
6.855441333180929e-03
6.854896444625320e-03
6.854352638198525e-03
6.853809914588087e-03
6.853268274481553e-03
6.852727718566467e-03
6.852188247530373e-03
6.851649862060817e-03
6.851112562845344e-03
6.850576350571499e-03
6.850041225926827e-03
6.849507189598872e-03
6.848974242275180e-03
6.848442384643295e-03
6.847911617390763e-03
6.847381941205128e-03
6.846853356773936e-03
6.846325864784732e-03
6.845799465925059e-03
6.845274160882464e-03
6.844749950344491e-03
6.844226834998685e-03
6.843704815532591e-03
6.843183892633754e-03
6.842664066989720e-03
6.842145339288033e-03
6.841627710216237e-03
6.841111180461878e-03
6.840595750712501e-03
6.840081421655651e-03
6.839568193978873e-03
6.839056068369711e-03
6.838545045515712e-03
6.838035126104418e-03
6.837526310823376e-03
6.837018600360130e-03
6.836511995402226e-03
6.836006496637208e-03
6.835502104752623e-03
6.834998820436013e-03
6.834496644374924e-03
6.833995577256901e-03
6.833495619769490e-03
6.832996772600235e-03
6.832499036436681e-03
6.832002411966372e-03
6.831506899876855e-03
6.831012500855674e-03
6.830519215590373e-03
6.830027044768499e-03
6.829535989077594e-03
6.829046049205206e-03
6.828557225838879e-03
6.828069519666156e-03
6.827582931374586e-03
6.827097461651710e-03
6.826613111185074e-03
6.826129880662224e-03
6.825647770770705e-03
6.825166782198060e-03
6.824686915631836e-03
6.824208171759577e-03
6.823730551268828e-03
6.823254054847135e-03
6.822778683182042e-03
6.822304436961094e-03
6.821831316871835e-03
6.821359323601811e-03
6.820888457838568e-03
6.820418720269649e-03
6.819950111582600e-03
6.819482632464966e-03
6.819016283604291e-03
6.818551065688121e-03
6.818086979404001e-03
6.817624025439475e-03
6.817162204482088e-03
6.816701517219387e-03
6.816241964338914e-03
6.815783546528216e-03
6.815326264474837e-03
6.814870118866322e-03
6.814415110390217e-03
6.813961239734065e-03
6.813508507585413e-03
6.813056914631806e-03
6.812606461560786e-03
6.812157149059901e-03
6.811708977816694e-03
6.811261948518712e-03
6.810816061853498e-03
6.810371318508598e-03
6.809927719171558e-03
6.809485264529919e-03
6.809043955271231e-03
6.808603792083035e-03
6.808164775652878e-03
6.807726906668305e-03
6.807290185816860e-03
6.806854613786088e-03
6.806420191263535e-03
6.805986918936744e-03
6.805554797493263e-03
6.805123827620634e-03
6.804694010006404e-03
6.804265345338117e-03
6.803837834303317e-03
6.803411477589550e-03
6.802986275884362e-03
6.802562229875296e-03
6.802139340249898e-03
6.801717607695713e-03
6.801297032900285e-03
6.800877616551161e-03
6.800459359335884e-03
6.800042261941999e-03
6.799626325057052e-03
6.799211549368588e-03
6.798797935564151e-03
6.798385484331287e-03
6.797974196357539e-03
6.797564072330454e-03
6.797155112937576e-03
6.796747318866450e-03
6.796340690804622e-03
6.795935229439635e-03
6.795530935459036e-03
6.795127809550368e-03
6.794725852401178e-03
6.794325064699010e-03
6.793925447131408e-03
6.793527000385918e-03
6.793129725150085e-03
6.792733622111454e-03
6.792338691957569e-03
6.791944935375976e-03
6.791552353054219e-03
6.791160945679844e-03
6.790770713940395e-03
6.790381658523418e-03
6.789993780116457e-03
6.789607079407058e-03
6.789221557082764e-03
6.788837213831123e-03
6.788454050339676e-03
6.788072067295972e-03
6.787691265387552e-03
6.787311645301965e-03
6.786933207726753e-03
6.786555953349462e-03
6.786179882857638e-03
6.785804996938823e-03
6.785431296280564e-03
6.785058781570407e-03
6.784687453495895e-03
6.784317312744573e-03
6.783948360003987e-03
6.783580595961682e-03
6.783214021305202e-03
6.782848636722093e-03
6.782484442899899e-03
6.782121440526165e-03
6.781759630288437e-03
6.781399012874259e-03
6.781039588971176e-03
6.780681359266733e-03
6.780324324448475e-03
6.779968485203947e-03
6.779613842220695e-03
6.779260396186261e-03
6.778908147788194e-03
6.778557097714036e-03
6.778207246651333e-03
6.777858595287629e-03
6.777511144310470e-03
6.777164894407401e-03
6.776819846265966e-03
6.776476000573711e-03
6.776133358018180e-03
6.775791919286919e-03
6.775451685067472e-03
6.775112656047385e-03
6.774774832914202e-03
6.774438216355468e-03
6.774102807058729e-03
6.773768605711528e-03
6.773435613001412e-03
6.773103829615925e-03
6.772773256242611e-03
6.772443893569017e-03
6.772115742282686e-03
6.771788803071165e-03
6.771463076621997e-03
6.771138563622729e-03
6.770815264760903e-03
6.770493180724067e-03
6.770172312199764e-03
6.769852659875539e-03
6.769534224438939e-03
6.769217006577506e-03
6.768901006978786e-03
6.768586226330326e-03
6.768272665319669e-03
6.767960324634360e-03
6.767649204961945e-03
6.767339306989966e-03
6.767030631405972e-03
6.766723178897506e-03
6.766416950152112e-03
6.766111945857337e-03
6.765808166700724e-03
6.765505613369820e-03
6.765204286552168e-03
6.764904186935314e-03
6.764605315206803e-03
6.764307672054179e-03
6.764011258164989e-03
6.763716074226775e-03
6.763422120927085e-03
6.763129398953461e-03
6.762837908993451e-03
6.762547651734598e-03
6.762258627864446e-03
6.761970838070543e-03
6.761684283040431e-03
6.761398963461657e-03
6.761114880021764e-03
6.760832033408299e-03
6.760550424308807e-03
6.760270053410830e-03
6.759990921401916e-03
6.759713028969609e-03
6.759436376801453e-03
6.759160965584995e-03
6.758886796007778e-03
6.758613868757348e-03
6.758342184521250e-03
6.758071743987028e-03
6.757802547842228e-03
6.757534596774395e-03
6.757267891471072e-03
6.757002432619806e-03
6.756738220908142e-03
6.756475257023624e-03
6.756213541653797e-03
6.755953075486207e-03
6.755693859208397e-03
6.755435893507914e-03
6.755179179072301e-03
6.754923716589105e-03
6.754669506745871e-03
6.754416550230141e-03
6.754164847729463e-03
6.753914399931380e-03
6.753665207523438e-03
6.753417271193182e-03
6.753170591628157e-03
6.752925169515907e-03
6.752681005543978e-03
6.752438100399914e-03
6.752196454771261e-03
6.751956069345563e-03
6.751716944810366e-03
6.751479081853214e-03
6.751242481161652e-03
6.751007143423226e-03
6.750773069325479e-03
6.750540259555959e-03
6.750308714802208e-03
6.750078435751772e-03
6.749849423092195e-03
6.749621677511025e-03
6.749395199695803e-03
6.749169990334077e-03
6.748946050113390e-03
6.748723379721289e-03
6.748501979845317e-03
6.748281851173020e-03
6.748062994391942e-03
6.747845410189629e-03
6.747629099253625e-03
6.747414062271476e-03
6.747200299930726e-03
6.746987812918921e-03
6.746776601923605e-03
6.746566667632323e-03
6.746358010732621e-03
6.746150631912042e-03
6.745944531858132e-03
6.745739711258437e-03
6.745536170800500e-03
6.745333911171869e-03
6.745132933060085e-03
6.744933237152696e-03
6.744734824137245e-03
6.744537694701278e-03
6.744341849532340e-03
6.744147289317976e-03
6.743954014745730e-03
6.743762026503147e-03
6.743571325277774e-03
6.743381911757153e-03
6.743193786628831e-03
6.743006950580353e-03
6.742821404299263e-03
6.742637148473106e-03
6.742454183789427e-03
6.742272510935773e-03
6.742092130599685e-03
6.741913043468711e-03
6.741735250230395e-03
6.741558751572282e-03
6.741383548181917e-03
6.741209640746844e-03
6.741037029954609e-03
6.740865716492758e-03
6.740695701048834e-03
6.740526984310382e-03
6.740359566964949e-03
6.740193449700079e-03
6.740028633203315e-03
6.739865118162204e-03
6.739702905264291e-03
6.739541995197120e-03
6.739382388648236e-03
6.739224086305185e-03
6.739067088855510e-03
6.738911396986759e-03
6.738757011386474e-03
6.738603932742201e-03
6.738452161741485e-03
6.738301699071872e-03
6.738152545420905e-03
6.738004701476131e-03
6.737858167925093e-03
6.737712945455337e-03
6.737569034754408e-03
6.737426436509850e-03
6.737285151409210e-03
6.737145180140030e-03
6.737006523389858e-03
6.736869181846237e-03
6.736733156196713e-03
6.736598447128830e-03
6.736465055330132e-03
6.736332981488167e-03
6.736202226290478e-03
6.736072790424610e-03
6.735944674578108e-03
6.735817879438518e-03
6.735692405693383e-03
6.735568254030249e-03
6.735445425136662e-03
6.735323919700166e-03
6.735203738408304e-03
6.735084881948625e-03
6.734967351008671e-03
6.734851146275987e-03
6.734736268438120e-03
6.734622718182612e-03
6.734510496197011e-03
6.734399603168861e-03
6.734290039785706e-03
6.734181806735090e-03
6.734074904704561e-03
6.733969334381661e-03
6.733865096453938e-03
6.733762191608934e-03
6.733660620534196e-03
6.733560383917267e-03
6.733461482445695e-03
6.733363916807022e-03
6.733267687688793e-03
6.733172795778556e-03
6.733079241763852e-03
6.732987026332229e-03
6.732896150171231e-03
6.732806613968402e-03
6.732718418411288e-03
6.732631564187434e-03
6.732546051984384e-03
6.732461882489683e-03
6.732379056390878e-03
6.732297574375511e-03
6.732217437131130e-03
6.732138645345278e-03
6.732061199705500e-03
6.731985100899341e-03
6.731910349614347e-03
6.731836946538061e-03
6.731764892358030e-03
6.731694187761798e-03
6.731624833436910e-03
6.731556830070911e-03
6.731490178351346e-03
6.731424878965759e-03
6.731360932601697e-03
6.731298339946703e-03
6.731237101688323e-03
6.731177218514101e-03
6.731118691111584e-03
6.731061520168315e-03
6.731005706371839e-03
6.730951250409702e-03
6.730898152969449e-03
6.730846414738624e-03
6.730796036404772e-03
6.730747018655439e-03
6.730699362178168e-03
6.730653067660506e-03
6.730608135789997e-03
6.730564567254187e-03
6.730522362740619e-03
6.730481522936839e-03
6.730442048530392e-03
6.730403940208823e-03
6.730367198659677e-03
6.730331824570499e-03
6.730297818628834e-03
6.730265181522226e-03
6.730233913938221e-03
6.730204016564364e-03
6.730175490088198e-03
6.730148335197271e-03
6.730122552579126e-03
6.730098142921309e-03
6.730075106911364e-03
6.730053445236836e-03
6.730033158585270e-03
6.730014247644212e-03
6.729996713101206e-03
6.729980555643797e-03
6.729965775959529e-03
6.729952374735950e-03
6.729940352660601e-03
6.729929710421031e-03
6.729920448704781e-03
6.729912568199399e-03
6.729906069592429e-03
6.729900953571415e-03
6.729897220823903e-03
6.729894872037437e-03
6.729893907899564e-03
6.729894329097826e-03
6.729896136319771e-03
6.729899330252941e-03
6.729903911584883e-03
6.729909881003141e-03
6.729917239195260e-03
6.729925986848786e-03
6.729936124651263e-03
6.729947653290236e-03
6.729960573453251e-03
6.729974885827851e-03
6.729990591101583e-03
6.730007689961990e-03
6.730026183096618e-03
6.730046071193012e-03
6.730067354938717e-03
6.730090035021278e-03
6.730114112128239e-03
6.730139586947146e-03
6.730166460165543e-03
6.730194732470976e-03
6.730224404550990e-03
6.730255477093129e-03
6.730287950784938e-03
6.730321826313963e-03
6.730357104367748e-03
6.730393785633839e-03
6.730431870799780e-03
6.730471360553115e-03
6.730512255581391e-03
6.730554556572153e-03
6.730598264212943e-03
6.730643379191309e-03
6.730689902194795e-03
6.730737833910946e-03
6.730787175027306e-03
6.730837926231422e-03
6.730890088210837e-03
6.730943661653097e-03
6.730998647245747e-03
6.731055045676330e-03
6.731112857632394e-03
6.731172083801482e-03
6.731232724871139e-03
6.731294781528912e-03
6.731358254462342e-03
6.731423144358978e-03
6.731489451906362e-03
6.731557177792041e-03
6.731626322703559e-03
6.731696887328461e-03
6.731768872354293e-03
6.731842278468598e-03
6.731917106358922e-03
6.731993356712810e-03
6.732071030217807e-03
6.732150127561457e-03
6.732230649431307e-03
6.732312596514900e-03
6.732395969499782e-03
6.732480769073497e-03
6.732566995923591e-03
6.732654650737608e-03
6.732743734203094e-03
6.732834247007593e-03
6.732926189838651e-03
6.733019563383813e-03
6.733114368330621e-03
6.733210605366624e-03
6.733308275179364e-03
6.733407378456388e-03
6.733507915885240e-03
6.733609888153465e-03
6.733713295948607e-03
6.733818139958213e-03
6.733924420869826e-03
6.734032139370993e-03
6.734141296149257e-03
6.734251891892164e-03
6.734363927287258e-03
6.734477403022085e-03
6.734592319784190e-03
6.734708678261117e-03
6.734826479140412e-03
6.734945723109619e-03
6.735066410856284e-03
6.735188543067950e-03
6.735312120432164e-03
6.735437143636471e-03
6.735563613368414e-03
6.735691530315540e-03
6.735820895165393e-03
6.735951708605518e-03
6.736083971323460e-03
6.736217684006764e-03
6.736352847342974e-03
6.736489462019636e-03
6.736627528724295e-03
6.736767048144496e-03
6.736908020967785e-03
6.737050447881704e-03
6.737194329573800e-03
6.737339666731617e-03
6.737486460042701e-03
6.737634710194597e-03
6.737784417874849e-03
6.737935583771002e-03
6.738088208570601e-03
6.738242292961192e-03
6.738397837630319e-03
6.738554843265527e-03
6.738713310554361e-03
6.738873240184367e-03
6.739034632843087e-03
6.739197489218069e-03
6.739361809996858e-03
6.739527595866997e-03
6.739694847516031e-03
6.739863565631507e-03
6.740033750900968e-03
6.740205404011961e-03
6.740378525652028e-03
6.740553116508717e-03
6.740729177269570e-03
6.740906708622135e-03
6.741085711253954e-03
6.741266185852574e-03
6.741448133105539e-03
6.741631553700395e-03
6.741816448324686e-03
6.742002817665956e-03
6.742190662411753e-03
6.742379983249619e-03
6.742570780867100e-03
6.742763055951741e-03
6.742956809191087e-03
6.743152041272683e-03
6.743348752884074e-03
6.743546944712805e-03
6.743746617446420e-03
6.743947771772466e-03
6.744150408378485e-03
6.744354527952024e-03
6.744560131180628e-03
6.744767218751842e-03
6.744975791353209e-03
6.745185849672276e-03
6.745397394396588e-03
6.745610426213688e-03
6.745824945811124e-03
6.746040953876438e-03
6.746258451097177e-03
6.746477438160884e-03
6.746697915755106e-03
6.746919884567386e-03
6.747143345285271e-03
6.747368298596304e-03
6.747594745188031e-03
6.747822685747997e-03
6.748052120963748e-03
6.748283051522826e-03
6.748515478112778e-03
6.748749401421149e-03
6.748984822135483e-03
6.749221740943326e-03
6.749460158532223e-03
6.749700075589718e-03
6.749941492803356e-03
6.750184410860683e-03
6.750428830449243e-03
6.750674752256580e-03
6.750922176970241e-03
6.751171105277770e-03
6.751421537866713e-03
6.751673475424613e-03
6.751926918639017e-03
6.752181868197468e-03
6.752438324787512e-03
6.752696289096694e-03
6.752955761812559e-03
6.753216743622652e-03
6.753479235214517e-03
6.753743237275700e-03
6.754008750493745e-03
6.754275775556198e-03
6.754544313150604e-03
6.754814363964507e-03
6.755085928685452e-03
6.755359008000984e-03
6.755633602598649e-03
6.755909713165992e-03
6.756187340390555e-03
6.756466484959887e-03
6.756747147561531e-03
6.757029328883031e-03
6.757313029611934e-03
6.757598250435784e-03
6.757884992042125e-03
6.758173255118504e-03
6.758463040352464e-03
6.758754348431551e-03
6.759047180043309e-03
6.759341535875285e-03
6.759637416615022e-03
6.759934822950065e-03
6.760233755567960e-03
6.760534215156252e-03
6.760836202402485e-03
6.761139717994203e-03
6.761444762618954e-03
6.761751336964281e-03
6.762059441717728e-03
6.762369077566843e-03
6.762680245199168e-03
6.762992945302249e-03
6.763307178563632e-03
6.763622945670861e-03
6.763940247311480e-03
6.764259084173035e-03
6.764579456943071e-03
6.764901366309133e-03
6.765224812958765e-03
6.765549797579513e-03
6.765876320858922e-03
6.766204383484536e-03
6.766533986143901e-03
6.766865129524562e-03
6.767197814314062e-03
6.767532041199949e-03
6.767867810869765e-03
6.768205124011057e-03
6.768543981311369e-03
6.768884383458246e-03
6.769226331139234e-03
6.769569825041876e-03
6.769914865853719e-03
6.770261454262306e-03
6.770609590955184e-03
6.770959276619896e-03
6.771310511943988e-03
6.771663297615005e-03
6.772017634320492e-03
6.772373522747993e-03
6.772730963585055e-03
6.773089957519221e-03
6.773450505238036e-03
6.773812607429045e-03
6.774176264779794e-03
6.774541477977828e-03
6.774908247710691e-03
6.775276574665928e-03
6.775646459531085e-03
6.776017902993705e-03
6.776390905741335e-03
6.776765468461519e-03
6.777141591841803e-03
6.777519276569730e-03
6.777898523332846e-03
6.778279332818696e-03
6.778661705714825e-03
6.779045642708778e-03
6.779431144488099e-03
6.779818211740334e-03
6.780206845153028e-03
6.780597045413726e-03
6.780988813209972e-03
6.781382149229311e-03
6.781777054159289e-03
6.782173528687450e-03
6.782571573501340e-03
6.782971189288504e-03
6.783372376736485e-03
6.783775136532830e-03
6.784179469365083e-03
6.784585375920789e-03
6.784992856887493e-03
6.785401912952740e-03
6.785812544804076e-03
6.786224753129044e-03
6.786638538615190e-03
6.787053901950058e-03
6.787470843821195e-03
6.787889364916144e-03
6.788309465922452e-03
6.788731147527661e-03
6.789154410419319e-03
6.789579255284968e-03
6.790005682812156e-03
6.790433693688426e-03
6.790863288601323e-03
6.791294468238392e-03
6.791727233287180e-03
6.792161584435228e-03
6.792597522370085e-03
6.793035047779293e-03
6.793474161350399e-03
6.793914863770946e-03
6.794357155728481e-03
6.794801037910548e-03
6.795246511004691e-03
6.795693575698456e-03
6.796142232679389e-03
6.796592482635032e-03
6.797044326252933e-03
6.797497764220636e-03
6.797952797225684e-03
6.798409425955625e-03
6.798867651098002e-03
6.799327473340361e-03
6.799788893370246e-03
6.800251911875202e-03
6.800716529542775e-03
6.801182747060508e-03
6.801650565115949e-03
6.802119984396640e-03
6.802591005590128e-03
6.803063629383956e-03
6.803537856465671e-03
6.804013687522817e-03
6.804491123242938e-03
6.804970164313581e-03
6.805450811422289e-03
6.805933065256608e-03
6.806416926504083e-03
6.806902395852257e-03
6.807389473988679e-03
6.807878161600891e-03
6.808368459376437e-03
6.808860368002866e-03
6.809353888167719e-03
6.809849020558542e-03
6.810345765862882e-03
6.810844124768281e-03
6.811344097962285e-03
6.811845686132439e-03
6.812348889966289e-03
6.812853710151379e-03
6.813360147375254e-03
6.813868202325459e-03
6.814377875689539e-03
6.814889168155039e-03
6.815402080409504e-03
6.815916613140478e-03
6.816432767035508e-03
6.816950542782137e-03
6.817469941067910e-03
6.817990962580373e-03
6.818513608007072e-03
6.819037878035548e-03
6.819563773353350e-03
6.820091294648022e-03
6.820620442607107e-03
6.821151217918152e-03
6.821683621268701e-03
6.822217653346300e-03
6.822753314838492e-03
6.823290606432824e-03
6.823829528816839e-03
6.824370082678085e-03
6.824912268704103e-03
6.825456087582441e-03
6.826001540000642e-03
6.826548626646253e-03
6.827097348206817e-03
6.827647705369881e-03
6.828199698822987e-03
6.828753329253682e-03
6.829308597349510e-03
6.829865503798018e-03
6.830424049286749e-03
6.830984234503248e-03
6.831546060135061e-03
6.832109526869732e-03
6.832674635394807e-03
6.833241386397829e-03
6.833809780566345e-03
6.834379818587899e-03
6.834951501150035e-03
6.835524828940301e-03
6.836099802646239e-03
6.836676422955395e-03
6.837254690555314e-03
6.837834606133540e-03
6.838416170377620e-03
6.838999383975097e-03
6.839584247613517e-03
6.840170761980425e-03
6.840758927763366e-03
6.841348745649884e-03
6.841940216327524e-03
6.842533340483832e-03
6.843128118806352e-03
6.843724551982629e-03
6.844322640700209e-03
6.844922385646636e-03
6.845523787509455e-03
6.846126846976212e-03
6.846731564734451e-03
6.847337941471717e-03
6.847945977875554e-03
6.848555674633509e-03
6.849167032433126e-03
6.849780051961949e-03
6.850394733907525e-03
6.851011078957397e-03
6.851629087799111e-03
6.852248761120211e-03
6.852870099608244e-03
6.853493103950753e-03
6.854117774835283e-03
6.854744112949379e-03
6.855372118980588e-03
6.856001793616453e-03
6.856633137544518e-03
6.857266151452331e-03
6.857900836027435e-03
6.858537191957374e-03
6.859175219929695e-03
)
;

boundaryField
{
    inlet
    {
        type            fixedValue;
        value           uniform 0.22006045;
    }
    outlet
    {
        type            zeroGradient;
    }
    wall
    {
        type            empty;
    }
}


// ************************************************************************* //
