/*--------------------------------*- C++ -*----------------------------------*\
| =========                 |                                                 |
| \\      /  F ield         | OpenFOAM: The Open Source CFD Toolbox           |
|  \\    /   O peration     | Version:  5.x                                   |
|   \\  /    A nd           | Web:      www.OpenFOAM.org                      |
|    \\/     M anipulation  |                                                 |
\*---------------------------------------------------------------------------*/
FoamFile
{
    version     2.0;
    format      ascii;
    class       volScalarField;
    location    "1";
    object       CH2O;
}
// * * * * * * * * * * * * * * * * * * * * * * * * * * * * * * * * * * * * * //

dimensions      [0 0 0 0 0 0 0];

internalField   nonuniform List<scalar>
4335
(
3.126673000310519e-14
1.853298089939170e-14
5.887477626207847e-15
-6.669983900566709e-15
-1.913960776505230e-14
-3.152159805136928e-14
-4.381615884363798e-14
-5.602349422597874e-14
-6.814380828251191e-14
-8.017730509735780e-14
-9.212418875463678e-14
-1.039846633384692e-13
-1.157589329329754e-13
-1.274472016222756e-13
-1.390496734904903e-13
-1.505665526217398e-13
-1.619980431001444e-13
-1.733443490098245e-13
-1.846056744349003e-13
-1.957822234594923e-13
-2.068742001677207e-13
-2.178818086437061e-13
-2.288052529715684e-13
-2.396447372354285e-13
-2.504004655194062e-13
-2.610726419076222e-13
-2.716614704841966e-13
-2.821671553332500e-13
-2.925899005389025e-13
-3.029299101852746e-13
-3.131873883564865e-13
-3.233625391366586e-13
-3.334555666099113e-13
-3.434666748603650e-13
-3.533960679721398e-13
-3.632439500293562e-13
-3.730105251161345e-13
-3.826959973165950e-13
-3.923005707148582e-13
-4.018244493950443e-13
-4.112678374412736e-13
-4.206309389376666e-13
-4.299139579683436e-13
-4.391170986174248e-13
-4.482405649690305e-13
-4.572845611072814e-13
-4.662492911162976e-13
-4.751349590801993e-13
-4.839417690831072e-13
-4.926699252091412e-13
-5.013196315424221e-13
-5.098910921670698e-13
-5.183845111672049e-13
-5.268000926269476e-13
-5.351380406304185e-13
-5.433985592617377e-13
-5.515818526050257e-13
-5.596881247444026e-13
-5.677175797639890e-13
-5.756704217479050e-13
-5.835468547802712e-13
-5.913470829452077e-13
-5.990713103268349e-13
-6.067197410092734e-13
-6.142925790766432e-13
-6.217900286130647e-13
-6.292122937026585e-13
-6.365595784295446e-13
-6.438320868778434e-13
-6.510300231316754e-13
-6.581535912751610e-13
-6.652029953924202e-13
-6.721784395675737e-13
-6.790801278847415e-13
-6.859082644280443e-13
-6.926630532816022e-13
-6.993446985295356e-13
-7.059534042559649e-13
-7.124893745450102e-13
-7.189528134807922e-13
-7.253439251474310e-13
-7.316629136290469e-13
-7.379099830097606e-13
-7.440853373736918e-13
-7.501891808049616e-13
-7.562217173876896e-13
-7.621831512059968e-13
-7.680736863440032e-13
-7.738935268858290e-13
-7.796428769155949e-13
-7.853219405174209e-13
-7.909309217754276e-13
-7.964700247737353e-13
-8.019394535964642e-13
-8.073394123277348e-13
-8.126701050516671e-13
-8.179317358523820e-13
-8.231245088139993e-13
-8.282486280206397e-13
-8.333042975564233e-13
-8.382917215054708e-13
-8.432111039519021e-13
-8.480626489798378e-13
-8.528465606733980e-13
-8.575630431167034e-13
-8.622123003938741e-13
-8.667945365890305e-13
-8.713099557862930e-13
-8.757587620697819e-13
-8.801411595236172e-13
-8.844573522319199e-13
-8.887075442788100e-13
-8.928919397484074e-13
-8.970107427248334e-13
-9.010641572922075e-13
-9.050523875346504e-13
-9.089756375362825e-13
-9.128341113812237e-13
-9.166280131535950e-13
-9.203575469375162e-13
-9.240229168171079e-13
-9.276243268764906e-13
-9.311619811997843e-13
-9.346360838711095e-13
-9.380468389745864e-13
-9.413944505943356e-13
-9.446791228144772e-13
-9.479010597191315e-13
-9.510604653924190e-13
-9.541575439184601e-13
-9.571924993813752e-13
-9.601655358652845e-13
-9.630768574543079e-13
-9.659266682325664e-13
-9.687151722841800e-13
-9.714425736932693e-13
-9.741090765439547e-13
-9.767148849203559e-13
-9.792602029065941e-13
-9.817452345867888e-13
-9.841701840450608e-13
-9.865352553655305e-13
-9.888406526323179e-13
-9.910865799295441e-13
-9.932732413413283e-13
-9.954008409517920e-13
-9.974695828450546e-13
-9.994796711052368e-13
-1.001431309816459e-12
-1.003324703062842e-12
-1.005160054928505e-12
-1.006937569497569e-12
-1.008657450854154e-12
-1.010319903082382e-12
-1.011925130266371e-12
-1.013473336490242e-12
-1.014964725838116e-12
-1.016399502394114e-12
-1.017777870242354e-12
-1.019100033466959e-12
-1.020366196152047e-12
-1.021576562381739e-12
-1.022731336240157e-12
-1.023830721811419e-12
-1.024874923179647e-12
-1.025864144428960e-12
-1.026798589643480e-12
-1.027678462907326e-12
-1.028503968304619e-12
-1.029275309919479e-12
-1.029992691836026e-12
-1.030656318138381e-12
-1.031266392910665e-12
-1.031823120236996e-12
-1.032326704201497e-12
-1.032777348888286e-12
-1.033175258381485e-12
-1.033520636765214e-12
-1.033813688123594e-12
-1.034054616540743e-12
-1.034243626100783e-12
-1.034380920887835e-12
-1.034466704986018e-12
-1.034501182479453e-12
-1.034484557452260e-12
-1.034417033988559e-12
-1.034298816172472e-12
-1.034130108088118e-12
-1.033911113819617e-12
-1.033642037451090e-12
-1.033323083066657e-12
-1.032954454750439e-12
-1.032536356586556e-12
-1.032068992659128e-12
-1.031552567052276e-12
-1.030987283850120e-12
-1.030373347136779e-12
-1.029710960996376e-12
-1.029000329513030e-12
-1.028241656770860e-12
-1.027435146853988e-12
-1.026581003846535e-12
-1.025679431832619e-12
-1.024730634896362e-12
-1.023734817121884e-12
-1.022692182593306e-12
-1.021602935394747e-12
-1.020467279610329e-12
-1.019285419324170e-12
-1.018057558620392e-12
-1.016783901583116e-12
-1.015464652296460e-12
-1.014100014844547e-12
-1.012690193311495e-12
-1.011235391781426e-12
-1.009735814338459e-12
-1.008191665066716e-12
-1.006603148050316e-12
-1.004970467373379e-12
-1.003293827120027e-12
-1.001573431374379e-12
-9.998094842205565e-13
-9.980021897426783e-13
-9.961517520248656e-13
-9.942583751512391e-13
-9.923222632059185e-13
-9.903436202730244e-13
-9.883226504366773e-13
-9.862595577809968e-13
-9.841545463901040e-13
-9.820078203481191e-13
-9.798195837391621e-13
-9.775900406473541e-13
-9.753193951568147e-13
-9.730078513516643e-13
-9.706556133160237e-13
-9.682628851340126e-13
-9.658298708897519e-13
-9.633567746673615e-13
-9.608438005509626e-13
-9.582911526246744e-13
-9.556990349726178e-13
-9.530676516789131e-13
-9.503972068276809e-13
-9.476879045030412e-13
-9.449399487891140e-13
-9.421535437700204e-13
-9.393288935298801e-13
-9.364662021528143e-13
-9.335656737229421e-13
-9.306275123243853e-13
-9.276519220412629e-13
-9.246391069576957e-13
-9.215892711578041e-13
-9.185026187257089e-13
-9.153793537455299e-13
-9.122196803013874e-13
-9.090238024774023e-13
-9.057919243576938e-13
-9.025242500263836e-13
-8.992209835675908e-13
-8.958823290654366e-13
-8.925084906040413e-13
-8.890996722675250e-13
-8.856560781400078e-13
-8.821779123056106e-13
-8.786653788484533e-13
-8.751186818526563e-13
-8.715380254023403e-13
-8.679236135816252e-13
-8.642756504746316e-13
-8.605943401654796e-13
-8.568798867382895e-13
-8.531324942771824e-13
-8.493523668662777e-13
-8.455397085896957e-13
-8.416947235315580e-13
-8.378176157759833e-13
-8.339085894070930e-13
-8.299678485090075e-13
-8.259955971658467e-13
-8.219920394617305e-13
-8.179573794807806e-13
-8.138918213071156e-13
-8.097955690248575e-13
-8.056688267181257e-13
-8.015117984710405e-13
-7.973246883677230e-13
-7.931077004922928e-13
-7.888610389288700e-13
-7.845849077615755e-13
-7.802795110745300e-13
-7.759450529518534e-13
-7.715817374776657e-13
-7.671897687360876e-13
-7.627693508112395e-13
-7.583206877872416e-13
-7.538439837482140e-13
-7.493394427782778e-13
-7.448072689615524e-13
-7.402476663821591e-13
-7.356608391242175e-13
-7.310469912718480e-13
-7.264063269091714e-13
-7.217390501203077e-13
-7.170453649893769e-13
-7.123254756005003e-13
-7.075795860377977e-13
-7.028079003853890e-13
-6.980106227273946e-13
-6.931879571479357e-13
-6.883401077311327e-13
-6.834672785611044e-13
-6.785696737219722e-13
-6.736474972978573e-13
-6.687009533728783e-13
-6.637302460311557e-13
-6.587355793568119e-13
-6.537171574339648e-13
-6.486751843467359e-13
-6.436098641792461e-13
-6.385214010156143e-13
-6.334099989399617e-13
-6.282758620364093e-13
-6.231191943890754e-13
-6.179402000820823e-13
-6.127390831995499e-13
-6.075160478255972e-13
-6.022712980443464e-13
-5.970050379399171e-13
-5.917174715964292e-13
-5.864088030980040e-13
-5.810792365287608e-13
-5.757289759728202e-13
-5.703582255143035e-13
-5.649671892373300e-13
-5.595560712260199e-13
-5.541250755644940e-13
-5.486744063368731e-13
-5.432042676272768e-13
-5.377148635198256e-13
-5.322063980986396e-13
-5.266790754478400e-13
-5.211330996515465e-13
-5.155686747938794e-13
-5.099860049589591e-13
-5.043852942309069e-13
-4.987667466938411e-13
-4.931305664318838e-13
-4.874769575291551e-13
-4.818061240697742e-13
-4.761182701378618e-13
-4.704135998175405e-13
-4.646923171929270e-13
-4.589546263481436e-13
-4.532007313673114e-13
-4.474308363345495e-13
-4.416451453339790e-13
-4.358438624497190e-13
-4.300271917658902e-13
-4.241953373666153e-13
-4.183485033360105e-13
-4.124868937581993e-13
-4.066107127173027e-13
-4.007201642974370e-13
-3.948154525827255e-13
-3.888967816572892e-13
-3.829643556052462e-13
-3.770183785107180e-13
-3.710590544578254e-13
-3.650865875306867e-13
-3.591011818134253e-13
-3.531030413901596e-13
-3.470923703450097e-13
-3.410693727620978e-13
-3.350342527255420e-13
-3.289872143194636e-13
-3.229284616279836e-13
-3.168581987352201e-13
-3.107766297252967e-13
-3.046839586823317e-13
-2.985803896904453e-13
-2.924661268337589e-13
-2.863413741963920e-13
-2.802063358624651e-13
-2.740612159160995e-13
-2.679062184414135e-13
-2.617415475225299e-13
-2.555674072435668e-13
-2.493840016886455e-13
-2.431915349418876e-13
-2.369902110874113e-13
-2.307802342093372e-13
-2.245618083917881e-13
-2.183351377188804e-13
-2.121004262747382e-13
-2.058578781434798e-13
-1.996076974092250e-13
-1.933500881560961e-13
-1.870852544682120e-13
-1.808134004296937e-13
-1.745347301246617e-13
-1.682494476372356e-13
-1.619577570515351e-13
-1.556598624516837e-13
-1.493559679217969e-13
-1.430462775459989e-13
-1.367309954084100e-13
-1.304103255931478e-13
-1.240844721843355e-13
-1.177536392660916e-13
-1.114180309225359e-13
-1.050778512377923e-13
-9.873330429597699e-14
-9.238459418121092e-14
-8.603192497761850e-14
-7.967550076931424e-14
-7.331552564042258e-14
-6.695220367506268e-14
-6.058573895735369e-14
-5.421633557141893e-14
-4.784419760137634e-14
-4.146952913134569e-14
-3.509253424544969e-14
-2.871341702780628e-14
-2.233238156253763e-14
-1.594963193376406e-14
-9.565372225604094e-15
-3.179806522179290e-15
3.206861092388786e-15
9.594426533983482e-15
1.598268571848015e-14
2.237143456176092e-14
2.876046897970545e-14
3.514958488819137e-14
4.153857820310083e-14
4.792724484031249e-14
5.431538071570602e-14
6.070278174516067e-14
6.708924384455730e-14
7.347456292977437e-14
7.985853491669154e-14
8.624095572118968e-14
9.262162125914724e-14
9.900032744644431e-14
1.053768701989605e-13
1.117510454325755e-13
1.181226490631690e-13
1.244914770066206e-13
1.308573251788099e-13
1.372199894956168e-13
1.435792658729207e-13
1.499349502266014e-13
1.562868384725385e-13
1.626347265266117e-13
1.689784103047011e-13
1.753176857226851e-13
1.816523486964445e-13
1.879821951418591e-13
1.943070209748072e-13
2.006266221111699e-13
2.069407944668262e-13
2.132493339576558e-13
2.195520364995386e-13
2.258486980083540e-13
2.321391143999817e-13
2.384230815903015e-13
2.447003954951929e-13
2.509708520305357e-13
2.572342471122099e-13
2.634903766560939e-13
2.697390365780686e-13
2.759800227940137e-13
2.822131312198077e-13
2.884381577713313e-13
2.946548983644643e-13
3.008631489150851e-13
3.070627053390746e-13
3.132533635523124e-13
3.194349194706770e-13
3.256071690100492e-13
3.317699080863088e-13
3.379229326153342e-13
3.440660385130066e-13
3.501990216952044e-13
3.563216780778075e-13
3.624338035766965e-13
3.685351941077500e-13
3.746256455868477e-13
3.807049539298704e-13
3.867729150526961e-13
3.928293248712058e-13
3.988739793012790e-13
4.049066742587943e-13
4.109272056596328e-13
4.169353694196731e-13
4.229309614547949e-13
4.289137776808789e-13
4.348836140138037e-13
4.408402663694488e-13
4.467835306636953e-13
4.527132028124214e-13
4.586290787315070e-13
4.645309543368327e-13
4.704186255442772e-13
4.762918882697200e-13
4.821505384290421e-13
4.879943719381218e-13
4.938231847128393e-13
4.996367726690741e-13
5.054349317227061e-13
5.112174577896148e-13
5.169841467856799e-13
5.227347946267810e-13
5.284691972287978e-13
5.341871505076099e-13
5.398884503790968e-13
5.455728927591390e-13
5.512402735636152e-13
5.568903887084055e-13
5.625230341093894e-13
5.681380056824467e-13
5.737350993434568e-13
5.793141110082998e-13
5.848748365928549e-13
5.904170720130020e-13
5.959406131846208e-13
6.014452560235909e-13
6.069307964457919e-13
6.123970303671035e-13
6.178437537034054e-13
6.232707623705773e-13
6.286778522844986e-13
6.340648193610497e-13
6.394314595161089e-13
6.447775686655574e-13
6.501029427252734e-13
6.554073776111377e-13
6.606906692390298e-13
6.659526135248285e-13
6.711930063844144e-13
6.764116437336672e-13
6.816083214884655e-13
6.867828355646899e-13
6.919349818782204e-13
6.970645563449348e-13
7.021713548807152e-13
7.072551734014400e-13
7.123158078229880e-13
7.173530540612408e-13
7.223667080320771e-13
7.273565656513762e-13
7.323224228350177e-13
7.372640754988824e-13
7.421813195588488e-13
7.470739509307967e-13
7.519417655306066e-13
7.567845592741575e-13
7.616021280773287e-13
7.663942678560009e-13
7.711607745260529e-13
7.759014440033644e-13
7.806160722038158e-13
7.853044550432861e-13
7.899663884376547e-13
7.946016683028021e-13
7.992100905546077e-13
8.037914511089505e-13
8.083455458817111e-13
8.128721707887689e-13
8.173711217460022e-13
8.218421946692928e-13
8.262851854745196e-13
8.306998900775615e-13
8.350861043942992e-13
8.394436243406119e-13
8.437722458323787e-13
8.480717647854798e-13
8.523419771157953e-13
8.565826787392046e-13
8.607936655715866e-13
8.649747335288215e-13
8.691256785267895e-13
8.732462964813694e-13
8.773363833084416e-13
8.813957349238855e-13
8.854241472435800e-13
8.894214161834054e-13
8.933873376592420e-13
8.973217075869684e-13
9.012243218824649e-13
9.050949764616112e-13
9.089334672402862e-13
9.127395901343699e-13
9.165131410597428e-13
9.202539159322832e-13
9.239617106678719e-13
9.276363211823884e-13
9.312775433917113e-13
9.348851732117213e-13
9.384590065582981e-13
9.419988393473207e-13
9.455044674946693e-13
9.489756869162235e-13
9.524122935278625e-13
9.558140832454663e-13
9.591808519849148e-13
9.625123956620876e-13
9.658085101928637e-13
9.690689914931234e-13
9.722936354787462e-13
9.754822380656115e-13
9.786345951695997e-13
9.817505027065899e-13
9.848297565924615e-13
9.878721527430948e-13
9.908774870743690e-13
9.938455555021638e-13
9.967761539423591e-13
9.996690783108348e-13
1.002524124523470e-12
1.005341088496144e-12
1.008119766144738e-12
1.010859953385129e-12
1.013561446133200e-12
1.016224040304829e-12
1.018847531815895e-12
1.021431716582278e-12
1.023976390519858e-12
1.026481349544515e-12
1.028946389572129e-12
1.031371306518578e-12
1.033755896299743e-12
1.036099954831503e-12
1.038403278029738e-12
1.040665661810328e-12
1.042886902089152e-12
1.045066794782090e-12
1.047205135805021e-12
1.049301721073826e-12
1.051356346504384e-12
1.053368808012574e-12
1.055338901514276e-12
1.057266422925371e-12
1.059151168161737e-12
1.060992933139253e-12
1.062791513773801e-12
1.064546705981260e-12
1.066258305677508e-12
1.067926108778427e-12
1.069549911199895e-12
1.071129508857792e-12
1.072664697667998e-12
1.074155273546392e-12
1.075601032408855e-12
1.077001770171265e-12
1.078357282749503e-12
1.079667366059448e-12
1.080931816016980e-12
1.082150428537978e-12
1.083322999538323e-12
1.084449324933892e-12
1.085529200640568e-12
1.086562422574229e-12
1.087548786650754e-12
1.088488088786024e-12
1.089380124895918e-12
1.090224690896315e-12
1.091021582703096e-12
1.091770596232140e-12
1.092471527399327e-12
1.093124172120536e-12
1.093728326311647e-12
1.094283785888540e-12
1.094790346767094e-12
1.095247804863189e-12
1.095655956092705e-12
1.096014596371521e-12
1.096323521615517e-12
1.096582527740573e-12
1.096791410662568e-12
1.096949966297382e-12
1.097057990560895e-12
1.097115279368986e-12
1.097121628637535e-12
1.097076834282422e-12
1.096980692219525e-12
1.096832998364726e-12
1.096633548633904e-12
1.096382138942937e-12
1.096078565207707e-12
1.095722623344092e-12
1.095314109267972e-12
1.094852818895227e-12
1.094338548141737e-12
1.093771092923382e-12
1.093150249156039e-12
1.092475812755591e-12
1.091747579637916e-12
1.090965345718893e-12
1.090128906914403e-12
1.089238059140326e-12
1.088292598312540e-12
1.087292320346925e-12
1.086237021159362e-12
1.085126496665730e-12
1.083960542781907e-12
1.082738955423776e-12
1.081461530507213e-12
1.080128063948101e-12
1.078738351662318e-12
1.077292189565743e-12
1.075789373574257e-12
1.074229699603738e-12
1.072612963570068e-12
1.070938961389125e-12
1.069207488976789e-12
1.067418342248940e-12
1.065571317121457e-12
1.063666209510221e-12
1.061702815331110e-12
1.059680930500004e-12
1.057600350932784e-12
1.055460872545328e-12
1.053262291253517e-12
1.051004402973229e-12
1.048687003620346e-12
1.046309889110745e-12
1.043872855360308e-12
1.041375698284914e-12
1.038818213800441e-12
1.036200197822770e-12
1.033521446267782e-12
1.030781755051355e-12
1.027980920089368e-12
1.025118737297702e-12
1.022195002592237e-12
1.019209511888851e-12
1.016162061103425e-12
1.013052446151838e-12
1.009880462949971e-12
1.006645907413701e-12
1.003348575458911e-12
9.999882630014775e-13
9.965647659572820e-13
9.930778802422041e-13
9.895274017721224e-13
9.859131264629176e-13
9.822348502304691e-13
9.784923689906568e-13
9.746854786593594e-13
9.708139751524578e-13
9.668776543858304e-13
9.628763122753576e-13
9.588097447369195e-13
9.546777476863953e-13
9.504801170396636e-13
9.462166487126053e-13
9.418871386211008e-13
9.374913826810278e-13
9.330291768082676e-13
9.285003169186992e-13
9.239045989282017e-13
9.192418187526553e-13
9.145117723079402e-13
9.097142555099349e-13
9.048490642745205e-13
8.999159945175756e-13
8.949148421549799e-13
8.898454031026130e-13
8.847074732763554e-13
8.795008485920855e-13
8.742253249656847e-13
8.688806983130313e-13
8.634667645500048e-13
8.579833195924851e-13
8.524301593563531e-13
8.468070797574866e-13
8.411138767117669e-13
8.353503461350728e-13
8.295162839432834e-13
8.236114860522787e-13
8.176357483779391e-13
8.115888668361441e-13
8.054706373427732e-13
7.992808558137055e-13
7.930193181648215e-13
7.866858203120000e-13
7.802801581711212e-13
7.738021276580651e-13
7.672515246887112e-13
7.606281451789380e-13
7.539317850446269e-13
7.471622402016560e-13
7.403193065659057e-13
7.334027800532573e-13
7.264124565795868e-13
7.193481320607762e-13
7.122096024127053e-13
7.049966635512530e-13
6.977091113922986e-13
6.903467418517245e-13
6.829093508454070e-13
6.753967342892264e-13
6.678086880990640e-13
6.601450081907977e-13
6.524054904803075e-13
6.445899308834748e-13
6.366981253161779e-13
6.287298696942956e-13
6.206849599337081e-13
6.125631919502967e-13
6.043643616599386e-13
5.960882649785160e-13
5.877346978219065e-13
5.793034561059900e-13
5.707943357466461e-13
5.622071326597563e-13
5.535416427611995e-13
5.447976619668529e-13
5.359749861925998e-13
5.270734113543162e-13
5.180927333678844e-13
5.090327481491841e-13
4.998932516140945e-13
4.906740396784934e-13
4.813749082582636e-13
4.719956532692816e-13
4.625360706274288e-13
4.529959562485857e-13
4.433751060486316e-13
4.336733159434435e-13
4.238903818489036e-13
4.140260996808920e-13
4.040802653552865e-13
3.940526747879671e-13
3.839431238948169e-13
3.737514085917101e-13
3.634773247945293e-13
3.531206684191544e-13
3.426812353814636e-13
3.321588215973388e-13
3.215532229826578e-13
3.108642354532999e-13
3.000916549251456e-13
2.892352773140755e-13
2.782948985359675e-13
2.672703145067027e-13
2.561613211421605e-13
2.449677143582192e-13
2.336892900707588e-13
2.223258441956617e-13
2.108771726488035e-13
1.993430713460679e-13
1.877233362033318e-13
1.760177631364746e-13
1.642261480613766e-13
1.523482868939197e-13
1.403839755499795e-13
1.283330099454402e-13
1.161951859961765e-13
1.039702996180730e-13
9.165814672700475e-14
7.925852323885418e-14
6.677122506950187e-14
5.419604813482626e-14
4.153278835070454e-14
2.878124571474587e-14
1.594208555026952e-14
3.017903836566904e-15
-9.988442216665179e-15
-2.307409539973315e-14
-3.623619850294351e-14
-4.947189431659777e-14
-6.277832563100404e-14
-7.615263523646548e-14
-8.959196592328360e-14
-1.030934604817699e-13
-1.166542617022259e-13
-1.302715123749546e-13
-1.439423552902643e-13
-1.576639332384581e-13
-1.714333890098374e-13
-1.852478653947139e-13
-1.991045051833889e-13
-2.130004511661673e-13
-2.269328461333522e-13
-2.408988328752519e-13
-2.548955541821676e-13
-2.689201528444061e-13
-2.829697716522737e-13
-2.970415533960736e-13
-3.111326408661089e-13
-3.252401768526879e-13
-3.393613041461119e-13
-3.534931655366875e-13
-3.676329038147212e-13
-3.817776617705162e-13
-3.959245821943754e-13
-4.100708078766054e-13
-4.242134816075130e-13
-4.383497461773992e-13
-4.524767443765725e-13
-4.665916189953361e-13
-4.806915128239928e-13
-4.947735686528491e-13
-5.088349292722119e-13
-5.228727374723823e-13
-5.368841360436688e-13
-5.508662677763743e-13
-5.648162754608035e-13
-5.787313018872583e-13
-5.926084898460496e-13
-6.064449821274795e-13
-6.202379215218508e-13
-6.339844508194718e-13
-6.476817128106456e-13
-6.613268502856734e-13
-6.749170060348672e-13
-6.884493228485283e-13
-7.019209435169598e-13
-7.153290108304697e-13
-7.286706675793596e-13
-7.419430565539363e-13
-7.551433205445058e-13
-7.682686023413716e-13
-7.813160447348366e-13
-7.942827905152091e-13
-8.071659824727906e-13
-8.199627633978875e-13
-8.326702760808064e-13
-8.452856633118502e-13
-8.578060678813224e-13
-8.702286325795308e-13
-8.825505001967774e-13
-8.947688135233699e-13
-9.068807153496097e-13
-9.188833484658053e-13
-9.307738556622596e-13
-9.425493797292760e-13
-9.542070634571610e-13
-9.657440496362207e-13
-9.771574810567570e-13
-9.884445005090777e-13
-9.996022507834862e-13
-1.010627874670286e-12
-1.021518514959783e-12
-1.032271314442283e-12
-1.042883415908089e-12
-1.053351962147509e-12
-1.063674095950845e-12
-1.073846960108401e-12
-1.083867697410484e-12
-1.093733450647398e-12
-1.103441362609448e-12
-1.112988576086940e-12
-1.122372233870177e-12
-1.131589478749462e-12
-1.140637453515105e-12
-1.149513300957407e-12
-1.158214163866674e-12
-1.166737185033211e-12
-1.175079507247323e-12
-1.183238273299313e-12
-1.191210625979487e-12
-1.198993708078151e-12
-1.206584662385608e-12
-1.213980631692164e-12
-1.221178758788124e-12
-1.228176186463791e-12
-1.234970057509471e-12
-1.241557514715470e-12
-1.247935700872091e-12
-1.254101758769639e-12
-1.260052831198421e-12
-1.265786060948738e-12
-1.271298590810898e-12
-1.276587563575205e-12
-1.281650122031964e-12
-1.286483408971479e-12
-1.291084567184055e-12
-1.295450739459997e-12
-1.299579068589610e-12
-1.303466697363199e-12
-1.307110768571068e-12
-1.310508425003523e-12
-1.313656809450867e-12
-1.316553064703407e-12
-1.319194333551447e-12
-1.321577758785291e-12
-1.323700483195245e-12
-1.325559649571613e-12
-1.327152400704699e-12
-1.328475879384810e-12
-1.329527228402250e-12
-1.330303590547323e-12
-1.330802108610334e-12
-1.331019925381589e-12
-1.330954183651391e-12
-1.330602026210047e-12
-1.329960595847860e-12
-1.329027035355135e-12
-1.327798487522178e-12
-1.326272095139293e-12
-1.324445000996785e-12
-1.322314347884958e-12
-1.319877278594119e-12
-1.317130935914570e-12
-1.314072462636617e-12
-1.310699001550566e-12
-1.307007695446721e-12
-1.302995687115386e-12
-1.298660119346866e-12
-1.293998134931467e-12
-1.289006876659493e-12
-1.283683487321249e-12
-1.278025109707040e-12
-1.272028886607170e-12
-1.265691960811944e-12
-1.259011475111668e-12
-1.251984572296646e-12
-1.244608395157183e-12
-1.236880086483583e-12
-1.228796789066152e-12
-1.220355645695194e-12
-1.211553799161014e-12
-1.202388392253917e-12
-1.192856567764209e-12
-1.182955468482192e-12
-1.172682237198174e-12
-1.162034016702456e-12
-1.151007949785346e-12
-1.139601179237150e-12
-1.127810847848168e-12
-1.115634098408707e-12
-1.103068073709075e-12
-1.090109916539572e-12
-1.076756769690505e-12
-1.063005775952180e-12
-1.048854078114901e-12
-1.034298818968970e-12
-1.019337141304695e-12
-1.003966187912382e-12
-9.881831015823314e-13
-9.719850251048526e-13
-9.553691012702482e-13
-9.383324728688214e-13
-9.208722826908788e-13
-9.029856735267273e-13
-8.846697881666673e-13
-8.659217694010081e-13
-8.467387600200524e-13
-8.271179028141027e-13
-8.070563405734659e-13
-7.865512160884495e-13
-7.655996721493559e-13
-7.441988515464872e-13
-7.223458970701533e-13
-7.000379515106539e-13
-6.772721576582971e-13
-6.540456583033895e-13
-6.303555962362335e-13
-6.061991142471310e-13
-5.815733551263898e-13
-5.564754616643170e-13
-5.309025766512124e-13
-5.048518428773838e-13
-4.783204031331424e-13
-4.513054002087796e-13
-4.238039768946070e-13
-3.958132759809294e-13
-3.673304402580586e-13
-3.383526125162853e-13
-3.088769355459251e-13
-2.789005521372756e-13
-2.484206050806451e-13
-2.174342371663385e-13
-1.859385911846605e-13
-1.539308099259243e-13
-1.214080361804224e-13
-8.836741273845960e-14
-5.480608239034472e-14
-2.072118792638262e-14
1.389012786312218e-14
4.902998250436855e-14
8.468348080339083e-14
1.208187148460203e-13
1.574030370345976e-13
1.944037997714678e-13
2.317883554589758e-13
2.695240564994527e-13
3.075782552952717e-13
3.459183042487638e-13
3.845115557622741e-13
4.233253622381475e-13
4.623270760787293e-13
5.014840496863495e-13
5.407636354633830e-13
5.801331858121599e-13
6.195600531350253e-13
6.590115898343241e-13
6.984551483123967e-13
7.378580809715978e-13
7.771877402142579e-13
8.164114784427417e-13
8.554966480593841e-13
8.944106014665307e-13
9.331206910665212e-13
9.715942692617107e-13
1.009798688454430e-12
1.047701301047042e-12
1.085269459441884e-12
1.122470516041300e-12
1.159271823247631e-12
1.195640733463231e-12
1.231544599090431e-12
1.266950772531595e-12
1.301826606189058e-12
1.336139452465166e-12
1.369856663762259e-12
1.402945592482691e-12
1.435373591028795e-12
1.467108011802932e-12
1.498116207207439e-12
1.528365529644661e-12
1.557823331516939e-12
1.586456965226626e-12
1.614233783176062e-12
1.641121137767588e-12
1.667086381403560e-12
1.692096866486315e-12
1.716119945418206e-12
1.739122970601566e-12
1.761073294438747e-12
1.781938269332094e-12
1.801685247683952e-12
1.820281581896670e-12
1.837694624372584e-12
1.853891727514048e-12
1.868840243723399e-12
1.882507525402983e-12
1.894860924955155e-12
1.905867794782249e-12
1.915495487286618e-12
1.923711354870600e-12
1.930482749936543e-12
1.935777024886793e-12
1.939561532123695e-12
1.941803624049593e-12
1.942470653066833e-12
1.941529971577758e-12
1.938948931984716e-12
1.934694886690051e-12
1.928735188096107e-12
1.921037188605231e-12
1.911568240619764e-12
1.900295696542057e-12
1.887186908774452e-12
1.872209229719290e-12
1.855330011778928e-12
1.836516607355695e-12
1.815736368851949e-12
1.792956648670030e-12
1.768144799212278e-12
1.741268172881049e-12
1.712294122078683e-12
1.681189999207524e-12
1.647923156669910e-12
1.612460946868202e-12
1.574770722204737e-12
1.534819835081850e-12
1.492575637901917e-12
1.448005483067239e-12
1.401076722980197e-12
1.351756710043122e-12
1.300012796658348e-12
1.245812335228245e-12
1.189122678155145e-12
1.129911177841394e-12
1.068145186689320e-12
1.003792057101301e-12
9.368191414796648e-13
8.671937922267412e-13
7.948833617449067e-13
7.198552024364922e-13
6.420766667038421e-13
5.615151069493002e-13
4.781378755751920e-13
3.919123249839034e-13
3.028058075777364e-13
2.107856757591037e-13
1.158192819302836e-13
1.787407228778647e-14
-8.304061571634630e-14
-1.868077515535578e-13
-2.932932376300786e-13
-4.023629763522172e-13
-5.138828701262561e-13
-6.277188213584783e-13
-7.437367324551956e-13
-8.618025058226328e-13
-9.817820438671315e-13
-1.103541248994884e-12
-1.226946023612263e-12
-1.351862270125553e-12
-1.478155890940974e-12
-1.605692788464872e-12
-1.734338865103466e-12
-1.863960023263069e-12
-1.994422165349966e-12
-2.125591193770439e-12
-2.257333010930802e-12
-2.389513519237275e-12
-2.521998621096203e-12
-2.654654218913806e-12
-2.787346215096364e-12
-2.919940512050260e-12
-3.052303012181678e-12
-3.184299617896966e-12
-3.315796231602341e-12
-3.446658755704118e-12
-3.576753092608582e-12
-3.705945144722012e-12
-3.834100814450726e-12
-3.961086004200942e-12
-4.086766616379004e-12
-4.211008553391135e-12
-4.333677717643616e-12
-4.454640011542822e-12
-4.573761337494946e-12
-4.690907597906328e-12
-4.805944695183192e-12
-4.918738531731852e-12
-5.029155009958618e-12
-5.137060032269689e-12
-5.242319501071458e-12
-5.344799318770124e-12
-5.444365387772001e-12
-5.540883610483392e-12
-5.634219889310533e-12
-5.724240126659730e-12
-5.810810224937267e-12
-5.893796086549447e-12
-5.973063613902511e-12
-6.048478709402762e-12
-6.119907275456501e-12
-6.187215214469958e-12
-6.250268428849483e-12
-6.308932821001312e-12
-6.363074293331740e-12
-6.412558748247065e-12
-6.457252088153542e-12
-6.497020215457471e-12
-6.531729032565130e-12
-6.561244441882812e-12
-6.585432345816783e-12
-6.604158646773333e-12
-6.617289247158749e-12
-6.624690049379307e-12
-6.626226955841294e-12
-6.621765868950990e-12
-6.611172691114680e-12
-6.594313324738643e-12
-6.571053672229167e-12
-6.541259635992524e-12
-6.504797118435025e-12
-6.461532021962910e-12
-6.411330248982496e-12
-6.354057701900056e-12
-6.289580283121852e-12
-6.217763895054203e-12
-6.138474440103374e-12
-6.051577820675648e-12
-5.956939939177310e-12
-5.854426698014613e-12
-5.743903999593892e-12
-5.625237746321373e-12
-5.498293840603436e-12
-5.362938184846267e-12
-5.219036681456143e-12
-5.066455232839418e-12
-4.905059741402299e-12
-4.734716109551151e-12
-4.555290239692215e-12
-4.366648034231777e-12
-4.168655395576116e-12
-3.961178226131464e-12
-3.744082428304208e-12
-3.517233904500519e-12
-3.280498557126794e-12
-3.033742288589327e-12
-2.776831001294206e-12
-2.509630597647906e-12
-2.232006980056578e-12
-1.943826050926639e-12
-1.644953712664305e-12
-1.335255867675863e-12
-1.014598418367589e-12
-6.828472671456874e-13
-3.398683164166004e-13
1.447253141355746e-14
3.801828759738294e-13
7.563354178746190e-13
1.141583833219234e-12
1.534579821579718e-12
1.933975082528597e-12
2.338421315637999e-12
2.746570220480355e-12
3.157073496628095e-12
3.568582843653242e-12
3.979749961128537e-12
4.389226548626000e-12
4.795664305718164e-12
5.197714931977157e-12
5.594030126975408e-12
5.983261590285251e-12
6.364061021479011e-12
6.735080120129112e-12
7.094970585807696e-12
7.442384118087188e-12
7.775972416539999e-12
8.094387180738215e-12
8.396280110254482e-12
8.680302904660896e-12
8.945107263529865e-12
9.189344886433780e-12
9.411667472944844e-12
9.610726722635451e-12
9.785174335077934e-12
9.933662009844654e-12
1.005484144650786e-11
1.014736434463994e-11
1.020988240381322e-11
1.024104732360000e-11
1.023951080357263e-11
1.020392454330344e-11
1.013294024236476e-11
1.002520960032889e-11
9.879384316768214e-12
9.694116091254984e-12
9.468056623361686e-12
9.199857612660421e-12
8.888170758723702e-12
8.531647761123802e-12
8.128940319432947e-12
7.678700133223658e-12
7.179578902068175e-12
6.630228325538830e-12
6.029300103207949e-12
5.375445934647692e-12
4.667317519430717e-12
3.903566557128996e-12
3.082844747315456e-12
2.203803789561828e-12
1.265095383440407e-12
2.661107201802679e-13
-7.837196702646893e-13
-1.867730071574428e-12
-2.969095037232218e-12
-4.070989120719962e-12
-5.156586875521225e-12
-6.209062855118724e-12
-7.211591612994660e-12
-8.147347702632264e-12
-8.999505677513793e-12
-9.751240091122053e-12
-1.038572549694030e-11
-1.088613644845075e-11
-1.123564749913638e-11
-1.141743320247973e-11
-1.141466811196366e-11
-1.121052678107090e-11
-1.078818376328417e-11
-1.013081361208603e-11
-9.221590880959524e-12
-8.043690123386930e-12
-6.580285892851570e-12
-4.814552742836392e-12
-2.729665226822692e-12
-3.087978982946408e-13
2.464874689266237e-12
5.608177982375838e-12
9.136153663048620e-12
1.302922933601432e-11
1.723644557939638e-11
2.170570655536973e-11
2.638491642610186e-11
3.122197935376585e-11
3.616479950053001e-11
4.116128102856629e-11
4.615932810004544e-11
5.110684487713822e-11
5.595173552201656e-11
6.064190419684879e-11
6.512525506380690e-11
6.934969228506264e-11
7.326312002278373e-11
7.681344243914480e-11
7.994856369631380e-11
8.261638795646242e-11
8.476481938176189e-11
8.634176213438185e-11
8.729512037649371e-11
8.757279827026816e-11
8.712269997787580e-11
8.589272966148754e-11
8.383079148327415e-11
8.088478960540554e-11
7.700262819005501e-11
7.213861903072935e-11
6.643581338289421e-11
6.025231807950665e-11
5.395793893474888e-11
4.792248176280791e-11
4.251575237786466e-11
3.810755659410665e-11
3.506770022571336e-11
3.376598908687138e-11
3.457222899176354e-11
3.785622575457476e-11
4.398778518948726e-11
5.333671311068528e-11
6.627281533235261e-11
8.316589766867301e-11
1.043857659338361e-10
1.303022259420151e-10
1.612850835074071e-10
1.977041444441704e-10
2.399292145665140e-10
2.883300996886264e-10
3.432766056246672e-10
4.051385381888475e-10
4.742857031953206e-10
5.510879064582847e-10
6.359149537919236e-10
7.291366510104211e-10
8.311341539488796e-10
9.428458919495576e-10
1.066009569164454e-09
1.202424622150280e-09
1.353890487463797e-09
1.522206601661896e-09
1.709172401301228e-09
1.916587322938661e-09
2.146250803130863e-09
2.399962278434654e-09
2.679521185406808e-09
2.986726960604094e-09
3.323379040583372e-09
3.691276861901248e-09
4.094039099670403e-09
4.547948832839116e-09
5.074673571514654e-09
5.695900562287468e-09
6.433317051747148e-09
7.308610286484094e-09
8.343467513087892e-09
9.559575978148763e-09
1.097862292825672e-08
1.262229561000180e-08
1.451228126997451e-08
1.667026715476393e-08
1.911794051096118e-08
2.187780592927687e-08
2.505055731296847e-08
2.887871281545358e-08
3.361976745400162e-08
3.953121624588362e-08
4.687055420836609e-08
5.589527635871974e-08
6.686336697254192e-08
8.004389984638698e-08
9.571694826133819e-08
1.141630567491120e-07
1.356627698414394e-07
1.604966320700542e-07
1.889451879666713e-07
2.214680609175021e-07
2.601849943810587e-07
3.081155240843164e-07
3.682880755562338e-07
4.437310743258035e-07
5.374729459220340e-07
6.525421158738287e-07
7.929628296251680e-07
9.672594208947654e-07
1.185226782912726e-06
1.457028918626124e-06
1.798977235243591e-06
2.232457272771562e-06
2.779014716130992e-06
3.462256917520900e-06
4.310555570894675e-06
5.352953305328204e-06
6.625223158203920e-06
8.212631291039404e-06
1.022252984659283e-05
1.276331438475444e-05
1.597680880918900e-05
2.004939813820574e-05
2.519760818981494e-05
3.164589669812381e-05
3.959459544462372e-05
4.938844473436390e-05
6.159080310702641e-05
7.664346209440817e-05
9.495554374628454e-05
1.170185978585891e-04
1.435464494373752e-04
1.748100041655211e-04
2.110846509958073e-04
2.525277783643379e-04
2.991783108387135e-04
3.509662743235585e-04
4.077227357865284e-04
4.691616757965196e-04
5.348043723542202e-04
6.038609384295352e-04
6.751698944165943e-04
7.473300871212323e-04
8.190092436264769e-04
8.891826261737585e-04
9.570553550385811e-04
1.021713707098733e-03
1.081764383054322e-03
1.135153514500474e-03
1.179188477449579e-03
1.210712901483946e-03
1.226390020013806e-03
1.223076060944290e-03
1.198040800787777e-03
1.149650241122125e-03
1.077851252602225e-03
9.845962735367802e-04
8.738088076466170e-04
7.513586320229174e-04
6.246122566700606e-04
5.013854573693199e-04
3.886129169019383e-04
2.912927939211134e-04
2.116547530590922e-04
1.495641040326872e-04
1.031669344163799e-04
6.996434344980692e-05
4.678764605070999e-05
3.089193793627553e-05
2.018066176701017e-05
1.302664650219183e-05
8.406103637836945e-06
5.551888345294492e-06
3.650026464665920e-06
2.373655145493782e-06
1.547553431181298e-06
1.003978304341271e-06
6.393249474573851e-07
4.073238332290650e-07
2.706004316415502e-07
1.944525853288773e-07
1.447865254390467e-07
1.036431295582625e-07
7.056874948220289e-08
4.598710145956378e-08
2.974555747634691e-08
1.989031343608308e-08
1.411667251916530e-08
1.024116739540102e-08
7.345634926382748e-09
5.264690365843762e-09
3.842926172375395e-09
2.924934804569636e-09
2.355308721019081e-09
1.978640380315615e-09
1.660240276608126e-09
1.369277398243250e-09
1.107396427113204e-09
8.762530886213483e-10
6.775031081707953e-10
5.128022111649106e-10
3.838015679059534e-10
2.902252589585677e-10
2.268873764334791e-10
1.878314326330176e-10
1.671009398595390e-10
1.587394104153680e-10
1.567903566028419e-10
1.553594121054794e-10
1.512578470288213e-10
1.449897089176450e-10
1.373246019670088e-10
1.290321303719776e-10
1.208818983276125e-10
1.136435100289683e-10
1.080447022499941e-10
1.042094334261075e-10
1.018082066044364e-10
1.005004966884250e-10
9.994577858151964e-11
9.980352718716534e-11
9.973321740880794e-11
9.943428162909671e-11
9.886833516688483e-11
9.810268763112342e-11
9.720494051035565e-11
9.624269529312389e-11
9.528355346797191e-11
9.439511227057410e-11
9.362677690261288e-11
9.296813730668696e-11
9.239650797012090e-11
9.188920338023927e-11
9.142353802436650e-11
9.097682638982739e-11
9.052649978848110e-11
9.005950271621313e-11
8.957917967293300e-11
8.909049874649137e-11
8.859842802473886e-11
8.810793559552599e-11
8.762398954670363e-11
8.715140574893399e-11
8.669183407888152e-11
8.624393405267349e-11
8.580624813181228e-11
8.537731877780103e-11
8.495568845214234e-11
8.453989961633923e-11
8.412859552546879e-11
8.372129671201507e-11
8.331797541299919e-11
8.291860759853754e-11
8.252316923874680e-11
8.213163630374336e-11
8.174398476364362e-11
8.136019058856435e-11
8.098022974862164e-11
8.060407821393229e-11
8.023171195461266e-11
7.986310694077915e-11
7.949823914254846e-11
7.913708447413461e-11
7.877960789033103e-11
7.842575031812938e-11
7.807544949813344e-11
7.772864317094659e-11
7.738526907717224e-11
7.704526495741405e-11
7.670856855227543e-11
7.637511760235988e-11
7.604484984827087e-11
7.571770303061181e-11
7.539361488998637e-11
7.507252316699786e-11
7.475436560225003e-11
7.443908137514734e-11
7.412662664662651e-11
7.381696865598902e-11
7.351007483276003e-11
7.320591260646489e-11
7.290444940662875e-11
7.260565266277680e-11
7.230948980443429e-11
7.201592826112634e-11
7.172493546237831e-11
7.143647883771528e-11
7.115052581666262e-11
7.086704382874551e-11
7.058600030504428e-11
7.030736397092368e-11
7.003110719295127e-11
6.975720297333369e-11
6.948562431427726e-11
6.921634421798863e-11
6.894933568667406e-11
6.868457172254003e-11
6.842202532779312e-11
6.816166950463965e-11
6.790347725528624e-11
6.764742158193933e-11
6.739347548680518e-11
6.714161197209046e-11
6.689180409445545e-11
6.664402581184115e-11
6.639825182307437e-11
6.615445684897032e-11
6.591261561034418e-11
6.567270282801113e-11
6.543469322278647e-11
6.519856151548529e-11
6.496428242692291e-11
6.473183067791454e-11
6.450118098927523e-11
6.427230808182033e-11
6.404518667636492e-11
6.381979149385059e-11
6.359610179078579e-11
6.337411334410964e-11
6.315382569106757e-11
6.293523836890465e-11
6.271835091486632e-11
6.250316286619775e-11
6.228967376014433e-11
6.207788313395128e-11
6.186779052486388e-11
6.165939547012742e-11
6.145269750698712e-11
6.124769617268837e-11
6.104439100447639e-11
6.084278104540755e-11
6.064285327616986e-11
6.044458221524251e-11
6.024794180692161e-11
6.005290599550295e-11
5.985944872528260e-11
5.966754394055643e-11
5.947716558562035e-11
5.928828760477029e-11
5.910088394230215e-11
5.891492854251194e-11
5.873039534969557e-11
5.854725830814888e-11
5.836549136216793e-11
5.818506845604858e-11
5.800596353408677e-11
5.782815054057843e-11
5.765160341981943e-11
5.747629611610581e-11
5.730220257373340e-11
5.712929673699826e-11
5.695755255019615e-11
5.678694395762313e-11
5.661744490357508e-11
5.644902933234789e-11
5.628167118823758e-11
5.611534441554002e-11
5.595002317746177e-11
5.578569014735933e-11
5.562233905357501e-11
5.545996436327451e-11
5.529856054362340e-11
5.513812206178744e-11
5.497864338493212e-11
5.482011898022320e-11
5.466254331482628e-11
5.450591085590695e-11
5.435021607063095e-11
5.419545342616384e-11
5.404161738967136e-11
5.388870242831905e-11
5.373670300927256e-11
5.358561359969759e-11
5.343542866675973e-11
5.328614267762466e-11
5.313775009945806e-11
5.299024539942544e-11
5.284362304469256e-11
5.269787750242498e-11
5.255300323978843e-11
5.240899472394845e-11
5.226584642207082e-11
5.212355280132106e-11
5.198210832886483e-11
5.184150748981967e-11
5.170174602751282e-11
5.156282174743740e-11
5.142473264623787e-11
5.128747672055856e-11
5.115105196704403e-11
5.101545638233864e-11
5.088068796308692e-11
5.074674470593326e-11
5.061362460752208e-11
5.048132566449793e-11
5.034984587350512e-11
5.021918323118818e-11
5.008933573419151e-11
4.996030137915960e-11
4.983207816273687e-11
4.970466408156777e-11
4.957805713229674e-11
4.945225531156818e-11
4.932725661602662e-11
4.920305904231645e-11
4.907966058708211e-11
4.895705924696810e-11
4.883525301861878e-11
4.871423989867866e-11
4.859401788379215e-11
4.847458497060372e-11
4.835593914454058e-11
4.823807662561727e-11
4.812098996021496e-11
4.800467123631649e-11
4.788911254190481e-11
4.777430596496278e-11
4.766024359347326e-11
4.754691751541918e-11
4.743431981878341e-11
4.732244259154882e-11
4.721127792169831e-11
4.710081789721474e-11
4.699105460608104e-11
4.688198013628004e-11
4.677358657579472e-11
4.666586601260785e-11
4.655881053470240e-11
4.645241223006122e-11
4.634666318666717e-11
4.624155549250321e-11
4.613708123555216e-11
4.603323250379694e-11
4.593000138522043e-11
4.582737996780547e-11
4.572536033953502e-11
4.562393458839190e-11
4.552309480235908e-11
4.542283306941933e-11
4.532314147755564e-11
4.522401211475084e-11
4.512543706898781e-11
4.502740842824948e-11
4.492991828051868e-11
4.483295871377838e-11
4.473652181601139e-11
4.464059967520058e-11
4.454518437932891e-11
4.445026801637920e-11
4.435584267433439e-11
4.426190044117736e-11
4.416843340489093e-11
4.407543365345805e-11
4.398289327486157e-11
4.389080435708440e-11
4.379915898810941e-11
4.370794925591954e-11
4.361716724849760e-11
4.352680505382649e-11
4.343685475988912e-11
4.334730845466836e-11
4.325815822614711e-11
4.316939616230827e-11
4.308101435113467e-11
4.299300488060924e-11
4.290535983885584e-11
4.281807261925717e-11
4.273114111077387e-11
4.264456416950172e-11
4.255834065153657e-11
4.247246941297414e-11
4.238694930991028e-11
4.230177919844075e-11
4.221695793466139e-11
4.213248437466797e-11
4.204835737455628e-11
4.196457579042213e-11
4.188113847836127e-11
4.179804429446957e-11
4.171529209484279e-11
4.163288073557670e-11
4.155080907276716e-11
4.146907596250988e-11
4.138768026090073e-11
4.130662082403545e-11
4.122589650800989e-11
4.114550616891981e-11
4.106544866286102e-11
4.098572284592931e-11
4.090632757422045e-11
4.082726170383029e-11
4.074852409085459e-11
4.067011359138913e-11
4.059202906152975e-11
4.051426935737223e-11
4.043683333501235e-11
4.035971985054591e-11
4.028292776006871e-11
4.020645591967655e-11
4.013030318546521e-11
4.005446841353053e-11
3.997895045996824e-11
3.990374818087418e-11
3.982886043234414e-11
3.975428607047389e-11
3.968002395135926e-11
3.960607293109604e-11
3.953243186578001e-11
3.945909961150697e-11
3.938607502437270e-11
3.931335696047304e-11
3.924094427590374e-11
3.916883582676065e-11
3.909703046913949e-11
3.902552705913611e-11
3.895432445284631e-11
3.888342150636583e-11
3.881281707579053e-11
3.874251001721616e-11
3.867249918673857e-11
3.860278348837655e-11
3.853336210600273e-11
3.846423432478486e-11
3.839539943003033e-11
3.832685670704659e-11
3.825860544114105e-11
3.819064491762113e-11
3.812297442179425e-11
3.805559323896782e-11
3.798850065444929e-11
3.792169595354605e-11
3.785517842156557e-11
3.778894734381523e-11
3.772300200560245e-11
3.765734169223468e-11
3.759196568901931e-11
3.752687328126380e-11
3.746206375427557e-11
3.739753639336199e-11
3.733329048383054e-11
3.726932531098860e-11
3.720564016014362e-11
3.714223431660302e-11
3.707910706567422e-11
3.701625769266463e-11
3.695368548288166e-11
3.689138972163278e-11
3.682936969422536e-11
3.676762468596686e-11
3.670615398216470e-11
3.664495686812628e-11
3.658403262915903e-11
3.652338055057037e-11
3.646299991766774e-11
3.640289001575854e-11
3.634305013015020e-11
3.628347954615016e-11
3.622417754906580e-11
3.616514342420458e-11
3.610637645687390e-11
3.604787593238121e-11
3.598964113603391e-11
3.593167135313942e-11
3.587396586900517e-11
3.581652396893857e-11
3.575934493824707e-11
3.570242806223807e-11
3.564577262621898e-11
3.558937791549726e-11
3.553324321538030e-11
3.547736781117554e-11
3.542175098819038e-11
3.536639203173226e-11
3.531129022710862e-11
3.525644481233053e-11
3.520185453714042e-11
3.514751786322818e-11
3.509343324856082e-11
3.503959915110525e-11
3.498601402882841e-11
3.493267633969725e-11
3.487958454167873e-11
3.482673709273976e-11
3.477413245084731e-11
3.472176907396830e-11
3.466964542006969e-11
3.461775994711841e-11
3.456611111308143e-11
3.451469737592564e-11
3.446351719361804e-11
3.441256902412554e-11
3.436185132541508e-11
3.431136255545362e-11
3.426110117220810e-11
3.421106563364546e-11
3.416125439773264e-11
3.411166592243656e-11
3.406229866572421e-11
3.401315108556249e-11
3.396422163991838e-11
3.391550878675879e-11
3.386701098405069e-11
3.381872668976099e-11
3.377065436185666e-11
3.372279245830464e-11
3.367513943707184e-11
3.362769375612527e-11
3.358045387343181e-11
3.353341824695842e-11
3.348658533467205e-11
3.343995359453963e-11
3.339352148452813e-11
3.334728746260448e-11
3.330124998673560e-11
3.325540751488845e-11
3.320975850502998e-11
3.316430141512712e-11
3.311903470314681e-11
3.307395682705602e-11
3.302906624482167e-11
3.298436141441069e-11
3.293984079379005e-11
3.289550284092667e-11
3.285134601378751e-11
3.280736877033951e-11
3.276356956854961e-11
3.271994686638475e-11
3.267649912181186e-11
3.263322479279791e-11
3.259012233730984e-11
3.254719021331455e-11
3.250442687877905e-11
3.246183079167022e-11
3.241940040995504e-11
3.237713419160044e-11
3.233503059457337e-11
3.229308807684076e-11
3.225130509636957e-11
3.220968011112673e-11
3.216821157907917e-11
3.212689795819386e-11
3.208573770643773e-11
3.204472928177771e-11
3.200387114218079e-11
3.196316174561385e-11
3.192259955004387e-11
3.188218301343777e-11
3.184191059376252e-11
3.180178074898505e-11
3.176179193707229e-11
3.172194261599122e-11
3.168223124370872e-11
3.164265627819180e-11
3.160321617740736e-11
3.156390939932235e-11
3.152473440190372e-11
3.148568964311841e-11
3.144677358093337e-11
3.140798467331553e-11
3.136932137823182e-11
3.133078215364922e-11
3.129236545753464e-11
3.125406974785506e-11
3.121589348257737e-11
3.117783511966856e-11
3.113989311709554e-11
3.110206593282527e-11
3.106435202482469e-11
3.102674985106075e-11
3.098925786950037e-11
3.095187453811051e-11
3.091459831485810e-11
3.087742765771011e-11
3.084036102463345e-11
3.080339687359508e-11
3.076653366256195e-11
3.072976984950098e-11
3.069310389237913e-11
3.065653424916333e-11
3.062005937782054e-11
3.058367773631767e-11
3.054738778262172e-11
3.051118798498679e-11
3.047507736084771e-11
3.043905574188795e-11
3.040312302568304e-11
3.036727910980853e-11
3.033152389183996e-11
3.029585726935283e-11
3.026027913992273e-11
3.022478940112515e-11
3.018938795053566e-11
3.015407468572977e-11
3.011884950428306e-11
3.008371230377103e-11
3.004866298176922e-11
3.001370143585319e-11
2.997882756359845e-11
2.994404126258056e-11
2.990934243037506e-11
2.987473096455747e-11
2.984020676270333e-11
2.980576972238818e-11
2.977141974118756e-11
2.973715671667702e-11
2.970298054643207e-11
2.966889112802827e-11
2.963488835904115e-11
2.960097213704624e-11
2.956714235961908e-11
2.953339892433523e-11
2.949974172877021e-11
2.946617067049955e-11
2.943268564709879e-11
2.939928655614348e-11
2.936597329520915e-11
2.933274576187133e-11
2.929960385370557e-11
2.926654746828741e-11
2.923357650319237e-11
2.920069085599601e-11
2.916789042427384e-11
2.913517510560143e-11
2.910254479755429e-11
2.906999939770797e-11
2.903753880363801e-11
2.900516291291994e-11
2.897287162312930e-11
2.894066483184163e-11
2.890854243663246e-11
2.887650433507734e-11
2.884455042475180e-11
2.881268060323138e-11
2.878089476809162e-11
2.874919281690804e-11
2.871757464725620e-11
2.868604015671163e-11
2.865458924284987e-11
2.862322180324645e-11
2.859193773547691e-11
2.856073693711679e-11
2.852961930574162e-11
2.849858473892696e-11
2.846763313424832e-11
2.843676438928126e-11
2.840597840160130e-11
2.837527506878398e-11
2.834465428840484e-11
2.831411595803942e-11
2.828365997526327e-11
2.825328623765191e-11
2.822299464278088e-11
2.819278508822572e-11
2.816265747156196e-11
2.813261169036515e-11
2.810264764221082e-11
2.807276522467453e-11
2.804296433533178e-11
2.801324487175812e-11
2.798360673152910e-11
2.795404981222025e-11
2.792457401140711e-11
2.789517922666521e-11
2.786586535557009e-11
2.783663229569730e-11
2.780747994462238e-11
2.777840819992084e-11
2.774941695916823e-11
2.772050611994009e-11
2.769167557981197e-11
2.766292523635938e-11
2.763425498715788e-11
2.760566472978300e-11
2.757715436181028e-11
2.754872378081526e-11
2.752037288437346e-11
2.749210157006045e-11
2.746390973545173e-11
2.743579727812289e-11
2.740776409564940e-11
2.737981008560684e-11
2.735193514557075e-11
2.732413917311664e-11
2.729642206582007e-11
2.726878372125657e-11
2.724122403700168e-11
2.721374291063094e-11
2.718634023971988e-11
2.715901592184405e-11
2.713176985457896e-11
2.710460193550020e-11
2.707751203103735e-11
2.705049988303646e-11
2.702356520219766e-11
2.699670769922106e-11
2.696992708480680e-11
2.694322306965499e-11
2.691659536446577e-11
2.689004367993926e-11
2.686356772677557e-11
2.683716721567485e-11
2.681084185733720e-11
2.678459136246277e-11
2.675841544175168e-11
2.673231380590402e-11
2.670628616561996e-11
2.668033223159959e-11
2.665445171454306e-11
2.662864432515047e-11
2.660290977412197e-11
2.657724777215768e-11
2.655165802995771e-11
2.652614025822220e-11
2.650069416765126e-11
2.647531946894503e-11
2.645001587280364e-11
2.642478308992719e-11
2.639962083101581e-11
2.637452880676964e-11
2.634950672788880e-11
2.632455430507340e-11
2.629967124902358e-11
2.627485727043947e-11
2.625011208002117e-11
2.622543538846883e-11
2.620082690648257e-11
2.617628634476250e-11
2.615181341400876e-11
2.612740782492147e-11
2.610306928820076e-11
2.607879751454673e-11
2.605459221465954e-11
2.603045309923929e-11
2.600637987898611e-11
2.598237226460013e-11
2.595842996678148e-11
2.593455269623027e-11
2.591074016364663e-11
2.588699207973068e-11
2.586330815518257e-11
2.583968810070240e-11
2.581613162699030e-11
2.579263844474639e-11
2.576920826467080e-11
2.574584079746366e-11
2.572253575382508e-11
2.569929284445520e-11
2.567611178005414e-11
2.565299227132202e-11
2.562993402895898e-11
2.560693676366512e-11
2.558400018614058e-11
2.556112400708548e-11
2.553830793719997e-11
2.551555168718413e-11
2.549285496773811e-11
2.547021748956203e-11
2.544763896335602e-11
2.542511909982020e-11
2.540265760965469e-11
2.538025420355962e-11
2.535790859223512e-11
2.533562048638131e-11
2.531338959669832e-11
2.529121563388626e-11
2.526909830864528e-11
2.524703733167547e-11
2.522503241367698e-11
2.520308326534993e-11
2.518118959739444e-11
2.515935112051063e-11
2.513756754539864e-11
2.511583858275859e-11
2.509416394329060e-11
2.507254333769479e-11
2.505097647667129e-11
2.502946307092023e-11
2.500800283114174e-11
2.498659546803594e-11
2.496524069230293e-11
2.494393821464287e-11
2.492268774575585e-11
2.490148899634203e-11
2.488034167710152e-11
2.485924549873443e-11
2.483820017194091e-11
2.481720540742107e-11
2.479626091587504e-11
2.477536640800293e-11
2.475452159450490e-11
2.473372618608105e-11
2.471297989343149e-11
2.469228242725636e-11
2.467163349825580e-11
2.465103281712991e-11
2.463048009457883e-11
2.460997504130269e-11
2.458951736800159e-11
2.456910678537567e-11
2.454874301544968e-11
2.452842592019008e-11
2.450815545594888e-11
2.448793158084613e-11
2.446775425300188e-11
2.444762343053613e-11
2.442753907156893e-11
2.440750113422033e-11
2.438750957661037e-11
2.436756435685905e-11
2.434766543308644e-11
2.432781276341258e-11
2.430800630595748e-11
2.428824601884119e-11
2.426853186018376e-11
2.424886378810521e-11
2.422924176072558e-11
2.420966573616491e-11
2.419013567254323e-11
2.417065152798058e-11
2.415121326059699e-11
2.413182082851252e-11
2.411247418984718e-11
2.409317330272102e-11
2.407391812525407e-11
2.405470861556638e-11
2.403554473177796e-11
2.401642643200888e-11
2.399735367437916e-11
2.397832641700883e-11
2.395934461801793e-11
2.394040823552651e-11
2.392151722765459e-11
2.390267155252221e-11
2.388387116824940e-11
2.386511603295623e-11
2.384640610476269e-11
2.382774134178885e-11
2.380912170215474e-11
2.379054714398039e-11
2.377201762538583e-11
2.375353310449112e-11
2.373509353941629e-11
2.371669888828135e-11
2.369834910920635e-11
2.368004416031135e-11
2.366178399971636e-11
2.364356858554142e-11
2.362539787590659e-11
2.360727182893187e-11
2.358919040273732e-11
2.357115355544297e-11
2.355316124516887e-11
2.353521343003504e-11
2.351731006816152e-11
2.349945111766835e-11
2.348163653667555e-11
2.346386628330318e-11
2.344614031567127e-11
2.342845859189986e-11
2.341082107010897e-11
2.339322770841865e-11
2.337567846494895e-11
2.335817329781987e-11
2.334071216515148e-11
2.332329502506380e-11
2.330592183567688e-11
2.328859255511073e-11
2.327130714148541e-11
2.325406555292096e-11
2.323686774753739e-11
2.321971368345476e-11
2.320260331879311e-11
2.318553661167246e-11
2.316851352021285e-11
2.315153400253432e-11
2.313459801675691e-11
2.311770552100065e-11
2.310085647338559e-11
2.308405083203175e-11
2.306728855505917e-11
2.305056960058789e-11
2.303389392673794e-11
2.301726149162938e-11
2.300067225338222e-11
2.298412617011650e-11
2.296762319995227e-11
2.295116330100956e-11
2.293474643140840e-11
2.291837254926884e-11
2.290204161271090e-11
2.288575357985463e-11
2.286950840882006e-11
2.285330605772724e-11
2.283714648469618e-11
2.282102964784693e-11
2.280495550529955e-11
2.278892401517403e-11
2.277293513559044e-11
2.275698882466881e-11
2.274108504052918e-11
2.272522374129158e-11
2.270940488507604e-11
2.269362843000262e-11
2.267789433419133e-11
2.266220255576222e-11
2.264655305283533e-11
2.263094578353068e-11
2.261538070564513e-11
2.259985775196995e-11
2.258437681291030e-11
2.256893777476554e-11
2.255354052383507e-11
2.253818494641826e-11
2.252287092881451e-11
2.250759835732319e-11
2.249236711824370e-11
2.247717709787542e-11
2.246202818251773e-11
2.244692025847000e-11
2.243185321203165e-11
2.241682692950204e-11
2.240184129718056e-11
2.238689620136660e-11
2.237199152835954e-11
2.235712716445876e-11
2.234230299596365e-11
2.232751890917361e-11
2.231277479038801e-11
2.229807052590622e-11
2.228340600202765e-11
2.226878110505167e-11
2.225419572127767e-11
2.223964973700503e-11
2.222514303853315e-11
2.221067551216139e-11
2.219624704418915e-11
2.218185752091583e-11
2.216750682864078e-11
2.215319485366341e-11
2.213892148228310e-11
2.212468660079924e-11
2.211049009551120e-11
2.209633185271837e-11
2.208221175872014e-11
2.206812969981589e-11
2.205408556230501e-11
2.204007923248688e-11
2.202611059666088e-11
2.201217954112641e-11
2.199828595218284e-11
2.198442971612957e-11
2.197061071926596e-11
2.195682884789143e-11
2.194308398830534e-11
2.192937602680707e-11
2.191570484969602e-11
2.190207034327157e-11
2.188847239383311e-11
2.187491088768001e-11
2.186138571111167e-11
2.184789675042747e-11
2.183444389192679e-11
2.182102702190902e-11
2.180764602667355e-11
2.179430079251975e-11
2.178099120574702e-11
2.176771715265473e-11
2.175447851954228e-11
2.174127519270904e-11
2.172810705845441e-11
2.171497400307777e-11
2.170187591287849e-11
2.168881267415597e-11
2.167578417320959e-11
2.166279029633874e-11
2.164983092984281e-11
2.163690596002116e-11
2.162401527317321e-11
2.161115875559832e-11
2.159833629359587e-11
2.158554777346526e-11
2.157279308150587e-11
2.156007210401709e-11
2.154738472729829e-11
2.153473083764887e-11
2.152211032136821e-11
2.150952306475569e-11
2.149696895411071e-11
2.148444787573264e-11
2.147195971592086e-11
2.145950436097477e-11
2.144708169719376e-11
2.143469161087718e-11
2.142233398832445e-11
2.141000871583495e-11
2.139771567970805e-11
2.138545476624313e-11
2.137322586173961e-11
2.136102885249684e-11
2.134886362481421e-11
2.133673006499112e-11
2.132462805932695e-11
2.131255749412108e-11
2.130051825567289e-11
2.128851023028178e-11
2.127653330424712e-11
2.126458736386830e-11
2.125267229544470e-11
2.124078798527572e-11
2.122893431966073e-11
2.121711118489912e-11
2.120531846729028e-11
2.119355605313358e-11
2.118182382872842e-11
2.117012168037418e-11
2.115844949437025e-11
2.114680715701600e-11
2.113519455461082e-11
2.112361157345411e-11
2.111205809984523e-11
2.110053402008358e-11
2.108903922046855e-11
2.107757358729952e-11
2.106613700687586e-11
2.105472936549698e-11
2.104335054946224e-11
2.103200044507105e-11
2.102067893862278e-11
2.100938591641681e-11
2.099812126475253e-11
2.098688486992933e-11
2.097567661824659e-11
2.096449639600370e-11
2.095334408950003e-11
2.094221958503498e-11
2.093112276890793e-11
2.092005352741827e-11
2.090901174686537e-11
2.089799731354864e-11
2.088701011376744e-11
2.087605003382116e-11
2.086511696000920e-11
2.085421077863093e-11
2.084333137598573e-11
2.083247863837300e-11
2.082165245209212e-11
2.081085270344247e-11
2.080007927872344e-11
2.078933206423441e-11
2.077861094627478e-11
2.076791581114391e-11
2.075724654514119e-11
2.074660303456603e-11
2.073598516571779e-11
2.072539282489586e-11
2.071482589839962e-11
2.070428427252848e-11
2.069376783358179e-11
2.068327646785895e-11
2.067281006165936e-11
2.066236850128238e-11
2.065195167302740e-11
2.064155946319382e-11
2.063119175808101e-11
2.062084844398836e-11
2.061052940721526e-11
2.060023453406109e-11
2.058996371082523e-11
2.057971682380707e-11
2.056949375930600e-11
2.055929440362138e-11
2.054911864305263e-11
2.053896636389911e-11
2.052883745246022e-11
2.051873179503534e-11
2.050864927792384e-11
2.049858978742513e-11
2.048855320983858e-11
2.047853943146357e-11
2.046854833859950e-11
2.045857981754575e-11
2.044863375460169e-11
2.043871003606672e-11
2.042880854824023e-11
2.041892917742159e-11
2.040907180991018e-11
2.039923633200541e-11
2.038942263000665e-11
2.037963059021328e-11
2.036986009892470e-11
2.036011104244028e-11
2.035038330705940e-11
2.034067677908146e-11
2.033099134480585e-11
2.032132689053193e-11
2.031168330255911e-11
2.030206046718676e-11
2.029245827071426e-11
2.028287659944101e-11
2.027331533966639e-11
2.026377437768979e-11
2.025425359981058e-11
2.024475289232815e-11
2.023527214154190e-11
2.022581123375119e-11
2.021637005525542e-11
2.020694849235397e-11
2.019754643134623e-11
2.018816375853158e-11
2.017880036020941e-11
2.016945612267910e-11
2.016013093224003e-11
2.015082467519160e-11
2.014153723783318e-11
2.013226850646416e-11
2.012301836738393e-11
2.011378670689187e-11
2.010457341128737e-11
2.009537836686980e-11
2.008620145993856e-11
2.007704257679303e-11
2.006790160373259e-11
2.005877842705662e-11
2.004967293306453e-11
2.004058501103787e-11
2.003151459488062e-11
2.002246165284713e-11
2.001342615407540e-11
2.000440806770339e-11
1.999540736286908e-11
1.998642400871046e-11
1.997745797436551e-11
1.996850922897220e-11
1.995957774166852e-11
1.995066348159244e-11
1.994176641788194e-11
1.993288651967499e-11
1.992402375610960e-11
1.991517809632371e-11
1.990634950945533e-11
1.989753796464243e-11
1.988874343102298e-11
1.987996587773497e-11
1.987120527391637e-11
1.986246158870517e-11
1.985373479123934e-11
1.984502485065686e-11
1.983633173609571e-11
1.982765541669387e-11
1.981899586158932e-11
1.981035303992004e-11
1.980172692082402e-11
1.979311747343922e-11
1.978452466690362e-11
1.977594847035521e-11
1.976738885293196e-11
1.975884578377186e-11
1.975031923201288e-11
1.974180916679301e-11
1.973331555725021e-11
1.972483837252247e-11
1.971637758174778e-11
1.970793315406410e-11
1.969950505860942e-11
1.969109326452172e-11
1.968269774093898e-11
1.967431845699916e-11
1.966595538184027e-11
1.965760848460027e-11
1.964927773441714e-11
1.964096310042886e-11
1.963266455177341e-11
1.962438205758878e-11
1.961611558701293e-11
1.960786510918385e-11
1.959963059323952e-11
1.959141200831791e-11
1.958320932355702e-11
1.957502250809481e-11
1.956685153106926e-11
1.955869636161835e-11
1.955055696888007e-11
1.954243332199239e-11
1.953432539009329e-11
1.952623314232075e-11
1.951815654781275e-11
1.951009557570727e-11
1.950205019514228e-11
1.949402037525577e-11
1.948600608518572e-11
1.947800729407010e-11
1.947002397104690e-11
1.946205608525409e-11
1.945410360582965e-11
1.944616650191156e-11
1.943824474263781e-11
1.943033829714637e-11
1.942244713457521e-11
1.941457122406232e-11
1.940671053474568e-11
1.939886503576326e-11
1.939103469625305e-11
1.938321948535303e-11
1.937541937220117e-11
1.936763432593545e-11
1.935986431569386e-11
1.935210931061436e-11
1.934436927983495e-11
1.933664419249359e-11
1.932893401772828e-11
1.932123872467698e-11
1.931355828247768e-11
1.930589266026836e-11
1.929824182718699e-11
1.929060575237156e-11
1.928298440496004e-11
1.927537775409042e-11
1.926778576890066e-11
1.926020841852876e-11
1.925264567211269e-11
1.924509749879042e-11
1.923756386769994e-11
1.923004474797923e-11
1.922254010876627e-11
1.921504991919904e-11
1.920757414841551e-11
1.920011276555367e-11
1.919266573975149e-11
1.918523304014695e-11
1.917781463587803e-11
1.917041049608272e-11
1.916302058989898e-11
1.915564488646480e-11
1.914828335491816e-11
1.914093596439704e-11
1.913360268403942e-11
1.912628348298327e-11
1.911897833036658e-11
1.911168719532732e-11
1.910441004700347e-11
1.909714685453302e-11
1.908989758705394e-11
1.908266221370421e-11
1.907544070362181e-11
1.906823302594472e-11
1.906103914981092e-11
1.905385904435838e-11
1.904669267872509e-11
1.903954002204902e-11
1.903240104346817e-11
1.902527571212049e-11
1.901816399714398e-11
1.901106586767661e-11
1.900398129285637e-11
1.899691024182122e-11
1.898985268370915e-11
1.898280858765814e-11
1.897577792280617e-11
1.896876065829122e-11
1.896175676325126e-11
1.895476620682428e-11
1.894778895814825e-11
1.894082498636116e-11
1.893387426060098e-11
1.892693675000569e-11
1.892001242371328e-11
1.891310125086171e-11
1.890620320058898e-11
1.889931824203305e-11
1.889244634433190e-11
1.888558747662353e-11
1.887874160804591e-11
1.887190870773700e-11
1.886508874483481e-11
1.885828168847729e-11
1.885148750780244e-11
1.884470617194823e-11
1.883793765005265e-11
1.883118191125366e-11
1.882443892468925e-11
1.881770865949740e-11
1.881099108481609e-11
1.880428616978329e-11
1.879759388353699e-11
1.879091419521517e-11
1.878424707395580e-11
1.877759248889686e-11
1.877095040917634e-11
1.876432080393221e-11
1.875770364230244e-11
1.875109889342504e-11
1.874450652643795e-11
1.873792651047918e-11
1.873135881468669e-11
1.872480340819848e-11
1.871826026015250e-11
1.871172933968675e-11
1.870521061593921e-11
1.869870405804784e-11
1.869220963515064e-11
1.868572731638559e-11
1.867925707089065e-11
1.867279886780382e-11
1.866635267626306e-11
1.865991846540636e-11
1.865349620437170e-11
1.864708586229705e-11
1.864068740832040e-11
1.863430081157972e-11
1.862792604121300e-11
1.862156306635821e-11
1.861521185615333e-11
1.860887237973635e-11
1.860254460624523e-11
1.859622850481796e-11
1.858992404459253e-11
1.858363119470690e-11
1.857734992429906e-11
1.857108020250698e-11
1.856482199846865e-11
1.855857528132205e-11
1.855234002020515e-11
1.854611618425593e-11
1.853990374261237e-11
1.853370266441245e-11
1.852751291879416e-11
1.852133447489546e-11
1.851516730185435e-11
1.850901136880879e-11
1.850286664489677e-11
1.849673309925626e-11
1.849061070102524e-11
1.848449941934171e-11
1.847839922334363e-11
1.847231008216898e-11
1.846623196495574e-11
1.846016484084189e-11
1.845410867896541e-11
1.844806344846428e-11
1.844202911847648e-11
1.843600565813999e-11
1.842999303659278e-11
1.842399122297284e-11
1.841800018641815e-11
1.841201989606668e-11
1.840605032105641e-11
1.840009143052532e-11
1.839414319361140e-11
1.838820557945262e-11
1.838227855718696e-11
1.837636209595239e-11
1.837045616488690e-11
1.836456073312848e-11
1.835867576981509e-11
1.835280124408471e-11
1.834693712507533e-11
1.834108338192492e-11
1.833523998377147e-11
1.832940689975294e-11
1.832358409900734e-11
1.831777155067262e-11
1.831196922388676e-11
1.830617708778777e-11
1.830039511151359e-11
1.829462326420223e-11
1.828886151499165e-11
1.828310983301983e-11
1.827736818742476e-11
1.827163654734442e-11
1.826591488191677e-11
1.826020316027982e-11
1.825450135157151e-11
1.824880942492985e-11
1.824312734949282e-11
1.823745509439838e-11
1.823179262878451e-11
1.822613992178921e-11
1.822049694255044e-11
1.821486366020618e-11
1.820924004389442e-11
1.820362606275314e-11
1.819802168592030e-11
1.819242688253390e-11
1.818684162173191e-11
1.818126587265231e-11
1.817569960443308e-11
1.817014278621220e-11
1.816459538712764e-11
1.815905737631739e-11
1.815352872291943e-11
1.814800939607173e-11
1.814249936491228e-11
1.813699859857905e-11
1.813150706621002e-11
1.812602473694318e-11
1.812055157991649e-11
1.811508756426795e-11
1.810963265913552e-11
1.810418683365719e-11
1.809875005697094e-11
1.809332229821475e-11
1.808790352652660e-11
1.808249371104446e-11
1.807709282090631e-11
1.807170082525013e-11
1.806631769321391e-11
1.806094339393562e-11
1.805557789655324e-11
1.805022117020475e-11
1.804487318402812e-11
1.803953390716135e-11
1.803420330874241e-11
1.802888135790927e-11
1.802356802379991e-11
1.801826327555232e-11
1.801296708230448e-11
1.800767941319435e-11
1.800240023735993e-11
1.799712952393919e-11
1.799186724207011e-11
1.798661336089068e-11
1.798136784953886e-11
1.797613067715263e-11
1.797090181286999e-11
1.796568122582890e-11
1.796046888516735e-11
1.795526476002331e-11
1.795006881953477e-11
1.794488103283969e-11
1.793970136907607e-11
1.793452979738188e-11
1.792936628689510e-11
1.792421080675371e-11
1.791906332609569e-11
1.791392381405902e-11
1.790879223978167e-11
1.790366857240163e-11
1.789855278105687e-11
1.789344483488538e-11
1.788834470302514e-11
1.788325235461411e-11
1.787816775879029e-11
1.787309088469165e-11
1.786802170145616e-11
1.786296017822182e-11
1.785790628412660e-11
1.785285998830847e-11
1.784782125990542e-11
1.784279006805543e-11
1.783776638189647e-11
1.783275017056652e-11
1.782774140320357e-11
1.782274004894559e-11
1.781774607693056e-11
1.781275945629647e-11
1.780778015618128e-11
1.780280814572298e-11
1.779784339405955e-11
1.779288587032897e-11
1.778793554366921e-11
1.778299238321826e-11
1.777805635811410e-11
1.777312743749470e-11
1.776820559049804e-11
1.776329078626210e-11
1.775838299392487e-11
1.775348218262431e-11
1.774858832149842e-11
1.774370137968516e-11
1.773882132632252e-11
1.773394813054849e-11
1.772908176150102e-11
1.772422218831811e-11
1.771936938013774e-11
1.771452330609788e-11
1.770968393533651e-11
1.770485123699162e-11
1.770002518020117e-11
1.769520573410316e-11
1.769039286783556e-11
1.768558655053634e-11
1.768078675134349e-11
1.767599343939499e-11
1.767120658382882e-11
1.766642615378295e-11
1.766165211839536e-11
1.765688444680404e-11
1.765212310814696e-11
1.764736807156211e-11
1.764261930618745e-11
1.763787678116098e-11
1.763314046562066e-11
1.762841032870448e-11
1.762368633955042e-11
1.761896846729646e-11
1.761425668108057e-11
1.760955095004074e-11
1.760485124331494e-11
1.760015753004116e-11
1.759546977935737e-11
1.759078796040155e-11
1.758611204231167e-11
1.758144199422574e-11
1.757677778528171e-11
1.757211938461756e-11
1.756746676137129e-11
1.756281988468086e-11
1.755817872368426e-11
1.755354324751946e-11
1.754891342532445e-11
1.754428922623720e-11
1.753967061939569e-11
1.753505757393791e-11
1.753045005900182e-11
1.752584804372541e-11
1.752125149724667e-11
1.751666038870356e-11
1.751207468723407e-11
1.750749436197617e-11
1.750291938206785e-11
1.749834971664709e-11
1.749378533485186e-11
1.748922620582013e-11
1.748467229868991e-11
1.748012358259916e-11
1.747558002668585e-11
1.747104160008798e-11
1.746650827194352e-11
1.746198001139044e-11
1.745745678756672e-11
1.745293856961036e-11
1.744842532665932e-11
1.744391702785159e-11
1.743941364232514e-11
1.743491513921795e-11
1.743042148766800e-11
1.742593265681328e-11
1.742144861579175e-11
1.741696933374141e-11
1.741249477980022e-11
1.740802492310617e-11
1.740355973279724e-11
1.739909917801140e-11
1.739464322788664e-11
1.739019185156094e-11
1.738574501817226e-11
1.738130269685860e-11
1.737686485675793e-11
1.737243146700824e-11
1.736800249674749e-11
1.736357791511367e-11
1.735915769124476e-11
1.735474179427874e-11
1.735033019335358e-11
1.734592285760727e-11
1.734151975617779e-11
1.733712085820310e-11
1.733272613286497e-11
1.732833555862310e-11
1.732394913463757e-11
1.731956686286938e-11
1.731518874527951e-11
1.731081478382894e-11
1.730644498047866e-11
1.730207933718965e-11
1.729771785592290e-11
1.729336053863939e-11
1.728900738730012e-11
1.728465840386605e-11
1.728031359029819e-11
1.727597294855750e-11
1.727163648060499e-11
1.726730418840163e-11
1.726297607390840e-11
1.725865213908630e-11
1.725433238589631e-11
1.725001681629941e-11
1.724570543225659e-11
1.724139823572883e-11
1.723709522867712e-11
1.723279641306245e-11
1.722850179084579e-11
1.722421136398813e-11
1.721992513445046e-11
1.721564310419377e-11
1.721136527517903e-11
1.720709164936723e-11
1.720282222871937e-11
1.719855701519641e-11
1.719429601075935e-11
1.719003921736918e-11
1.718578663698688e-11
1.718153827157342e-11
1.717729412308980e-11
1.717305419349701e-11
1.716881848475602e-11
1.716458699882782e-11
1.716035973767341e-11
1.715613670325376e-11
1.715191789752985e-11
1.714770332246267e-11
1.714349298001321e-11
1.713928687214246e-11
1.713508500081139e-11
1.713088736798099e-11
1.712669397561226e-11
1.712250482566616e-11
1.711831992010369e-11
1.711413926088583e-11
1.710996284997357e-11
1.710579068932789e-11
1.710162278090978e-11
1.709745912668022e-11
1.709329972860020e-11
1.708914458863070e-11
1.708499370873271e-11
1.708084709086720e-11
1.707670473699518e-11
1.707256664907762e-11
1.706843282907550e-11
1.706430327894981e-11
1.706017800066154e-11
1.705605699617167e-11
1.705194026744120e-11
1.704782781643109e-11
1.704371964510233e-11
1.703961575541592e-11
1.703551614933284e-11
1.703142082881407e-11
1.702732979582059e-11
1.702324305231340e-11
1.701916060025347e-11
1.701508244160179e-11
1.701100857831935e-11
1.700693901236713e-11
1.700287374570612e-11
1.699881278029730e-11
1.699475611810165e-11
1.699070376108016e-11
1.698665571119383e-11
1.698261197040362e-11
1.697857254067053e-11
1.697453742395554e-11
1.697050662221963e-11
1.696648013742380e-11
1.696245797152902e-11
1.695844012649629e-11
1.695442660428658e-11
1.695041740686087e-11
1.694641253618017e-11
1.694241199420545e-11
1.693841578289769e-11
1.693442390421789e-11
1.693043636012702e-11
1.692645315258606e-11
1.692247428355602e-11
1.691849975499787e-11
1.691452956887259e-11
1.691056372714117e-11
1.690660223176460e-11
1.690264508470385e-11
1.689869228791993e-11
1.689474384337380e-11
1.689079975302646e-11
1.688686001883889e-11
1.688292464277208e-11
1.687899362678700e-11
1.687506697284465e-11
1.687114468290601e-11
1.686722675893207e-11
1.686331320288380e-11
1.685940401672220e-11
1.685549920240826e-11
1.685159876190294e-11
1.684770269716725e-11
1.684381101016216e-11
1.683992370284866e-11
1.683604077718774e-11
1.683216223514038e-11
1.682828807866756e-11
1.682441830973027e-11
1.682055293028950e-11
1.681669194230622e-11
1.681283534774143e-11
1.680898314855611e-11
1.680513534671125e-11
1.680129194416782e-11
1.679745294288682e-11
1.679361834482923e-11
1.678978815195604e-11
1.678596236622822e-11
1.678214098960677e-11
1.677832402405267e-11
1.677451147152690e-11
1.677070333399045e-11
1.676689961340430e-11
1.676310031172945e-11
1.675930543092687e-11
1.675551497295754e-11
1.675172893978247e-11
1.674794733336262e-11
1.674417015565899e-11
1.674039740863256e-11
1.673662909424431e-11
1.673286521445522e-11
1.672910577122630e-11
1.672535076651851e-11
1.672160020229285e-11
1.671785408051029e-11
1.671411240313183e-11
1.671037517211845e-11
1.670664238943113e-11
1.670291405703086e-11
1.669919017687862e-11
1.669547075093541e-11
1.669175578116220e-11
1.668804526951997e-11
1.668433921796972e-11
1.668063762847243e-11
1.667694050298908e-11
1.667324784348067e-11
1.666955965190816e-11
1.666587593023255e-11
1.666219668041483e-11
1.665852190441598e-11
1.665485160419698e-11
1.665118578171881e-11
1.664752443894248e-11
1.664386757782895e-11
1.664021520033921e-11
1.663656730843425e-11
1.663292390407505e-11
1.662928498922260e-11
1.662565056583789e-11
1.662202063588189e-11
1.661839520131560e-11
1.661477426409999e-11
1.661115782619606e-11
1.660754588956479e-11
1.660393845616716e-11
1.660033552796416e-11
1.659673710691677e-11
1.659314319498598e-11
1.658955379413277e-11
1.658596890631813e-11
1.658238853350304e-11
1.657881267764849e-11
1.657524134071546e-11
1.657167452466495e-11
1.656811223145792e-11
1.656455446305537e-11
1.656100122141829e-11
1.655745250850765e-11
1.655390832628444e-11
1.655036867670965e-11
1.654683356174427e-11
1.654330298334927e-11
1.653977694348565e-11
1.653625544411438e-11
1.653273848719645e-11
1.652922607469285e-11
1.652571820856457e-11
1.652221489077258e-11
1.651871612327787e-11
1.651522190804144e-11
1.651173224702425e-11
1.650824714218730e-11
1.650476659549157e-11
1.650129060889806e-11
1.649781918436773e-11
1.649435232386158e-11
1.649089002934059e-11
1.648743230276575e-11
1.648397914609804e-11
1.648053056129845e-11
1.647708655032796e-11
1.647364711514756e-11
1.647021225771822e-11
1.646678198000095e-11
1.646335628395672e-11
1.645993517154651e-11
1.645651864473132e-11
1.645310670547212e-11
1.644969935572990e-11
1.644629659746565e-11
1.644289843264036e-11
1.643950486321500e-11
1.643611589115056e-11
1.643273151840802e-11
1.642935174694839e-11
1.642597657873262e-11
1.642260601572172e-11
1.641924005987666e-11
1.641587871315844e-11
1.641252197752803e-11
1.640916985494642e-11
1.640582234737460e-11
1.640247945677355e-11
1.639914118510426e-11
1.639580753432771e-11
1.639247850640488e-11
1.638915410329676e-11
1.638583432696435e-11
1.638251917936861e-11
1.637920866247054e-11
1.637590277823112e-11
1.637260152861133e-11
1.636930491557217e-11
1.636601294107461e-11
1.636272560707965e-11
1.635944291554826e-11
1.635616486844143e-11
1.635289146772014e-11
1.634962271534539e-11
1.634635861327815e-11
1.634309916347942e-11
1.633984436791017e-11
1.633659422853139e-11
1.633334874730406e-11
1.633010792618918e-11
1.632687176714772e-11
1.632364027214067e-11
1.632041344312902e-11
1.631719128207375e-11
1.631397379093584e-11
1.631076097167629e-11
1.630755282625607e-11
1.630434935663617e-11
1.630115056477757e-11
1.629795645264127e-11
1.629476702218824e-11
1.629158227537947e-11
1.628840221417595e-11
1.628522684053866e-11
1.628205615642858e-11
1.627889016380670e-11
1.627572886463401e-11
1.627257226087149e-11
1.626942035448012e-11
1.626627314742089e-11
1.626313064165479e-11
1.625999283914280e-11
1.625685974184590e-11
1.625373135172508e-11
1.625060767074133e-11
1.624748870085562e-11
1.624437444402896e-11
1.624126490222231e-11
1.623816007739666e-11
1.623505997151301e-11
1.623196458653233e-11
1.622887392441561e-11
1.622578798712384e-11
1.622270677661799e-11
1.621963029485906e-11
1.621655854380803e-11
1.621349152542588e-11
1.621042924167360e-11
1.620737169451218e-11
1.620431888590260e-11
1.620127081780584e-11
1.619822749218289e-11
1.619518891099473e-11
1.619215507620235e-11
1.618912598976674e-11
1.618610165364888e-11
1.618308206980975e-11
1.618006724021034e-11
1.617705716681164e-11
1.617405185157462e-11
1.617105129646028e-11
1.616805550342959e-11
1.616506447444356e-11
1.616207821146314e-11
1.615909671644935e-11
1.615611999136315e-11
1.615314803816554e-11
1.615018085881750e-11
1.614721845528000e-11
1.614426082951405e-11
1.614130798348062e-11
1.613835991914070e-11
1.613541663845528e-11
1.613247814338533e-11
1.612954443589185e-11
1.612661551793581e-11
1.612369139147821e-11
1.612077205848003e-11
1.611785752090225e-11
1.611494778070586e-11
1.611204283985184e-11
1.610914270030118e-11
1.610624736401487e-11
1.610335683295388e-11
1.610047110907921e-11
1.609759019435183e-11
1.609471409073274e-11
1.609184280018291e-11
1.608897632466334e-11
1.608611466613501e-11
1.608325782655890e-11
1.608040580789600e-11
1.607755861210729e-11
1.607471624115376e-11
1.607187869699640e-11
1.606904598159618e-11
1.606621809691409e-11
1.606339504491112e-11
1.606057682754826e-11
1.605776344678648e-11
1.605495490458677e-11
1.605215120291013e-11
1.604935234371752e-11
1.604655832896995e-11
1.604376916062839e-11
1.604098484065382e-11
1.603820537100724e-11
1.603543075364962e-11
1.603266099054196e-11
1.602989608364523e-11
1.602713603492043e-11
1.602438084632853e-11
1.602163051983053e-11
1.601888505738741e-11
1.601614446096014e-11
1.601340873250973e-11
1.601067787399714e-11
1.600795188738338e-11
1.600523077462942e-11
1.600251453769624e-11
1.599980317854483e-11
1.599709669913619e-11
1.599439510143128e-11
1.599169838739110e-11
1.598900655897664e-11
1.598631961814887e-11
1.598363756686879e-11
1.598096040709737e-11
1.597828814079560e-11
1.597562076992447e-11
1.597295829644496e-11
1.597030072231806e-11
1.596764804950475e-11
1.596500027996602e-11
1.596235741566285e-11
1.595971945855622e-11
1.595708641060713e-11
1.595445827377655e-11
1.595183505002548e-11
1.594921674131489e-11
1.594660334960578e-11
1.594399487685912e-11
1.594139132503590e-11
1.593879269609711e-11
1.593619899200373e-11
1.593361021471675e-11
1.593102636619715e-11
1.592844744840591e-11
1.592587346330403e-11
1.592330441285248e-11
1.592074029901225e-11
1.591818112374433e-11
1.591562688900970e-11
1.591307759676935e-11
1.591053324898426e-11
1.590799384761542e-11
1.590545939462380e-11
1.590292989197041e-11
1.590040534161621e-11
1.589788574552220e-11
1.589537110564936e-11
1.589286142395867e-11
1.589035670241113e-11
1.588785694296771e-11
1.588536214758941e-11
1.588287231823719e-11
1.588038745687207e-11
1.587790756545501e-11
1.587543264594699e-11
1.587296270030902e-11
1.587049773050206e-11
1.586803773848711e-11
1.586558272622515e-11
1.586313269567717e-11
1.586068764880414e-11
1.585824758756706e-11
1.585581251392692e-11
1.585338242984468e-11
1.585095733728135e-11
1.584853723819791e-11
1.584612213455533e-11
1.584371202831461e-11
1.584130692143673e-11
1.583890681588267e-11
1.583651171361343e-11
1.583412161658998e-11
1.583173652677331e-11
1.582935644612441e-11
1.582698137660425e-11
1.582461132017384e-11
1.582224627879414e-11
1.581988625442614e-11
1.581753124903084e-11
1.581518126456921e-11
1.581283630300225e-11
1.581049636629092e-11
1.580816145639623e-11
1.580583157527915e-11
1.580350672490067e-11
1.580118690722177e-11
1.579887212420345e-11
1.579656237780668e-11
1.579425766999245e-11
1.579195800272175e-11
1.578966337795555e-11
1.578737379765485e-11
1.578508926378063e-11
1.578280977829388e-11
1.578053534315557e-11
1.577826596032670e-11
1.577600163176824e-11
1.577374235944120e-11
1.577148814530653e-11
1.576923899132525e-11
1.576699489945832e-11
1.576475587166675e-11
1.576252190991149e-11
1.576029301615356e-11
1.575806919235392e-11
1.575585044047356e-11
1.575363676247348e-11
1.575142816031465e-11
1.574922463595806e-11
1.574702619136469e-11
1.574483282849553e-11
1.574264454931157e-11
1.574046135577378e-11
1.573828324984316e-11
1.573611023348069e-11
1.573394230864735e-11
1.573177947730413e-11
1.572962174141201e-11
1.572746910293199e-11
1.572532156382503e-11
1.572317912605214e-11
1.572104179157429e-11
1.571890956235247e-11
1.571678244034766e-11
1.571466042752085e-11
1.571254352583302e-11
1.571043173724516e-11
1.570832506371826e-11
1.570622350721330e-11
1.570412706969125e-11
1.570203575311312e-11
1.569994955943988e-11
1.569786849063252e-11
1.569579254865202e-11
1.569372173545937e-11
1.569165605301556e-11
1.568959550328155e-11
1.568754008821836e-11
1.568548980978695e-11
1.568344466994832e-11
1.568140467066344e-11
1.567936981389331e-11
1.567734010159891e-11
1.567531553574122e-11
1.567329611828122e-11
1.567128185117991e-11
1.566927273639827e-11
1.566726877589728e-11
1.566526997163793e-11
1.566327632558120e-11
1.566128783968808e-11
1.565930451591955e-11
1.565732635623660e-11
1.565535336260021e-11
1.565338553697137e-11
1.565142288131107e-11
1.564946539758027e-11
1.564751308773999e-11
1.564556595375119e-11
1.564362399757486e-11
1.564168722117199e-11
1.563975562650357e-11
1.563782921553057e-11
1.563590799021398e-11
1.563399195251479e-11
1.563208110439398e-11
1.563017544781254e-11
1.562827498473146e-11
1.562637971711171e-11
1.562448964691428e-11
1.562260477610016e-11
1.562072510663033e-11
1.561885064046578e-11
1.561698137956749e-11
1.561511732589645e-11
1.561325848141363e-11
1.561140484808004e-11
1.560955642785665e-11
1.560771322270445e-11
1.560587523458442e-11
1.560404246545754e-11
1.560221491728481e-11
1.560039259202720e-11
1.559857549164571e-11
1.559676361810131e-11
1.559495697335499e-11
1.559315555936774e-11
1.559135937810055e-11
1.558956843151439e-11
1.558778272157025e-11
1.558600225022912e-11
1.558422701945197e-11
1.558245703119981e-11
1.558069228743361e-11
1.557893279011435e-11
1.557717854120303e-11
1.557542954266062e-11
1.557368579644811e-11
1.557194730452649e-11
1.557021406885674e-11
1.556848609139984e-11
1.556676337411679e-11
1.556504591896857e-11
1.556333372791615e-11
1.556162680292054e-11
1.555992514594270e-11
1.555822875894363e-11
1.555653764388431e-11
1.555485180272572e-11
1.555317123742886e-11
1.555149594995471e-11
1.554982594226424e-11
1.554816121631845e-11
1.554650177407832e-11
1.554484761750484e-11
1.554319874855899e-11
1.554155516920175e-11
1.553991688139412e-11
1.553828388709707e-11
1.553665618827159e-11
1.553503378687866e-11
1.553341668487928e-11
1.553180488423442e-11
1.553019838690508e-11
1.552859719485222e-11
1.552700131003686e-11
1.552541073441995e-11
1.552382546996250e-11
1.552224551862548e-11
1.552067088236988e-11
1.551910156315669e-11
1.551753756294688e-11
1.551597888370146e-11
1.551442552738139e-11
1.551287749594767e-11
1.551133479136128e-11
1.550979741558320e-11
1.550826537057442e-11
1.550673865829593e-11
1.550521728070871e-11
1.550370123977375e-11
1.550219053745202e-11
1.550068517570452e-11
1.549918515649223e-11
1.549769048177613e-11
1.549620115351722e-11
1.549471717367647e-11
1.549323854421487e-11
1.549176526709340e-11
1.549029734427305e-11
1.548883477771481e-11
1.548737756937966e-11
1.548592572122858e-11
1.548447923522257e-11
1.548303811332259e-11
1.548160235748965e-11
1.548017196968472e-11
1.547874695186879e-11
1.547732730600285e-11
1.547591303404787e-11
1.547450413796485e-11
1.547310061971477e-11
1.547170248125861e-11
1.547030972455737e-11
1.546892235157202e-11
1.546754036426354e-11
1.546616376459293e-11
1.546479255452118e-11
1.546342673600925e-11
1.546206631101814e-11
1.546071128150884e-11
1.545936164944233e-11
1.545801741677959e-11
1.545667858548161e-11
1.545534515750937e-11
1.545401713482386e-11
1.545269451938607e-11
1.545137731315698e-11
1.545006551809757e-11
1.544875913616882e-11
1.544745816933174e-11
1.544616261954729e-11
1.544487248877647e-11
1.544358777898025e-11
1.544230849211963e-11
1.544103463015558e-11
1.543976619504911e-11
1.543850318876117e-11
1.543724561325277e-11
1.543599347048490e-11
1.543474676241852e-11
1.543350549101464e-11
1.543226965823422e-11
1.543103926603827e-11
1.542981431638775e-11
1.542859481124367e-11
1.542738075256700e-11
1.542617214231873e-11
1.542496898245984e-11
1.542377127495133e-11
1.542257902175416e-11
1.542139222482933e-11
1.542021088613783e-11
1.541903500764063e-11
1.541786459129872e-11
1.541669963907310e-11
1.541554015292474e-11
1.541438613481462e-11
1.541323758670374e-11
1.541209451055308e-11
1.541095690832362e-11
1.540982478197635e-11
1.540869813347224e-11
1.540757696477230e-11
1.540646127783750e-11
1.540535107462883e-11
1.540424635710727e-11
1.540314712723381e-11
1.540205338696944e-11
1.540096513827512e-11
1.539988238311187e-11
1.539880512344065e-11
1.539773336122245e-11
1.539666709841826e-11
1.539560633698906e-11
1.539455107889584e-11
1.539350132609958e-11
1.539245708056128e-11
1.539141834424190e-11
1.539038511910244e-11
1.538935740710388e-11
1.538833521020721e-11
1.538731853037341e-11
1.538630736956347e-11
1.538530172973837e-11
1.538430161285910e-11
1.538330702088664e-11
1.538231795578198e-11
1.538133441950610e-11
1.538035641401998e-11
1.537938394128462e-11
1.537841700326100e-11
1.537745560191010e-11
1.537649973919290e-11
1.537554941707040e-11
1.537460463750357e-11
1.537366540245341e-11
1.537273171388089e-11
1.537180357374700e-11
1.537088098401273e-11
1.536996394663907e-11
1.536905246358698e-11
1.536814653681748e-11
1.536724616829152e-11
1.536635135997011e-11
1.536546211381423e-11
1.536457843178485e-11
1.536370031584298e-11
1.536282776794958e-11
1.536196079006565e-11
1.536109938415218e-11
1.536024355217014e-11
1.535939329608052e-11
1.535854861784431e-11
1.535770951942248e-11
1.535687600277604e-11
1.535604806986595e-11
1.535522572265322e-11
1.535440896309881e-11
1.535359779316372e-11
1.535279221480893e-11
1.535199222999543e-11
1.535119784068419e-11
1.535040904883622e-11
1.534962585641248e-11
1.534884826537397e-11
1.534807627768168e-11
1.534730989529657e-11
1.534654912017965e-11
1.534579395429190e-11
1.534504439959429e-11
1.534430045804782e-11
1.534356213161347e-11
1.534282942225223e-11
1.534210233192508e-11
1.534138086259300e-11
1.534066501621699e-11
1.533995479475802e-11
1.533925020017708e-11
1.533855123443515e-11
1.533785789949323e-11
1.533717019731229e-11
1.533648812985332e-11
1.533581169907731e-11
1.533514090694524e-11
1.533447575541809e-11
1.533381624645686e-11
1.533316238202252e-11
1.533251416407605e-11
1.533187159457846e-11
1.533123467549071e-11
1.533060340877380e-11
1.532997779638872e-11
1.532935784029643e-11
1.532874354245794e-11
1.532813490483422e-11
1.532753192938626e-11
1.532693461807504e-11
1.532634297286156e-11
1.532575699570679e-11
1.532517668857172e-11
1.532460205341733e-11
1.532403309220462e-11
1.532346980689456e-11
1.532291219944814e-11
1.532236027182634e-11
1.532181402599016e-11
1.532127346390057e-11
1.532073858751855e-11
1.532020939880511e-11
1.531968589972121e-11
1.531916809222785e-11
1.531865597828600e-11
1.531814955985666e-11
1.531764883890081e-11
1.531715381737944e-11
1.531666449725352e-11
1.531618088048405e-11
1.531570296903201e-11
1.531523076485838e-11
1.531476426992415e-11
1.531430348619031e-11
1.531384841561783e-11
1.531339906016771e-11
1.531295542180093e-11
1.531251750247847e-11
1.531208530416133e-11
1.531165882881047e-11
1.531123807838690e-11
1.531082305485159e-11
1.531041376016552e-11
1.531001019628970e-11
1.530961236518509e-11
1.530922026881268e-11
1.530883390913347e-11
1.530845328810842e-11
1.530807840769854e-11
1.530770926986480e-11
1.530734587656819e-11
1.530698822976969e-11
1.530663633143029e-11
1.530629018351098e-11
1.530594978797273e-11
1.530561514677654e-11
1.530528626188338e-11
1.530496313525425e-11
1.530464576885013e-11
1.530433416463200e-11
1.530402832456085e-11
1.530372825059766e-11
1.530343394470342e-11
1.530314540883911e-11
1.530286264496573e-11
1.530258565504424e-11
1.530231444103565e-11
1.530204900490092e-11
1.530178934860106e-11
1.530153547409704e-11
1.530128738334984e-11
1.530104507832047e-11
1.530080856096988e-11
1.530057783325908e-11
1.530035289714905e-11
1.530013375460077e-11
1.529992040757524e-11
1.529971285803342e-11
1.529951110793631e-11
1.529931515924489e-11
1.529912501392015e-11
1.529894067392308e-11
1.529876214121465e-11
1.529858941775586e-11
1.529842250550768e-11
1.529826140643110e-11
1.529810612248712e-11
1.529795665563670e-11
1.529781300784084e-11
1.529767518106053e-11
1.529754317725674e-11
1.529741699839047e-11
1.529729664642269e-11
1.529718212331440e-11
1.529707343102657e-11
1.529697057152019e-11
1.529687354675625e-11
1.529678235869574e-11
1.529669700929963e-11
1.529661750052891e-11
1.529654383434458e-11
1.529647601270760e-11
1.529641403757897e-11
1.529635791091968e-11
1.529630763469069e-11
1.529626321085302e-11
1.529622464136763e-11
1.529619192819550e-11
1.529616507329764e-11
1.529614407863503e-11
1.529612894616863e-11
1.529611967785945e-11
1.529611627566846e-11
1.529611874155666e-11
1.529612707748502e-11
1.529614128541454e-11
1.529616136730619e-11
1.529618732512097e-11
1.529621916081985e-11
1.529625687636382e-11
1.529630047371387e-11
1.529634995483098e-11
1.529640532167614e-11
1.529646657621033e-11
1.529653372039453e-11
1.529660675618974e-11
1.529668568555693e-11
1.529677051045710e-11
1.529686123285122e-11
1.529695785470028e-11
1.529706037796527e-11
1.529716880460717e-11
1.529728313658696e-11
1.529740337586564e-11
1.529752952440418e-11
1.529766158416358e-11
1.529779955710481e-11
1.529794344518886e-11
1.529809325037672e-11
1.529824897462936e-11
1.529841061990779e-11
1.529857818817298e-11
1.529875168138591e-11
1.529893110150757e-11
1.529911645049895e-11
1.529930773032103e-11
1.529950494293479e-11
1.529970809030123e-11
1.529991717438132e-11
1.530013219713605e-11
1.530035316052641e-11
1.530058006651338e-11
1.530081291705794e-11
1.530105171412109e-11
1.530129645966379e-11
1.530154715564706e-11
1.530180380403185e-11
1.530206640677917e-11
1.530233496584999e-11
1.530260948320530e-11
1.530288996080609e-11
1.530317640061334e-11
1.530346880458803e-11
1.530376717469116e-11
1.530407151288370e-11
1.530438182112664e-11
1.530469810138096e-11
1.530502035560765e-11
1.530534858576770e-11
1.530568279382209e-11
1.530602298173181e-11
1.530636915145783e-11
1.530672130496116e-11
1.530707944420275e-11
1.530744357114362e-11
1.530781368774473e-11
1.530818979596708e-11
1.530857189777165e-11
1.530895999511943e-11
1.530935408997139e-11
1.530975418428853e-11
1.531016028003183e-11
1.531057237916227e-11
1.531099048364085e-11
1.531141459542853e-11
1.531184471648632e-11
1.531228084877519e-11
1.531272299425613e-11
1.531317115489013e-11
1.531362533263816e-11
1.531408552946123e-11
1.531455174732029e-11
1.531502398817636e-11
1.531550225399040e-11
1.531598654672341e-11
1.531647686833636e-11
1.531697322079026e-11
1.531747560604607e-11
1.531798402606478e-11
1.531849848280738e-11
1.531901897823486e-11
1.531954551430820e-11
1.532007809298838e-11
1.532061671623639e-11
1.532116138601321e-11
1.532171210427984e-11
1.532226887299724e-11
1.532283169412642e-11
1.532340056962835e-11
1.532397550146402e-11
1.532455649159441e-11
1.532514354198051e-11
1.532573665458331e-11
1.532633583136378e-11
1.532694107428292e-11
1.532755238530171e-11
1.532816976638112e-11
1.532879321948216e-11
1.532942274656581e-11
1.533005834959304e-11
1.533070003052484e-11
1.533134779132221e-11
1.533200163394611e-11
1.533266156035755e-11
1.533332757251749e-11
1.533399967238694e-11
1.533467786192687e-11
1.533536214309827e-11
1.533605251786212e-11
1.533674898817941e-11
1.533745155601112e-11
1.533816022331824e-11
1.533887499206176e-11
1.533959586420265e-11
1.534032284170191e-11
1.534105592652051e-11
1.534179512061945e-11
1.534254042595970e-11
1.534329184450226e-11
1.534404937820811e-11
1.534481302903823e-11
1.534558279895360e-11
1.534635868991522e-11
1.534714070388407e-11
1.534792884282113e-11
1.534872310868739e-11
1.534952350344383e-11
1.535033002905144e-11
1.535114268747120e-11
1.535196148066410e-11
1.535278641059112e-11
1.535361747921325e-11
1.535445468849147e-11
1.535529804038677e-11
1.535614753686013e-11
1.535700317987254e-11
1.535786497138498e-11
1.535873291335844e-11
1.535960700775390e-11
1.536048725653235e-11
1.536137366165477e-11
1.536226622508215e-11
1.536316494877547e-11
1.536406983469572e-11
1.536498088480388e-11
1.536589810106093e-11
1.536682148542787e-11
1.536775103986568e-11
1.536868676633534e-11
1.536962866679784e-11
1.537057674321415e-11
1.537153099754528e-11
1.537249143175220e-11
1.537345804779589e-11
1.537443084763734e-11
1.537540983323754e-11
1.537639500655748e-11
1.537738636955813e-11
1.537838392420048e-11
1.537938767244552e-11
1.538039761625423e-11
1.538141375758760e-11
1.538243609840661e-11
1.538346464067224e-11
1.538449938634549e-11
1.538554033738733e-11
1.538658749575876e-11
1.538764086342075e-11
1.538870044233430e-11
1.538976623446038e-11
1.539083824175998e-11
1.539191646619409e-11
1.539300090972368e-11
1.539409157430976e-11
1.539518846191330e-11
1.539629157449528e-11
1.539740091401669e-11
1.539851648243853e-11
1.539963828172176e-11
1.540076631382737e-11
1.540190058071636e-11
1.540304108434971e-11
1.540418782668839e-11
1.540534080969341e-11
1.540650003532573e-11
1.540766550554635e-11
1.540883722231625e-11
1.541001518759641e-11
1.541119940334783e-11
1.541238987153148e-11
1.541358659410836e-11
1.541478957303943e-11
1.541599881028570e-11
1.541721430780815e-11
1.541843606756775e-11
1.541966409152551e-11
1.542089838164239e-11
1.542213893987939e-11
1.542338576819748e-11
1.542463886855767e-11
1.542589824292092e-11
1.542716389324823e-11
1.542843582150058e-11
1.542971402963896e-11
1.543099851962434e-11
1.543228929341773e-11
1.543358635298009e-11
1.543488970027241e-11
1.543619933725569e-11
1.543751526589090e-11
1.543883748813903e-11
1.544016600596107e-11
1.544150082131800e-11
1.544284193617080e-11
1.544418935248047e-11
1.544554307220797e-11
1.544690309731431e-11
1.544826942976046e-11
1.544964207150742e-11
1.545102102451615e-11
1.545240629074766e-11
1.545379787216292e-11
1.545519577072293e-11
1.545659998838865e-11
1.545801052712109e-11
1.545942738888122e-11
1.546085057563003e-11
1.546228008932851e-11
1.546371593193763e-11
1.546515810541839e-11
1.546660661173178e-11
1.546806145283876e-11
1.546952263070033e-11
1.547099014727748e-11
1.547246400453119e-11
1.547394420442244e-11
1.547543074891222e-11
1.547692363996152e-11
1.547842287953131e-11
1.547992846958259e-11
1.548144041207634e-11
1.548295870897354e-11
1.548448336223519e-11
1.548601437382225e-11
1.548755174569573e-11
1.548909547981660e-11
1.549064557814585e-11
1.549220204264446e-11
1.549376487527342e-11
1.549533407799372e-11
1.549690965276633e-11
1.549849160155225e-11
1.550007992631246e-11
1.550167462900794e-11
1.550327571159968e-11
1.550488317604866e-11
1.550649702431588e-11
1.550811725836230e-11
1.550974388014893e-11
1.551137689163674e-11
1.551301629478671e-11
1.551466209155984e-11
1.551631428391711e-11
1.551797287381951e-11
1.551963786322801e-11
1.552130925410360e-11
1.552298704840728e-11
1.552467124810002e-11
1.552636185514280e-11
1.552805887149662e-11
1.552976229912246e-11
1.553147213998130e-11
1.553318839603413e-11
1.553491106924193e-11
1.553664016156569e-11
1.553837567496639e-11
1.554011761140503e-11
1.554186597284257e-11
1.554362076124001e-11
1.554538197855834e-11
1.554714962675854e-11
1.554892370780158e-11
1.555070422364847e-11
1.555249117626018e-11
1.555428456759769e-11
1.555608439962200e-11
1.555789067429409e-11
1.555970339357494e-11
1.556152255942553e-11
1.556334817380686e-11
1.556518023867991e-11
1.556701875600566e-11
1.556886372774510e-11
1.557071515585921e-11
1.557257304230898e-11
1.557443738905539e-11
1.557630819805943e-11
1.557818547128208e-11
1.558006921068433e-11
1.558195941822716e-11
1.558385609587156e-11
1.558575924557851e-11
1.558766886930900e-11
1.558958496902401e-11
1.559150754668453e-11
1.559343660425154e-11
1.559537214368603e-11
1.559731416694898e-11
1.559926267600137e-11
1.560121767280420e-11
1.560317915931845e-11
1.560514713750510e-11
1.560712160932513e-11
1.560910257673954e-11
1.561109004170931e-11
1.561308400619541e-11
1.561508447215884e-11
1.561709144156059e-11
1.561910491636163e-11
1.562112489852296e-11
1.562315139000555e-11
1.562518439277039e-11
1.562722390877847e-11
1.562926993999077e-11
1.563132248836828e-11
1.563338155587198e-11
1.563544714446286e-11
1.563751925610189e-11
1.563959789275008e-11
1.564168305636839e-11
1.564377474891783e-11
1.564587297235936e-11
1.564797772865398e-11
1.565008901976267e-11
1.565220684764642e-11
1.565433121426621e-11
1.565646212158303e-11
1.565859957155785e-11
1.566074356615168e-11
1.566289410732548e-11
1.566505119704025e-11
1.566721483725697e-11
1.566938502993663e-11
1.567156177704021e-11
1.567374508052870e-11
1.567593494236308e-11
1.567813136450432e-11
1.568033434891344e-11
1.568254389755140e-11
1.568476001237919e-11
1.568698269535780e-11
1.568921194844820e-11
1.569144777361140e-11
1.569369017280836e-11
1.569593914800008e-11
1.569819470114754e-11
1.570045683421173e-11
1.570272554915362e-11
1.570500084793422e-11
1.570728273251449e-11
1.570957120485543e-11
1.571186626691802e-11
1.571416792066324e-11
1.571647616805209e-11
1.571879101104554e-11
1.572111245160458e-11
1.572344049169020e-11
1.572577513326337e-11
1.572811637828510e-11
1.573046422871635e-11
1.573281868651811e-11
1.573517975365139e-11
1.573754743207714e-11
1.573992172375636e-11
1.574230263065004e-11
1.574469015471916e-11
1.574708429792470e-11
1.574948506222766e-11
1.575189244958901e-11
1.575430646196974e-11
1.575672710133083e-11
1.575915436963327e-11
1.576158826883806e-11
1.576402880090615e-11
1.576647596779856e-11
1.576892977147625e-11
1.577139021390022e-11
1.577385729703145e-11
1.577633102283092e-11
1.577881139325963e-11
1.578129841027854e-11
1.578379207584866e-11
1.578629239193096e-11
1.578879936048643e-11
1.579131298347606e-11
1.579383326286082e-11
1.579636020060171e-11
1.579889379865971e-11
1.580143405899580e-11
1.580398098357098e-11
1.580653457434622e-11
1.580909483328250e-11
1.581166176234082e-11
1.581423536348217e-11
1.581681563866751e-11
1.581940258985785e-11
1.582199621901415e-11
1.582459652809742e-11
1.582720351906863e-11
1.582981719388877e-11
1.583243755451883e-11
1.583506460291978e-11
1.583769834105262e-11
1.584033877087833e-11
1.584298589435789e-11
1.584563971345229e-11
)
;

boundaryField
{
    inlet
    {
        type            fixedValue;
        value           uniform 0;
    }
    outlet
    {
        type            zeroGradient;
    }
    wall
    {
        type            empty;
    }
}


// ************************************************************************* //
