/*--------------------------------*- C++ -*----------------------------------*\
  =========                 |
  \\      /  F ield         | OpenFOAM: The Open Source CFD Toolbox
   \\    /   O peration     | Website:  https://openfoam.org
    \\  /    A nd           | Version:  7
     \\/     M anipulation  |
\*---------------------------------------------------------------------------*/
FoamFile
{
    version     2.0;
    format      ascii;
    class       volScalarField;
    location    "1";
    object       CH3O;
}
// * * * * * * * * * * * * * * * * * * * * * * * * * * * * * * * * * * * * * //

dimensions      [0 0 0 0 0 0 0];

internalField   nonuniform List<scalar>
4335
(
-7.393897191824144e-25
2.114651260146929e-16
4.214647979744175e-16
6.300024042581735e-16
8.370813339843510e-16
1.042704976271339e-15
1.246876720237528e-15
1.449599955001307e-15
1.650878069681066e-15
1.850714453395195e-15
2.049112495262083e-15
2.246075584400119e-15
2.441607109927695e-15
2.635710460963199e-15
2.828389026625020e-15
3.019646196031548e-15
3.209485358301175e-15
3.397909902552289e-15
3.584923217903278e-15
3.770528693472534e-15
3.954729718378446e-15
4.137529681739404e-15
4.318931972673796e-15
4.498939980300014e-15
4.677557093736446e-15
4.854786702101483e-15
5.030632194513513e-15
5.205096960090927e-15
5.378184387952113e-15
5.549897867215463e-15
5.720240786999366e-15
5.889216536422210e-15
6.056828504602388e-15
6.223080080658286e-15
6.387974653708296e-15
6.551515612870806e-15
6.713706347264207e-15
6.874550246006887e-15
7.034050698217238e-15
7.192211093013647e-15
7.349034819514508e-15
7.504525266838208e-15
7.658685824103134e-15
7.811519880427679e-15
7.963030824930231e-15
8.113222046729182e-15
8.262096934942921e-15
8.409658878689835e-15
8.555911267088317e-15
8.700857489256755e-15
8.844500934313539e-15
8.986844991377057e-15
9.127893049565701e-15
9.267648497997860e-15
9.406114725791924e-15
9.543295122066282e-15
9.679193075939322e-15
9.813811976529438e-15
9.947155212955017e-15
1.007922617433445e-14
1.021002824978612e-14
1.033956482842843e-14
1.046783929937975e-14
1.059485505175849e-14
1.072061547468304e-14
1.084512395727177e-14
1.096838388864308e-14
1.109039865791536e-14
1.121117165420700e-14
1.133070626663639e-14
1.144900588432192e-14
1.156607389638198e-14
1.168191369193496e-14
1.179652866009925e-14
1.190992218999323e-14
1.202209767073530e-14
1.213305849144385e-14
1.224280804123726e-14
1.235134970923394e-14
1.245868688455226e-14
1.256482295631061e-14
1.266976131362739e-14
1.277350534562099e-14
1.287605844140978e-14
1.297742399011218e-14
1.307760538084656e-14
1.317660600273131e-14
1.327442924488482e-14
1.337107849642549e-14
1.346655714647171e-14
1.356086858414185e-14
1.365401619855431e-14
1.374600337882749e-14
1.383683351407977e-14
1.392650999342954e-14
1.401503620599519e-14
1.410241554089512e-14
1.418865138724769e-14
1.427374713417133e-14
1.435770617078440e-14
1.444053188620530e-14
1.452222766955242e-14
1.460279690994415e-14
1.468224299649887e-14
1.476056931833499e-14
1.483777926457088e-14
1.491387622432494e-14
1.498886358671555e-14
1.506274474086111e-14
1.513552307588001e-14
1.520720198089063e-14
1.527778484501137e-14
1.534727505736062e-14
1.541567600705676e-14
1.548299108321818e-14
1.554922367496328e-14
1.561437717141044e-14
1.567845496167806e-14
1.574146043488451e-14
1.580339698014820e-14
1.586426798658752e-14
1.592407684332084e-14
1.598282693946657e-14
1.604052166414309e-14
1.609716440646879e-14
1.615275855556206e-14
1.620730750054129e-14
1.626081463052487e-14
1.631328333463119e-14
1.636471700197864e-14
1.641511902168561e-14
1.646449278287049e-14
1.651284167465167e-14
1.656016908614753e-14
1.660647840647647e-14
1.665177302475688e-14
1.669605633010715e-14
1.673933171164566e-14
1.678160255849082e-14
1.682287225976099e-14
1.686314420457458e-14
1.690242178204998e-14
1.694070838130557e-14
1.697800739145975e-14
1.701432220163090e-14
1.704965620093742e-14
1.708401277849769e-14
1.711739532343010e-14
1.714980722485305e-14
1.718125187188492e-14
1.721173265364410e-14
1.724125295924898e-14
1.726981617781796e-14
1.729742569846942e-14
1.732408491032174e-14
1.734979720249333e-14
1.737456596410257e-14
1.739839458426785e-14
1.742128645210756e-14
1.744324495674009e-14
1.746427348728383e-14
1.748437543285716e-14
1.750355418257849e-14
1.752181312556619e-14
1.753915565093866e-14
1.755558514781429e-14
1.757110500531146e-14
1.758571861254857e-14
1.759942935864401e-14
1.761224063271617e-14
1.762415582388342e-14
1.763517832126418e-14
1.764531151397682e-14
1.765455879113974e-14
1.766292354187131e-14
1.767040915528995e-14
1.767701902051403e-14
1.768275652666194e-14
1.768762506285207e-14
1.769162801820282e-14
1.769476878183257e-14
1.769705074285971e-14
1.769847729040263e-14
1.769905181357973e-14
1.769877770150938e-14
1.769765834330999e-14
1.769569712809993e-14
1.769289744499761e-14
1.768926268312141e-14
1.768479623158972e-14
1.767950147952092e-14
1.767338181603341e-14
1.766644063024559e-14
1.765868131127582e-14
1.765010724824252e-14
1.764072183026407e-14
1.763052844645885e-14
1.761953048594525e-14
1.760773133784168e-14
1.759513439126651e-14
1.758174303533814e-14
1.756756065917495e-14
1.755259065189533e-14
1.753683640261769e-14
1.752030130046040e-14
1.750298873454184e-14
1.748490209398043e-14
1.746604476789453e-14
1.744642014540256e-14
1.742603161562288e-14
1.740488256767389e-14
1.738297639067399e-14
1.736031647374156e-14
1.733690620599499e-14
1.731274897655267e-14
1.728784817453300e-14
1.726220718905435e-14
1.723582940923512e-14
1.720871822419370e-14
1.718087702304849e-14
1.715230919491786e-14
1.712301812892020e-14
1.709300721417393e-14
1.706227983979740e-14
1.703083939490902e-14
1.699868926862718e-14
1.696583285007027e-14
1.693227352835668e-14
1.689801469260479e-14
1.686305973193299e-14
1.682741203545969e-14
1.679107499230325e-14
1.675405199158209e-14
1.671634642241458e-14
1.667796167391911e-14
1.663890113521408e-14
1.659916819541786e-14
1.655876624364886e-14
1.651769866902547e-14
1.647596886066607e-14
1.643358020768905e-14
1.639053609921280e-14
1.634683992435572e-14
1.630249507223618e-14
1.625750493197259e-14
1.621187289268333e-14
1.616560234348679e-14
1.611869667350135e-14
1.607115927184542e-14
1.602299352763738e-14
1.597420282999561e-14
1.592479056803852e-14
1.587476013088448e-14
1.582411490765189e-14
1.577285828745914e-14
1.572099365942462e-14
1.566852441266671e-14
1.561545393630381e-14
1.556178561945431e-14
1.550752285123658e-14
1.545266902076905e-14
1.539722751717007e-14
1.534120172955805e-14
1.528459504705137e-14
1.522741085876842e-14
1.516965255382761e-14
1.511132352134730e-14
1.505242715044590e-14
1.499296683024179e-14
1.493294594985336e-14
1.487236789839901e-14
1.481123606499712e-14
1.474955383876607e-14
1.468732460882428e-14
1.462455176429011e-14
1.456123869428196e-14
1.449738878791822e-14
1.443300543431728e-14
1.436809202259753e-14
1.430265194187737e-14
1.423668858127516e-14
1.417020532990932e-14
1.410320557689824e-14
1.403569271136027e-14
1.396767012241385e-14
1.389914119917735e-14
1.383010933076914e-14
1.376057790630763e-14
1.369055031491121e-14
1.362002994569826e-14
1.354902018778719e-14
1.347752443029636e-14
1.340554606234419e-14
1.333308847304904e-14
1.326015505152932e-14
1.318674918690342e-14
1.311287426828972e-14
1.303853368480661e-14
1.296373082557248e-14
1.288846907970573e-14
1.281275183632474e-14
1.273658248454789e-14
1.265996441349361e-14
1.258290101228024e-14
1.250539567002619e-14
1.242745177584985e-14
1.234907271886962e-14
1.227026188820388e-14
1.219102267297101e-14
1.211135846228942e-14
1.203127264527748e-14
1.195076861105360e-14
1.186984974873615e-14
1.178851944744352e-14
1.170678109629412e-14
1.162463808440632e-14
1.154209380089852e-14
1.145915163488911e-14
1.137581497549648e-14
1.129208721183900e-14
1.120797173303508e-14
1.112347192820312e-14
1.103859118646148e-14
1.095333289692857e-14
1.086770044872277e-14
1.078169723096247e-14
1.069532663276608e-14
1.060859204325196e-14
1.052149685153852e-14
1.043404444674414e-14
1.034623821798720e-14
1.025808155438613e-14
1.016957784505927e-14
1.008073047912503e-14
9.991542845701809e-15
9.902018333907995e-15
9.812160332861955e-15
9.721972231682109e-15
9.631457419486829e-15
9.540619285394499e-15
9.449461218523525e-15
9.357986607992294e-15
9.266198842919179e-15
9.174101312422591e-15
9.081697405620916e-15
8.988990511632524e-15
8.895984019575829e-15
8.802681318569208e-15
8.709085797731047e-15
8.615200846179753e-15
8.521029853033701e-15
8.426576207411278e-15
8.331843298430891e-15
8.236834515210916e-15
8.141553246869729e-15
8.046002882525757e-15
7.950186811297356e-15
7.854108422302937e-15
7.757771104660870e-15
7.661178247489567e-15
7.564333239907399e-15
7.467239471032769e-15
7.369900329984054e-15
7.272319205879652e-15
7.174499487837958e-15
7.076444564977339e-15
6.978157826416204e-15
6.879642661272958e-15
6.780902458665951e-15
6.681940607713587e-15
6.582760497534290e-15
6.483365517246400e-15
6.383759055968324e-15
6.283944502818483e-15
6.183925246915210e-15
6.083704677376944e-15
5.983286183322050e-15
5.882673153868909e-15
5.781868978135944e-15
5.680877045241521e-15
5.579700744304018e-15
5.478343464441853e-15
5.376808594773406e-15
5.275099524417050e-15
5.173219642491201e-15
5.071172338114238e-15
4.968961000404535e-15
4.866589018480498e-15
4.764059781460527e-15
4.661376678462983e-15
4.558543098606276e-15
4.455562431008786e-15
4.352438064788918e-15
4.249173389065047e-15
4.145771792955570e-15
4.042236665578868e-15
3.938571396053348e-15
3.834779373497366e-15
3.730863987029345e-15
3.626828625767675e-15
3.522676678830713e-15
3.418411535336879e-15
3.314036584404549e-15
3.209555215152130e-15
3.104970816697992e-15
3.000286778160527e-15
2.895506488658122e-15
2.790633337309186e-15
2.685670713232091e-15
2.580622005545245e-15
2.475490603367000e-15
2.370279895815783e-15
2.264993272009984e-15
2.159634121067956e-15
2.054205832108124e-15
1.948711794248879e-15
1.843155396608574e-15
1.737540028305634e-15
1.631869078458432e-15
1.526145936185356e-15
1.420373990604816e-15
1.314556630835181e-15
1.208697245994843e-15
1.102799225202209e-15
9.968659575756495e-16
8.909008322335553e-16
7.849072382943151e-16
6.788885648763569e-16
5.728482010979945e-16
4.667895360776937e-16
3.607159589337867e-16
2.546308587847014e-16
1.485376247488277e-16
4.243964594451657e-17
-6.365968850979472e-17
-1.697569894957484e-16
-2.758488678949452e-16
-3.819319345889956e-16
-4.880028004595031e-16
-5.940580763880983e-16
-7.000943732563713e-16
-8.061083019459325e-16
-9.120964733384124e-16
-1.018055498315401e-15
-1.123981987758515e-15
-1.229872552549366e-15
-1.335723803569563e-15
-1.441532351700718e-15
-1.547294807824439e-15
-1.653007782822338e-15
-1.758667887576025e-15
-1.864271732967110e-15
-1.969815929877204e-15
-2.075297089187916e-15
-2.180711821780858e-15
-2.286056738537646e-15
-2.391328450339870e-15
-2.496523568069161e-15
-2.601638702607129e-15
-2.706670464835366e-15
-2.811615465635500e-15
-2.916470315889136e-15
-3.021231626477883e-15
-3.125896008283353e-15
-3.230460072187156e-15
-3.334920429070901e-15
-3.439273689816199e-15
-3.543516465304661e-15
-3.647645366417897e-15
-3.751657004037524e-15
-3.855547989045132e-15
-3.959314932322351e-15
-4.062954444750793e-15
-4.166463137212046e-15
-4.269837620587744e-15
-4.373074505759492e-15
-4.476170403608885e-15
-4.579121925017551e-15
-4.681925680867101e-15
-4.784578282039125e-15
-4.887076339415255e-15
-4.989416463877098e-15
-5.091595266306247e-15
-5.193609357584338e-15
-5.295455348592962e-15
-5.397129850213729e-15
-5.498629473328270e-15
-5.599950828818172e-15
-5.701090527565049e-15
-5.802045180450532e-15
-5.902811398356202e-15
-6.003385792163690e-15
-6.103764972754607e-15
-6.203945551010542e-15
-6.303924137813133e-15
-6.403697344043971e-15
-6.503261780584665e-15
-6.602614058316847e-15
-6.701750788122105e-15
-6.800668580882051e-15
-6.899364047478316e-15
-6.997833798792487e-15
-7.096074445706179e-15
-7.194082599101020e-15
-7.291854869858597e-15
-7.389387868860527e-15
-7.486678206988435e-15
-7.583722495123915e-15
-7.680517344148582e-15
-7.777059364944044e-15
-7.873345168391917e-15
-7.969371365373807e-15
-8.065134566771324e-15
-8.160631383466083e-15
-8.255858426339690e-15
-8.350812306273756e-15
-8.445489634149889e-15
-8.539887020849711e-15
-8.634001077254819e-15
-8.727828414246826e-15
-8.821365642707346e-15
-8.914609373517988e-15
-9.007556217560360e-15
-9.100202785716077e-15
-9.192545688866744e-15
-9.284581537893976e-15
-9.376306943679381e-15
-9.467718517104568e-15
-9.558812869051150e-15
-9.649586610400736e-15
-9.740036352034939e-15
-9.830158704835365e-15
-9.919950279683626e-15
-1.000940768746134e-14
-1.009852753905010e-14
-1.018730644533153e-14
-1.027574101718723e-14
-1.036382786549882e-14
-1.045156360114792e-14
-1.053894483501611e-14
-1.062596817798503e-14
-1.071263024093628e-14
-1.079892763475145e-14
-1.088485697031219e-14
-1.097041485850008e-14
-1.105559791019673e-14
-1.114040273628378e-14
-1.122482594764282e-14
-1.130886415515544e-14
-1.139251396970329e-14
-1.147577200216795e-14
-1.155863486343105e-14
-1.164109916437418e-14
-1.172316151587898e-14
-1.180481852882703e-14
-1.188606681409995e-14
-1.196690298257936e-14
-1.204732364514687e-14
-1.212732541268407e-14
-1.220690489607259e-14
-1.228605870619404e-14
-1.236478345393002e-14
-1.244307575016215e-14
-1.252093220577203e-14
-1.259834943164127e-14
-1.267532403865149e-14
-1.275185263768431e-14
-1.282793183962131e-14
-1.290355825534413e-14
-1.297872849573437e-14
-1.305343917167362e-14
-1.312768689404352e-14
-1.320146827372567e-14
-1.327477992160168e-14
-1.334761844855316e-14
-1.341998046546172e-14
-1.349186258320896e-14
-1.356326141267650e-14
-1.363417356474596e-14
-1.370459565029894e-14
-1.377452428021705e-14
-1.384395606538189e-14
-1.391288761667510e-14
-1.398131554497826e-14
-1.404923646117301e-14
-1.411664697614093e-14
-1.418354370076364e-14
-1.424992324592275e-14
-1.431578222249989e-14
-1.438111724137664e-14
-1.444592491343464e-14
-1.451020184955548e-14
-1.457394466062076e-14
-1.463714995751212e-14
-1.469981435111115e-14
-1.476193445229947e-14
-1.482350687195869e-14
-1.488452822097042e-14
-1.494499511021625e-14
-1.500490415057782e-14
-1.506425195293673e-14
-1.512303512817458e-14
-1.518125028717300e-14
-1.523889404081358e-14
-1.529596299997794e-14
-1.535245377554769e-14
-1.540836297840445e-14
-1.546368721942981e-14
-1.551842310950539e-14
-1.557256725951281e-14
-1.562611628033366e-14
-1.567906678284957e-14
-1.573141537794214e-14
-1.578315867649299e-14
-1.583429328938371e-14
-1.588481582749593e-14
-1.593472290171124e-14
-1.598401112291127e-14
-1.603267710197764e-14
-1.608071744979193e-14
-1.612812877723576e-14
-1.617490769519076e-14
-1.622105081453852e-14
-1.626655474616065e-14
-1.631141610093877e-14
-1.635563148975449e-14
-1.639919752348941e-14
-1.644211081302515e-14
-1.648436796924332e-14
-1.652596560302553e-14
-1.656690032525338e-14
-1.660716874680849e-14
-1.664676747857248e-14
-1.668569313142693e-14
-1.672394231625348e-14
-1.676151164393373e-14
-1.679839772534928e-14
-1.683459717138177e-14
-1.687010659291278e-14
-1.690492260082392e-14
-1.693904180599683e-14
-1.697246081931310e-14
-1.700517625165433e-14
-1.703718471390215e-14
-1.706848281693816e-14
-1.709906717164397e-14
-1.712893438890120e-14
-1.715808107959146e-14
-1.718650385459634e-14
-1.721419932479747e-14
-1.724116410107646e-14
-1.726739479431490e-14
-1.729288801539443e-14
-1.731764037519664e-14
-1.734164848460315e-14
-1.736490895449557e-14
-1.738741839575550e-14
-1.740917341926455e-14
-1.743017063590435e-14
-1.745040665655649e-14
-1.746987809210260e-14
-1.748858155342426e-14
-1.750651365140311e-14
-1.752367099692075e-14
-1.754005020085879e-14
-1.755564787409883e-14
-1.757046062752250e-14
-1.758448507201140e-14
-1.759771781844713e-14
-1.761015547771132e-14
-1.762179466068557e-14
-1.763263197825150e-14
-1.764266404129070e-14
-1.765188746068480e-14
-1.766029884731540e-14
-1.766789481206411e-14
-1.767467196581255e-14
-1.768062691944232e-14
-1.768575628383503e-14
-1.769005666987230e-14
-1.769352468843573e-14
-1.769615695040694e-14
-1.769795006666753e-14
-1.769890064809913e-14
-1.769900530558332e-14
-1.769826065000173e-14
-1.769666329223598e-14
-1.769420984316765e-14
-1.769089691367837e-14
-1.768672111464975e-14
-1.768167905696341e-14
-1.767576735150093e-14
-1.766898260914395e-14
-1.766132144077406e-14
-1.765278045727289e-14
-1.764335626952204e-14
-1.763304548840311e-14
-1.762184472479773e-14
-1.760975058958750e-14
-1.759675969365402e-14
-1.758286864787893e-14
-1.756807406314381e-14
-1.755237255033028e-14
-1.753576072031996e-14
-1.751823518399445e-14
-1.749979255223536e-14
-1.748042943592430e-14
-1.746014244594289e-14
-1.743892819317273e-14
-1.741678328849544e-14
-1.739370434279263e-14
-1.736968796694590e-14
-1.734473077183686e-14
-1.731882936834712e-14
-1.729198036735832e-14
-1.726418037975202e-14
-1.723542601640987e-14
-1.720571388821347e-14
-1.717504060604442e-14
-1.714340278078434e-14
-1.711079702331484e-14
-1.707721994451753e-14
-1.704266815527401e-14
-1.700713826646591e-14
-1.697062688897483e-14
-1.693313063368237e-14
-1.689464611147016e-14
-1.685516993321980e-14
-1.681469870981289e-14
-1.677322905213106e-14
-1.673075757105591e-14
-1.668728087746905e-14
-1.664279558225209e-14
-1.659729829628665e-14
-1.655078563045433e-14
-1.650325419563674e-14
-1.645470060271550e-14
-1.640512146257221e-14
-1.635451338608848e-14
-1.630287298414593e-14
-1.625019686762616e-14
-1.619648164741079e-14
-1.614172393438142e-14
-1.608592033941968e-14
-1.602906747340715e-14
-1.597116194722547e-14
-1.591220037175622e-14
-1.585217935788103e-14
-1.579109551648152e-14
-1.572894545843929e-14
-1.566572579463593e-14
-1.560143313595309e-14
-1.553606409327234e-14
-1.546961527747531e-14
-1.540208329944362e-14
-1.533346477005887e-14
-1.526375630020267e-14
-1.519295450075661e-14
-1.512105598260235e-14
-1.504805735662145e-14
-1.497395523369556e-14
-1.489874622470627e-14
-1.482242694053517e-14
-1.474499399206391e-14
-1.466644399017408e-14
-1.458677354574729e-14
-1.450597926966516e-14
-1.442405777280930e-14
-1.434100566606130e-14
-1.425681956030278e-14
-1.417149606641537e-14
-1.408503179528066e-14
-1.399742335778027e-14
-1.390866736479580e-14
-1.381876042720886e-14
-1.372769915590107e-14
-1.363548016175405e-14
-1.354210005564938e-14
-1.344755544846870e-14
-1.335184295109361e-14
-1.325495917440571e-14
-1.315690072928661e-14
-1.305766422661794e-14
-1.295724627728130e-14
-1.285564349215831e-14
-1.275285248213054e-14
-1.264886985807966e-14
-1.254369223088723e-14
-1.243731621143489e-14
-1.232973841060424e-14
-1.222095543927690e-14
-1.211096390833446e-14
-1.199976042865855e-14
-1.188734161113076e-14
-1.177370406663272e-14
-1.165884440604606e-14
-1.154275924025233e-14
-1.142544518013317e-14
-1.130689883657022e-14
-1.118711682044504e-14
-1.106609574263927e-14
-1.094383221403455e-14
-1.082032284551241e-14
-1.069556424795452e-14
-1.056955303224249e-14
-1.044228580925789e-14
-1.031375918988237e-14
-1.018396978499754e-14
-1.005291420548499e-14
-9.920589062226331e-15
-9.786990966103178e-15
-9.652116527997157e-15
-9.515962358789852e-15
-9.378525069362902e-15
-9.239801270597900e-15
-9.099787573376442e-15
-8.958480588580157e-15
-8.815876927090662e-15
-8.671973199789569e-15
-8.526766017558454e-15
-8.380251991278966e-15
-8.232427731832683e-15
-8.083289850101236e-15
-7.932834956966244e-15
-7.781059663309310e-15
-7.627960580012012e-15
-7.473534317956017e-15
-7.317777488022887e-15
-7.160686701094241e-15
-7.002258568051731e-15
-6.842489699776934e-15
-6.681376707151433e-15
-6.518916201056874e-15
-6.355104792374882e-15
-6.189939091987022e-15
-6.023415710774930e-15
-5.855531259620257e-15
-5.686282349404531e-15
-5.515665591009403e-15
-5.343677595316501e-15
-5.170314973207397e-15
-4.995574335563748e-15
-4.819452293267131e-15
-4.641945457199147e-15
-4.463050438241423e-15
-4.282763847275582e-15
-4.101082295183206e-15
-3.918002392845948e-15
-3.733520751145382e-15
-3.547633980963107e-15
-3.360338693180755e-15
-3.171631498679958e-15
-2.981509008342277e-15
-2.789967833049381e-15
-2.597004583682836e-15
-2.402615871124246e-15
-2.206798306255246e-15
-2.009548499957455e-15
-1.810863063112446e-15
-1.610738606601875e-15
-1.409171741307308e-15
-1.206159078110400e-15
-1.001697227892706e-15
-7.957828015358728e-16
-5.884124099215410e-16
-3.795826639312725e-16
-1.692901744466680e-16
4.246837986824633e-17
2.556819504876123e-16
4.703074278256293e-16
6.862973642249672e-16
9.036043120283501e-16
1.122180823578503e-15
1.341979451218066e-15
1.562952747289794e-15
1.785053264136356e-15
2.008233554100392e-15
2.232446169524711e-15
2.457643662751955e-15
2.683778586124792e-15
2.910803491985977e-15
3.138670932678177e-15
3.367333460544033e-15
3.596743627926356e-15
3.826853987167786e-15
4.057617090611020e-15
4.288985490598727e-15
4.520911739473661e-15
4.753348389578461e-15
4.986247993255853e-15
5.219563102848564e-15
5.453246270699262e-15
5.687250049150613e-15
5.921526990545376e-15
6.156029647226187e-15
6.390710571535771e-15
6.625522315816857e-15
6.860417432412113e-15
7.095348473664204e-15
7.330267991915860e-15
7.565128539509803e-15
7.799882668788677e-15
8.034482932095233e-15
8.268881881772141e-15
8.503032070162067e-15
8.736886049607740e-15
8.970396372451884e-15
9.203515591037138e-15
9.436196257706260e-15
9.668390924801912e-15
9.900052144666798e-15
1.013113246964355e-14
1.036158445207499e-14
1.059136064430375e-14
1.082041359867250e-14
1.104869586752400e-14
1.127616000320091e-14
1.150275855804587e-14
1.172844408440170e-14
1.195316913461103e-14
1.217688626101654e-14
1.239954801596097e-14
1.262110695178697e-14
1.284151562083726e-14
1.306072657545457e-14
1.327869236798157e-14
1.349536555076092e-14
1.371069867613538e-14
1.392464429644759e-14
1.413715496404028e-14
1.434818323125617e-14
1.455768165043793e-14
1.476560277392823e-14
1.497189915406981e-14
1.517652334320534e-14
1.537942789367754e-14
1.558056535782908e-14
1.577988828800269e-14
1.597734923654105e-14
1.617290075578683e-14
1.636649539808276e-14
1.655808571577155e-14
1.674762426119585e-14
1.693506358669841e-14
1.712035624462191e-14
1.730345478730900e-14
1.748431176710243e-14
1.766287973634489e-14
1.783911124737906e-14
1.801295885254767e-14
1.818437510419338e-14
1.835331255465889e-14
1.851972375628691e-14
1.868356126142015e-14
1.884477762240128e-14
1.900332539157302e-14
1.915915712127806e-14
1.931222536385906e-14
1.946248267165878e-14
1.960988159701989e-14
1.975437469228507e-14
1.989591450979705e-14
2.003445360189850e-14
2.016994452093211e-14
2.030233981924060e-14
2.043159204916667e-14
2.055765376305301e-14
2.068047751324230e-14
2.080001585207727e-14
2.091622133190058e-14
2.102904650505493e-14
2.113844392388307e-14
2.124436614072765e-14
2.134676570793136e-14
2.144559517783693e-14
2.154080710278703e-14
2.163235403512436e-14
2.172018852719164e-14
2.180426313133156e-14
2.188453039988679e-14
2.196094288520005e-14
2.203345313961404e-14
2.210201371547144e-14
2.216657716511497e-14
2.222709604088731e-14
2.228352289513116e-14
2.233581028018922e-14
2.238391074840418e-14
2.242777685211875e-14
2.246736114367562e-14
2.250261617541748e-14
2.253349449968704e-14
2.255994866882698e-14
2.258193123518002e-14
2.259939475108884e-14
2.261229176889615e-14
2.262057484094463e-14
2.262419651957699e-14
2.262310935713592e-14
2.261726590596413e-14
2.260661871840430e-14
2.259112034679913e-14
2.257072334349133e-14
2.254538026082358e-14
2.251504365113860e-14
2.247966606677906e-14
2.243920006008767e-14
2.239359818340714e-14
2.234281298908014e-14
2.228679702944939e-14
2.222550285685758e-14
2.215888302364739e-14
2.208689008216154e-14
2.200947658474272e-14
2.192659508373363e-14
2.183819813147697e-14
2.174423828031542e-14
2.164466808259170e-14
2.153944009064848e-14
2.142850685682847e-14
2.131182093347438e-14
2.118933487292890e-14
2.106100122753471e-14
2.092677254963453e-14
2.078660139157104e-14
2.064044030568695e-14
2.048824184432495e-14
2.032995855982775e-14
2.016554300453801e-14
1.999494773079848e-14
1.981812529095181e-14
1.963502823734071e-14
1.944560912230793e-14
1.924982049819608e-14
1.904761491734789e-14
1.883894493210610e-14
1.862376309481334e-14
1.840202195781234e-14
1.817367407344582e-14
1.793867199405646e-14
1.769696827198691e-14
1.744851545957992e-14
1.719326610917820e-14
1.693117277312439e-14
1.666218800376125e-14
1.638626435343146e-14
1.610335437447765e-14
1.581341061924258e-14
1.551638564006897e-14
1.521223198929945e-14
1.490090221927678e-14
1.458234888234364e-14
1.425652453084267e-14
1.392338171711661e-14
1.358287299350821e-14
1.323495091236010e-14
1.287956802601497e-14
1.251667688681558e-14
1.214623004710453e-14
1.176818005922459e-14
1.138247947551848e-14
1.098908084832886e-14
1.058793672999837e-14
1.017899967286978e-14
9.762222229285822e-15
9.337556951589073e-15
8.904956392122311e-15
8.464373103228324e-15
8.015759637249588e-15
7.559068546528932e-15
7.094252383409022e-15
6.621263700232701e-15
6.140055049342410e-15
5.650578983081044e-15
5.152788053791170e-15
4.646634813815527e-15
4.132071815496843e-15
3.609051611177789e-15
3.077526753201212e-15
2.537449793909611e-15
1.988773285645666e-15
1.431449780752156e-15
8.654318315717708e-16
2.906719904472157e-16
-2.928649047245587e-16
-8.849314483021267e-16
-1.484997666899056e-15
-2.092521301574710e-15
-2.706960093388526e-15
-3.327771783399942e-15
-3.954414112668160e-15
-4.586344822253086e-15
-5.223021653213926e-15
-5.863902346610117e-15
-6.508444643501095e-15
-7.156106284946300e-15
-7.806345012004922e-15
-8.458618565736889e-15
-9.112384687201394e-15
-9.767101117457876e-15
-1.042222559756577e-14
-1.107721586858444e-14
-1.173152967157347e-14
-1.238462474759207e-14
-1.303595883769999e-14
-1.368498968295652e-14
-1.433117502442109e-14
-1.497397260315305e-14
-1.561284016021201e-14
-1.624723543665716e-14
-1.687661617354827e-14
-1.750044011194460e-14
-1.811816499290559e-14
-1.872924855749061e-14
-1.933314854675924e-14
-1.992932270177071e-14
-2.051722876358475e-14
-2.109632447326063e-14
-2.166606757185781e-14
-2.222591580043564e-14
-2.277532690005371e-14
-2.331375861177125e-14
-2.384066867664797e-14
-2.435551483574316e-14
-2.485775483011627e-14
-2.534684640082668e-14
-2.582224728893394e-14
-2.628341523549742e-14
-2.672980798157647e-14
-2.716088326823073e-14
-2.757609883651948e-14
-2.797491242750232e-14
-2.835678178223847e-14
-2.872116464178748e-14
-2.906751874720879e-14
-2.939530183956183e-14
-2.970397165990612e-14
-2.999298594930094e-14
-3.026180244880587e-14
-3.050987889948022e-14
-3.073667304238344e-14
-3.094164261857512e-14
-3.112424536911455e-14
-3.128393903506125e-14
-3.142018135747458e-14
-3.153243007741402e-14
-3.162014293593902e-14
-3.168277767410900e-14
-3.171979203298341e-14
-3.173064375362167e-14
-3.171479057708323e-14
-3.167169024442753e-14
-3.160080049671399e-14
-3.150157907500208e-14
-3.137348372035121e-14
-3.121597217382080e-14
-3.102850217647034e-14
-3.081053146935924e-14
-3.056151779354689e-14
-3.028091889009290e-14
-2.996819250005646e-14
-2.962279636449719e-14
-2.924418822447448e-14
-2.883182582104765e-14
-2.838516689527635e-14
-2.790366918821991e-14
-2.738679044093777e-14
-2.683398839448925e-14
-2.624472078993403e-14
-2.561844536833143e-14
-2.495461987074072e-14
-2.425270203822184e-14
-2.351214961183352e-14
-2.273242033263576e-14
-2.191297194168781e-14
-2.105326218004887e-14
-2.015274878877883e-14
-1.921088950893691e-14
-1.822714208158254e-14
-1.720096424777491e-14
-1.613181374857396e-14
-1.501914832503888e-14
-1.386242571822881e-14
-1.266110366920378e-14
-1.141463991902293e-14
-1.012249220874570e-14
-8.784118279431531e-15
-7.398975872139493e-15
-5.966522727929750e-15
-4.486216587860988e-15
-2.957515192993784e-15
-1.379876284386456e-15
2.472408412962518e-16
1.923682107956730e-15
3.647507316505911e-15
5.416493205298129e-15
7.228416512689000e-15
9.081053977033719e-15
1.097218233668748e-14
1.289957833000597e-14
1.486101869534341e-14
1.685428017105598e-14
1.887713949549737e-14
2.092737340702427e-14
2.300275864399190e-14
2.510107194475442e-14
2.722009004766807e-14
2.935758969108697e-14
3.151134761336687e-14
3.367914055286295e-14
3.585874524793040e-14
3.804793843692496e-14
4.024449685820074e-14
4.244619725011404e-14
4.465081635101893e-14
4.685613089927061e-14
4.905991763322593e-14
5.125995329123844e-14
5.345401461166442e-14
5.563987833285798e-14
5.781532119317485e-14
5.997811993097023e-14
6.212605128459931e-14
6.425689199241784e-14
6.636841879277988e-14
6.845840842404177e-14
7.052463762455760e-14
7.256488313268260e-14
7.457692168677350e-14
7.655853002518393e-14
7.850748488627012e-14
8.042156300838625e-14
8.229854112988803e-14
8.413619598913114e-14
8.593230432446934e-14
8.768464287425966e-14
8.939098837685599e-14
9.104911757061390e-14
9.265680719388903e-14
9.421183398503576e-14
9.571197468240969e-14
9.715500602436600e-14
9.853870474926027e-14
9.986084759544694e-14
1.011192113012816e-13
1.023115726051197e-13
1.034357082453156e-13
1.044893949602256e-13
1.054704094882041e-13
1.063765285676066e-13
1.072055289367883e-13
1.079551873341042e-13
1.086232804979097e-13
1.092075851665598e-13
1.097058780784100e-13
1.101159359718152e-13
1.104355355851307e-13
1.106624536567117e-13
1.107944669249133e-13
1.108293521280909e-13
1.107648860045995e-13
1.105988452927943e-13
1.103290067310307e-13
1.099531470576637e-13
1.094690430110484e-13
1.088744713295405e-13
1.081672087514945e-13
1.073450320152661e-13
1.064057178592103e-13
1.053470430216821e-13
1.041667842410371e-13
1.028627182556304e-13
1.014326218038171e-13
9.987427162395243e-14
9.818544445439110e-14
9.636391703348917e-14
9.440746609960092e-14
9.231386839108309e-14
9.008090064628934e-14
8.770633960357473e-14
8.518796200129568e-14
8.252354457780610e-14
7.971086407146253e-14
7.674769722061949e-14
7.363182076363222e-14
7.036101143885586e-14
6.693304598464482e-14
6.334570113935586e-14
5.959675364134256e-14
5.568398022896182e-14
5.160515764056905e-14
4.735806261451634e-14
4.294047188916191e-14
3.835016220285887e-14
3.358491029396457e-14
2.864249290083321e-14
2.352068676181988e-14
1.821726861527987e-14
1.273001519956687e-14
7.056703253038942e-15
1.195109514048343e-15
-4.854851476353977e-15
-1.107746547909341e-14
-1.744993678368038e-14
-2.394943627644873e-14
-3.055313484374031e-14
-3.723820337189039e-14
-4.398181274723920e-14
-5.076113385612706e-14
-5.755333758488743e-14
-6.433559481986572e-14
-7.108507644739539e-14
-7.777895335381842e-14
-8.439439642547004e-14
-9.090857654869055e-14
-9.729866460981852e-14
-1.035418314951925e-13
-1.096152480911527e-13
-1.154960852840346e-13
-1.211615139601783e-13
-1.265887050059237e-13
-1.317548293076055e-13
-1.366370577515673e-13
-1.412125612241442e-13
-1.454585106116758e-13
-1.493520768005017e-13
-1.528704306769585e-13
-1.559907431273859e-13
-1.586901850381224e-13
-1.609459272955072e-13
-1.627351407858777e-13
-1.640349963955731e-13
-1.648226650109321e-13
-1.650753175182930e-13
-1.647701248039945e-13
-1.638842577543753e-13
-1.623948872557740e-13
-1.602791841945285e-13
-1.575143194569786e-13
-1.540774639294613e-13
-1.499457884983181e-13
-1.450964640498835e-13
-1.395066614704994e-13
-1.331535516465034e-13
-1.260143054642321e-13
-1.180660938100276e-13
-1.092860875702269e-13
-9.965145763116853e-14
-8.913937487919113e-14
-7.772701020063027e-14
-6.539153448183035e-14
-5.211011860912371e-14
-3.785993346885920e-14
-2.261814994736521e-14
-6.361938930979573e-15
1.092017667773950e-14
2.908555900416177e-14
4.788050204702525e-14
6.704884776958464e-14
8.633443813507093e-14
1.054811151067440e-13
1.242327206478491e-13
1.423330967216223e-13
1.595260852913178e-13
1.755555283201726e-13
1.901652677714329e-13
2.030991456083546e-13
2.141010037941728e-13
2.229146842921382e-13
2.292840290654919e-13
2.329528800774818e-13
2.336650792913533e-13
2.311644686703519e-13
2.251948901777209e-13
2.155001857767090e-13
2.018241974305564e-13
1.839107671025154e-13
1.615037367558347e-13
1.343469483537412e-13
1.021842438594989e-13
6.475946523633702e-14
2.181645444751967e-14
-2.686715661840533e-14
-8.085804016464777e-14
-1.391283026416585e-13
-2.006285233251894e-13
-2.643092814908889e-13
-3.291211564144822e-13
-3.940147273716303e-13
-4.579405736380431e-13
-5.198492744894141e-13
-5.786914092014374e-13
-6.334175570498196e-13
-6.829782973102268e-13
-7.263242092583671e-13
-7.624058721699423e-13
-7.901738653206218e-13
-8.085787679861269e-13
-8.165711594421340e-13
-8.131016189643426e-13
-7.971207258284406e-13
-7.675790593101295e-13
-7.234271986851008e-13
-6.636157232290481e-13
-5.870952122176442e-13
-4.928162449266208e-13
-3.797294006316540e-13
-2.467852586084022e-13
-9.293439813266629e-14
8.279701871400104e-14
2.791565066762369e-13
4.923548390520572e-13
7.184647909024548e-13
9.535591372882500e-13
1.193710653270493e-12
1.434992113909938e-12
1.673476294267759e-12
1.905235969404711e-12
2.126343914381787e-12
2.332872904259974e-12
2.520895714100100e-12
2.686485118963154e-12
2.825713893910072e-12
2.934654814001787e-12
3.009380654299248e-12
3.045964189863352e-12
3.040478195755050e-12
2.988995447035298e-12
2.887588718765007e-12
2.732330786005076e-12
2.519294423816514e-12
2.244552407260149e-12
1.904177511397052e-12
1.494242511288097e-12
1.010820181994217e-12
4.499832985763470e-13
-1.918315436299202e-13
-9.003245750723118e-13
-1.635575599270986e-12
-2.355685612771915e-12
-3.018755612121473e-12
-3.582886593866475e-12
-4.006179554552806e-12
-4.246735490727002e-12
-4.262655398935282e-12
-4.012040275724081e-12
-3.452991117639747e-12
-2.543608921228627e-12
-1.241994683036694e-12
4.937506003890620e-13
2.688689244680226e-12
5.250677048938266e-12
8.037737982217588e-12
1.090771335638746e-11
1.371844448331286e-11
1.632777267486225e-11
1.859353924290142e-11
2.037358549929816e-11
2.152575275591962e-11
2.190788232463290e-11
2.137781551730488e-11
1.979339364580292e-11
1.701245802199326e-11
1.290284517426182e-11
8.288560626868213e-12
5.727963953915172e-12
7.962565244638700e-12
1.773387458827842e-11
3.778340207406601e-11
7.085265779123887e-11
1.195378488031733e-10
1.831417462310376e-10
2.577004248509412e-10
3.391100044438183e-10
4.232666047906731e-10
5.060663456725124e-10
5.834053468702803e-10
6.552553913513098e-10
7.593710046813649e-10
9.539851225352979e-10
1.297533003966151e-09
1.848449908027088e-09
2.665171093771479e-09
3.806131820251722e-09
5.347781851555980e-09
7.447978103475470e-09
1.028756207000755e-08
1.407177333877272e-08
1.941225441344262e-08
2.725609708287734e-08
3.856062237664412e-08
5.432996221765851e-08
7.567642461336980e-08
1.037275513932885e-07
1.402990123051068e-07
1.922667347993765e-07
2.687647530565412e-07
3.790314416758598e-07
5.356398343968190e-07
7.561359029971665e-07
1.066109834019441e-06
1.495620014812124e-06
2.075700015979295e-06
2.859818793481337e-06
3.934357844409608e-06
5.373939393802145e-06
7.252405941398277e-06
9.647268842934328e-06
1.264385096548327e-05
1.623267244342371e-05
2.032809238610637e-05
2.472538761552273e-05
2.907635735341137e-05
3.288976867440456e-05
3.557813104510359e-05
3.657225656713727e-05
3.550970664109143e-05
3.244706231344044e-05
2.796281165397649e-05
2.300072395589387e-05
1.847609113162353e-05
1.490956545038393e-05
1.235161768888055e-05
1.056937629567153e-05
9.269628307861309e-06
8.216742376572285e-06
7.258258499246378e-06
6.314769721379431e-06
5.363216127497509e-06
4.419445780057612e-06
3.517622318721691e-06
2.699161618791851e-06
1.995768402918339e-06
1.424084416740208e-06
9.825455237133811e-07
6.578375194653824e-07
4.294633061580807e-07
2.749666580371445e-07
1.736428565243955e-07
1.089284618371760e-07
6.812425781202690e-08
4.260149169906449e-08
2.666638900103951e-08
1.679659388605771e-08
1.063153790341473e-08
6.737556094528905e-09
4.271480085902807e-09
2.698031622081931e-09
1.713997463483128e-09
1.122928291995118e-09
7.346156161106303e-10
4.759323668794587e-10
3.099781930336805e-10
2.013453608186715e-10
1.284514278653223e-10
8.206181501008834e-11
5.471244393658349e-11
3.945874896771534e-11
2.947806837022872e-11
2.118154898284457e-11
1.448889624653889e-11
9.495661640119992e-12
6.179801834165525e-12
4.151769266595761e-12
2.950421731022300e-12
2.138790067369927e-12
1.532205582850286e-12
1.096102888950624e-12
7.979060424348245e-13
6.050391000669094e-13
4.849261186110296e-13
4.049911548311844e-13
3.370123476793615e-13
2.745946361636217e-13
2.181680194392718e-13
1.681648175551724e-13
1.250173505601308e-13
8.915793850300897e-14
6.101786794694195e-14
4.059119701663061e-14
2.675797936541158e-14
1.822343537355901e-14
1.369278542135270e-14
1.187124988906565e-14
1.146404915697361e-14
1.118988256505903e-14
1.035451245190538e-14
9.064951826363012e-15
7.485833591124448e-15
5.781790648883579e-15
4.117455902333504e-15
2.657462254166095e-15
1.557425024751868e-15
8.429152010009929e-16
4.418366294823715e-16
2.797178685125224e-16
2.820874764082562e-16
3.744740114862814e-16
4.824060320633980e-16
5.401291495708393e-16
5.390863418946099e-16
4.937786666355622e-16
4.187708573310827e-16
3.286276475184664e-16
2.379137707351358e-16
1.611930431117857e-16
1.091049897810873e-16
7.938609914756071e-17
6.712486222031115e-17
6.740977000844357e-17
7.532931352106561e-17
8.597198376727733e-17
9.445170666965880e-17
9.795360845939558e-17
9.723340680203604e-17
9.340030520291542e-17
8.756350716736893e-17
8.083221620073010e-17
7.431563580833776e-17
6.908931876701777e-17
6.552891000725416e-17
6.334897398836461e-17
6.223819784648098e-17
6.188526871773859e-17
6.197887373827124e-17
6.220770004421298e-17
6.228411124144527e-17
6.212654391328027e-17
6.175954030374978e-17
6.120851956317236e-17
6.049890084186699e-17
5.965610329015229e-17
5.870554605834670e-17
5.767264829676970e-17
5.658282915573898e-17
5.546150778557406e-17
5.433410333659338e-17
5.322603495911539e-17
5.216272180345936e-17
5.116953487027331e-17
5.026240560474269e-17
4.943656985505641e-17
4.868451897304009e-17
4.799874431051852e-17
4.737173721931651e-17
4.679598905125937e-17
4.626399115817191e-17
4.576823489187914e-17
4.530121160420602e-17
4.485541264697742e-17
4.442332937201857e-17
4.399745313115422e-17
4.357027527620968e-17
4.313473513985225e-17
4.268905937334347e-17
4.223492395435373e-17
4.177406408801589e-17
4.130821497946311e-17
4.083911183382825e-17
4.036848985624425e-17
3.989808425184408e-17
3.942963022576056e-17
3.896486298312690e-17
3.850551772907581e-17
3.805332966874048e-17
3.761003400725386e-17
3.717736528853797e-17
3.675650781217071e-17
3.634709787786978e-17
3.594850155362330e-17
3.556008490741895e-17
3.518121400724493e-17
3.481125492108886e-17
3.444957371693864e-17
3.409553646278235e-17
3.374850922660772e-17
3.340785807640283e-17
3.307294908015556e-17
3.274314830585358e-17
3.241782182148502e-17
3.209635728424594e-17
3.177849967961232e-17
3.146428773014641e-17
3.115376887607143e-17
3.084699055761064e-17
3.054400021498718e-17
3.024484528842446e-17
2.994957321814555e-17
2.965823144437384e-17
2.937086740733255e-17
2.908752854724473e-17
2.880826230433381e-17
2.853311611882288e-17
2.826213743028904e-17
2.799535045479147e-17
2.773269481863449e-17
2.747409089418301e-17
2.721945905380145e-17
2.696871966985471e-17
2.672179311470736e-17
2.647859976072422e-17
2.623905998026992e-17
2.600309414570917e-17
2.577062262940665e-17
2.554156580372702e-17
2.531584404103508e-17
2.509337771369547e-17
2.487408771136471e-17
2.465790754997627e-17
2.444478379027211e-17
2.423466359402072e-17
2.402749412299038e-17
2.382322253894956e-17
2.362179600366655e-17
2.342316167890971e-17
2.322726672644742e-17
2.303405830804798e-17
2.284348358547984e-17
2.265548972051133e-17
2.247002387491076e-17
2.228703321044657e-17
2.210646488888709e-17
2.192826607200068e-17
2.175238392155569e-17
2.157876559932044e-17
2.140735826706338e-17
2.123810908655280e-17
2.107096521955716e-17
2.090587382784467e-17
2.074278207318382e-17
2.058163711734292e-17
2.042238612209029e-17
2.026497624919437e-17
2.010935466042349e-17
1.995546889176371e-17
1.980328102691440e-17
1.965277204756905e-17
1.950392419840599e-17
1.935671972410342e-17
1.921114086933972e-17
1.906716987879301e-17
1.892478899714166e-17
1.878398046906392e-17
1.864472653923802e-17
1.850700945234228e-17
1.837081145305492e-17
1.823611478605431e-17
1.810290169601860e-17
1.797115442762608e-17
1.784085522555507e-17
1.771198633448378e-17
1.758452999909054e-17
1.745846846405362e-17
1.733378397405120e-17
1.721045877376164e-17
1.708847510786314e-17
1.696781522103403e-17
1.684846135795253e-17
1.673039576329699e-17
1.661360068174559e-17
1.649805835797660e-17
1.638375106687551e-17
1.627066320048756e-17
1.615878262081568e-17
1.604809751150864e-17
1.593859605621514e-17
1.583026643858404e-17
1.572309684226406e-17
1.561707545090403e-17
1.551219044815270e-17
1.540843001765883e-17
1.530578234307128e-17
1.520423560803870e-17
1.510377799620997e-17
1.500439769123380e-17
1.490608287675903e-17
1.480882173643441e-17
1.471260245390871e-17
1.461741321283071e-17
1.452324219684916e-17
1.443007758961290e-17
1.433790757477067e-17
1.424672033597123e-17
1.415650405686343e-17
1.406724692109595e-17
1.397893711231764e-17
1.389156281417723e-17
1.380511221032354e-17
1.371957348776031e-17
1.363493536151204e-17
1.355118764535748e-17
1.346832029017858e-17
1.338632324685737e-17
1.330518646627579e-17
1.322489989931582e-17
1.314545349685946e-17
1.306683720978868e-17
1.298904098898546e-17
1.291205478533177e-17
1.283586854970957e-17
1.276047223300088e-17
1.268585578608765e-17
1.261200915985190e-17
1.253892230517555e-17
1.246658517294062e-17
1.239498771402907e-17
1.232411987932287e-17
1.225397161970403e-17
1.218453288605452e-17
1.211579362925630e-17
1.204774380019137e-17
1.198037334974167e-17
1.191367222878923e-17
1.184763038821599e-17
1.178223777890397e-17
1.171748435173510e-17
1.165336005759139e-17
1.158985484735481e-17
1.152695867190733e-17
1.146466148213095e-17
1.140295322890762e-17
1.134182386311937e-17
1.128126333564813e-17
1.122126159737587e-17
1.116180859918461e-17
1.110289429195630e-17
1.104450862657294e-17
1.098664155391652e-17
1.092928302486896e-17
1.087242299031229e-17
1.081605140112846e-17
1.076015820819948e-17
1.070473336240729e-17
1.064976681463393e-17
1.059524851576132e-17
1.054116841667144e-17
1.048751646824631e-17
1.043428262136786e-17
1.038145682691812e-17
1.032902903577905e-17
1.027698919883259e-17
1.022532726696077e-17
1.017403319121209e-17
1.012309846441316e-17
1.007251988958933e-17
1.002229541215071e-17
9.972422977507427e-18
9.922900531069561e-18
9.873726018247258e-18
9.824897384450608e-18
9.776412575089747e-18
9.728269535574779e-18
9.680466211315813e-18
9.633000547722965e-18
9.585870490206337e-18
9.539073984176064e-18
9.492608975042250e-18
9.446473408214995e-18
9.400665229104446e-18
9.355182383120671e-18
9.310022815673820e-18
9.265184472173980e-18
9.220665298031290e-18
9.176463238655851e-18
9.132576239457775e-18
9.089002245847177e-18
9.045739203234157e-18
9.002785057028853e-18
8.960137752641365e-18
8.917795235481798e-18
8.875755450960284e-18
8.834016344486928e-18
8.792575861471843e-18
8.751431947325140e-18
8.710582547456925e-18
8.670025607277330e-18
8.629759072196448e-18
8.589780887624424e-18
8.550088998971330e-18
8.510681351647309e-18
8.471555891062465e-18
8.432710562626900e-18
8.394143311750750e-18
8.355852083844116e-18
8.317834824317112e-18
8.280089478579850e-18
8.242613992042435e-18
8.205406310115002e-18
8.168464378207641e-18
8.131786141730495e-18
8.095369546093640e-18
8.059212536707219e-18
8.023313058981331e-18
7.987669058326087e-18
7.952278480151613e-18
7.917139269868008e-18
7.882249372885409e-18
7.847606785134812e-18
7.813209797571659e-18
7.779056807937588e-18
7.745146214121489e-18
7.711476414012289e-18
7.678045805498889e-18
7.644852786470198e-18
7.611895754815126e-18
7.579173108422573e-18
7.546683245181464e-18
7.514424562980694e-18
7.482395459709195e-18
7.450594333255854e-18
7.419019581509578e-18
7.387669602359294e-18
7.356542793693893e-18
7.325637553402303e-18
7.294952279373432e-18
7.264485369496166e-18
7.234235221659437e-18
7.204200233752139e-18
7.174378803663198e-18
7.144769329281514e-18
7.115370208495996e-18
7.086179839195555e-18
7.057196619269092e-18
7.028418946605531e-18
6.999845219093767e-18
6.971473834622723e-18
6.943303191081302e-18
6.915331686358412e-18
6.887557718342963e-18
6.859979684923858e-18
6.832595983990019e-18
6.805405013430350e-18
6.778405171133751e-18
6.751594854989155e-18
6.724972462885441e-18
6.698536392711539e-18
6.672285042356347e-18
6.646216809708786e-18
6.620330092657759e-18
6.594623289092174e-18
6.569094796900942e-18
6.543743013972966e-18
6.518566338197167e-18
6.493563167462448e-18
6.468731899657712e-18
6.444070932671888e-18
6.419578664393860e-18
6.395253492712555e-18
6.371093815516871e-18
6.347098030695728e-18
6.323264536138031e-18
6.299591762341496e-18
6.276078476444691e-18
6.252723644186174e-18
6.229526233871415e-18
6.206485213805863e-18
6.183599552294966e-18
6.160868217644189e-18
6.138290178158980e-18
6.115864402144794e-18
6.093589857907084e-18
6.071465513751298e-18
6.049490337982902e-18
6.027663298907338e-18
6.005983364830077e-18
5.984449504056550e-18
5.963060684892229e-18
5.941815875642560e-18
5.920714044612994e-18
5.899754160108994e-18
5.878935190436009e-18
5.858256103899493e-18
5.837715868804900e-18
5.817313453457677e-18
5.797047826163292e-18
5.776917955227185e-18
5.756922808954822e-18
5.737061355651651e-18
5.717332563623126e-18
5.697735401174701e-18
5.678268836611826e-18
5.658931838239962e-18
5.639723374364556e-18
5.620642413291075e-18
5.601687923324958e-18
5.582858872771660e-18
5.564154229936644e-18
5.545572963125355e-18
5.527114040643255e-18
5.508776430795799e-18
5.490559101888426e-18
5.472461022226604e-18
5.454481160115779e-18
5.436618483861413e-18
5.418871961768950e-18
5.401240562143858e-18
5.383723253291578e-18
5.366319003517564e-18
5.349026781127278e-18
5.331845554426165e-18
5.314774291719689e-18
5.297811961313298e-18
5.280957531512446e-18
5.264209970622588e-18
5.247568246949172e-18
5.231031328797663e-18
5.214598184473507e-18
5.198267782282157e-18
5.182039090529078e-18
5.165911077519707e-18
5.149882711559511e-18
5.133952960953935e-18
5.118120794008441e-18
5.102385179028480e-18
5.086745084319504e-18
5.071199478186969e-18
5.055747328936324e-18
5.040387604873030e-18
5.025119274302538e-18
5.009941305530297e-18
4.994852666861774e-18
4.979852326602407e-18
4.964939253057660e-18
4.950112414532981e-18
4.935370779333830e-18
4.920713315765658e-18
4.906138992133915e-18
4.891646776744067e-18
4.877235637901551e-18
4.862904543911834e-18
4.848652463080364e-18
4.834478363712593e-18
4.820381214113982e-18
4.806359982589981e-18
4.792413637446044e-18
4.778541146987625e-18
4.764741479520173e-18
4.751013603349150e-18
4.737356486780004e-18
4.723769098118198e-18
4.710250405669171e-18
4.696799377738390e-18
4.683414982631304e-18
4.670096188653362e-18
4.656841964110027e-18
4.643651277306749e-18
4.630523096548981e-18
4.617456390142177e-18
4.604450126391789e-18
4.591503273603275e-18
4.578614800082085e-18
4.565783674133677e-18
4.553008864063504e-18
4.540289338177018e-18
4.527624064779675e-18
4.515012012176922e-18
4.502452148674223e-18
4.489943442577023e-18
4.477484862190788e-18
4.465075382255273e-18
4.452714321004982e-18
4.440401505960569e-18
4.428136805856046e-18
4.415920089425432e-18
4.403751225402745e-18
4.391630082521987e-18
4.379556529517185e-18
4.367530435122348e-18
4.355551668071496e-18
4.343620097098639e-18
4.331735590937802e-18
4.319898018322988e-18
4.308107247988216e-18
4.296363148667505e-18
4.284665589094865e-18
4.273014438004316e-18
4.261409564129871e-18
4.249850836205546e-18
4.238338122965355e-18
4.226871293143311e-18
4.215450215473434e-18
4.204074758689736e-18
4.192744791526231e-18
4.181460182716941e-18
4.170220800995871e-18
4.159026515097045e-18
4.147877193754472e-18
4.136772705702171e-18
4.125712919674157e-18
4.114697704404444e-18
4.103726928627047e-18
4.092800461075978e-18
4.081918170485259e-18
4.071079925588902e-18
4.060285595120919e-18
4.049535047815333e-18
4.038828152406149e-18
4.028164777627390e-18
4.017544792213066e-18
4.006968064897198e-18
3.996434464413797e-18
3.985943859496877e-18
3.975496118880460e-18
3.965091111298551e-18
3.954728705485174e-18
3.944408770174340e-18
3.934131174100062e-18
3.923895785996361e-18
3.913702474597249e-18
3.903551108636741e-18
3.893441556848853e-18
3.883373687967597e-18
3.873347370726994e-18
3.863362473861053e-18
3.853418866103796e-18
3.843516416189231e-18
3.833654992851378e-18
3.823834464824251e-18
3.814054700841862e-18
3.804315569638232e-18
3.794616939947373e-18
3.784958680503299e-18
3.775340660040028e-18
3.765762747291571e-18
3.756224810991947e-18
3.746726719875168e-18
3.737268342675254e-18
3.727849548126218e-18
3.718470204962073e-18
3.709130181916836e-18
3.699829347724520e-18
3.690567571119143e-18
3.681344720834718e-18
3.672160665605264e-18
3.663015274164793e-18
3.653908415247317e-18
3.644839957586859e-18
3.635809769917426e-18
3.626817720973039e-18
3.617863679487712e-18
3.608947514195456e-18
3.600069093830293e-18
3.591228287126237e-18
3.582424962817298e-18
3.573658989637492e-18
3.564930236320839e-18
3.556238571601350e-18
3.547583864213040e-18
3.538965982889928e-18
3.530384796366025e-18
3.521840173375350e-18
3.513331982651915e-18
3.504860092929735e-18
3.496424372942829e-18
3.488024691425207e-18
3.479660917110893e-18
3.471332918733890e-18
3.463040565028221e-18
3.454783724727900e-18
3.446562266566939e-18
3.438376059279357e-18
3.430224971599166e-18
3.422108872260386e-18
3.414027629997028e-18
3.405981113543107e-18
3.397969191632641e-18
3.389991732999641e-18
3.382048606378132e-18
3.374139676304298e-18
3.366264790523077e-18
3.358423792581581e-18
3.350616526026920e-18
3.342842834406209e-18
3.335102561266558e-18
3.327395550155084e-18
3.319721644618897e-18
3.312080688205107e-18
3.304472524460831e-18
3.296896996933177e-18
3.289353949169264e-18
3.281843224716203e-18
3.274364667121099e-18
3.266918119931072e-18
3.259503426693230e-18
3.252120430954690e-18
3.244768976262561e-18
3.237448906163959e-18
3.230160064205995e-18
3.222902293935780e-18
3.215675438900429e-18
3.208479342647051e-18
3.201313848722764e-18
3.194178800674681e-18
3.187074042049905e-18
3.179999416395557e-18
3.172954767258746e-18
3.165939938186587e-18
3.158954772726191e-18
3.151999114424670e-18
3.145072806829139e-18
3.138175693486708e-18
3.131307617944492e-18
3.124468423749602e-18
3.117657954449150e-18
3.110876053590251e-18
3.104122564720017e-18
3.097397331385558e-18
3.090700197133987e-18
3.084031005512419e-18
3.077389600067965e-18
3.070775824347737e-18
3.064189521898849e-18
3.057630536268412e-18
3.051098711003541e-18
3.044593889651348e-18
3.038115915758942e-18
3.031664632873440e-18
3.025239884541955e-18
3.018841514311596e-18
3.012469365729475e-18
3.006123282342708e-18
2.999803107698406e-18
2.993508685343680e-18
2.987239858825646e-18
2.980996471691414e-18
2.974778367488098e-18
2.968585389762810e-18
2.962417382062662e-18
2.956274187934768e-18
2.950155650926238e-18
2.944061614584191e-18
2.937991922455730e-18
2.931946418087974e-18
2.925924945028034e-18
2.919927346823021e-18
2.913953467020051e-18
2.908003149166233e-18
2.902076236808682e-18
2.896172573494510e-18
2.890292002770829e-18
2.884434368184752e-18
2.878599513283391e-18
2.872787281613863e-18
2.866997516723273e-18
2.861230062158738e-18
2.855484761467370e-18
2.849761458196280e-18
2.844059995892583e-18
2.838380218103390e-18
2.832721968375815e-18
2.827085090256969e-18
2.821469427293965e-18
2.815874823033916e-18
2.810301121023934e-18
2.804748164811132e-18
2.799215797942626e-18
2.793703863965522e-18
2.788212206426936e-18
2.782740668873979e-18
2.777289094853764e-18
2.771857327913408e-18
2.766445211600017e-18
2.761052589460706e-18
2.755679305042591e-18
2.750325201892779e-18
2.744990123558386e-18
2.739673913586525e-18
2.734376415524308e-18
2.729097472918845e-18
2.723836929317250e-18
2.718594628266638e-18
2.713370413314117e-18
2.708164128006803e-18
2.702975615891810e-18
2.697804720516246e-18
2.692651285427225e-18
2.687515159348940e-18
2.682396254980320e-18
2.677294528168894e-18
2.672209935570452e-18
2.667142433840786e-18
2.662091979635675e-18
2.657058529610911e-18
2.652042040422281e-18
2.647042468725578e-18
2.642059771176582e-18
2.637093904431085e-18
2.632144825144878e-18
2.627212489973741e-18
2.622296855573468e-18
2.617397878599847e-18
2.612515515708661e-18
2.607649723555703e-18
2.602800458796756e-18
2.597967678087614e-18
2.593151338084058e-18
2.588351395441879e-18
2.583567806816868e-18
2.578800528864807e-18
2.574049518241487e-18
2.569314731602696e-18
2.564596125604223e-18
2.559893656901852e-18
2.555207282151374e-18
2.550536958008577e-18
2.545882641129249e-18
2.541244288169173e-18
2.536621855784144e-18
2.532015300629943e-18
2.527424579362362e-18
2.522849648637188e-18
2.518290465110211e-18
2.513746985437215e-18
2.509219166273989e-18
2.504706964276324e-18
2.500210336100003e-18
2.495729238400816e-18
2.491263627834554e-18
2.486813461057001e-18
2.482378694723944e-18
2.477959285491172e-18
2.473555190014476e-18
2.469166364949640e-18
2.464792766952452e-18
2.460434352678703e-18
2.456091078784178e-18
2.451762901924664e-18
2.447449778755952e-18
2.443151665933830e-18
2.438868520114084e-18
2.434600297952500e-18
2.430346956104871e-18
2.426108451226978e-18
2.421884739974614e-18
2.417675779003565e-18
2.413481524969621e-18
2.409301934528567e-18
2.405136964336192e-18
2.400986571048285e-18
2.396850711320632e-18
2.392729341809021e-18
2.388622419169242e-18
2.384529900057083e-18
2.380451741128326e-18
2.376387899038764e-18
2.372338330444186e-18
2.368302992000376e-18
2.364281840363123e-18
2.360274832188218e-18
2.356281924131443e-18
2.352303072848590e-18
2.348338234995446e-18
2.344387367227801e-18
2.340450426201439e-18
2.336527368572151e-18
2.332618150995723e-18
2.328722730127942e-18
2.324841062624597e-18
2.320973105141476e-18
2.317118814334368e-18
2.313278146859058e-18
2.309451059371336e-18
2.305637508526991e-18
2.301837450981807e-18
2.298050843391574e-18
2.294277642412082e-18
2.290517804699115e-18
2.286771286908465e-18
2.283038045695915e-18
2.279318037717257e-18
2.275611219628275e-18
2.271917548084760e-18
2.268236979742500e-18
2.264569471257280e-18
2.260914979284890e-18
2.257273460481117e-18
2.253644871501751e-18
2.250029169002577e-18
2.246426309639383e-18
2.242836250067962e-18
2.239258946944094e-18
2.235694356923570e-18
2.232142436662181e-18
2.228603142815710e-18
2.225076432057834e-18
2.221562262446062e-18
2.218060594383608e-18
2.214571388500898e-18
2.211094605428363e-18
2.207630205796431e-18
2.204178150235528e-18
2.200738399376085e-18
2.197310913848532e-18
2.193895654283296e-18
2.190492581310803e-18
2.187101655561484e-18
2.183722837665769e-18
2.180356088254083e-18
2.177001367956857e-18
2.173658637404521e-18
2.170327857227500e-18
2.167008988056224e-18
2.163701990521121e-18
2.160406825252623e-18
2.157123452881156e-18
2.153851834037147e-18
2.150591929351027e-18
2.147343699453222e-18
2.144107104974163e-18
2.140882106544278e-18
2.137668664793996e-18
2.134466740353744e-18
2.131276293853951e-18
2.128097285925048e-18
2.124929677197460e-18
2.121773428301617e-18
2.118628499867950e-18
2.115494852526885e-18
2.112372446908849e-18
2.109261243644273e-18
2.106161203363586e-18
2.103072286697215e-18
2.099994454275588e-18
2.096927666729137e-18
2.093871884688287e-18
2.090827068783467e-18
2.087793179645107e-18
2.084770177903637e-18
2.081758024189482e-18
2.078756679133073e-18
2.075766103364838e-18
2.072786257515204e-18
2.069817102214601e-18
2.066858598093457e-18
2.063910705782203e-18
2.060973385911264e-18
2.058046599111070e-18
2.055130306012052e-18
2.052224467244633e-18
2.049329043439246e-18
2.046443995226320e-18
2.043569283236280e-18
2.040704868099559e-18
2.037850710446581e-18
2.035006770907778e-18
2.032173010113576e-18
2.029349388694405e-18
2.026535867280695e-18
2.023732406502871e-18
2.020938966991364e-18
2.018155509376602e-18
2.015381994289015e-18
2.012618382359029e-18
2.009864634217074e-18
2.007120710493581e-18
2.004386571818973e-18
2.001662178823681e-18
1.998947492138135e-18
1.996242472392764e-18
1.993547080217993e-18
1.990861276244254e-18
1.988185021101975e-18
1.985518275421583e-18
1.982860999833507e-18
1.980213154968178e-18
1.977574701456020e-18
1.974945599927466e-18
1.972325811012943e-18
1.969715295342880e-18
1.967114013547703e-18
1.964521926257843e-18
1.961938994103729e-18
1.959365177715787e-18
1.956800437724448e-18
1.954244734760141e-18
1.951698029453291e-18
1.949160282434330e-18
1.946631454333685e-18
1.944111505781787e-18
1.941600397409062e-18
1.939098089845938e-18
1.936604543722846e-18
1.934119719670212e-18
1.931643578318466e-18
1.929176080298036e-18
1.926717186239352e-18
1.924266856772841e-18
1.921825052528933e-18
1.919391734138056e-18
1.916966862230637e-18
1.914550397437106e-18
1.912142300387893e-18
1.909742531713424e-18
1.907351052044129e-18
1.904967822010435e-18
1.902592802242773e-18
1.900225953371569e-18
1.897867236027253e-18
1.895516610840255e-18
1.893174038441000e-18
1.890839479459919e-18
1.888512894527441e-18
1.886194244273994e-18
1.883883489330005e-18
1.881580590325904e-18
1.879285507892121e-18
1.876998202659081e-18
1.874718635257215e-18
1.872446766316951e-18
1.870182556468719e-18
1.867925966342945e-18
1.865676956570058e-18
1.863435487780490e-18
1.861201520604665e-18
1.858975015673013e-18
1.856755933615965e-18
1.854544235063946e-18
1.852339880647388e-18
1.850142830996716e-18
1.847953046742361e-18
1.845770488514751e-18
1.843595116944314e-18
1.841426892661480e-18
1.839265776296676e-18
1.837111728480331e-18
1.834964709842874e-18
1.832824681014734e-18
1.830691602626338e-18
1.828565435308115e-18
1.826446139690497e-18
1.824333676403907e-18
1.822228006078776e-18
1.820129089345533e-18
1.818036886834608e-18
1.815951359176426e-18
1.813872467001418e-18
1.811800170940012e-18
1.809734431622637e-18
1.807675209679720e-18
1.805622465741693e-18
1.803576160438980e-18
1.801536254402013e-18
1.799502708261219e-18
1.797475482647028e-18
1.795454538189867e-18
1.793439835520164e-18
1.791431335268351e-18
1.789428998064852e-18
1.787432784540099e-18
1.785442655324519e-18
1.783458571048542e-18
1.781480492342594e-18
1.779508379837106e-18
1.777542194162506e-18
1.775581895949222e-18
1.773627445827683e-18
1.771678804428317e-18
1.769735932381553e-18
1.767798790317819e-18
1.765867338867545e-18
1.763941538661159e-18
1.762021350329088e-18
1.760106734501762e-18
1.758197651809611e-18
1.756294062883060e-18
1.754395928352540e-18
1.752503208848480e-18
1.750615865001308e-18
1.748733857441451e-18
1.746857146799339e-18
1.744985693705401e-18
1.743119458790064e-18
1.741258402683758e-18
1.739402486016911e-18
1.737551669419951e-18
1.735705913523308e-18
1.733865178957409e-18
1.732029426352685e-18
1.730198616339561e-18
1.728372709548469e-18
1.726551666609836e-18
1.724735448154090e-18
1.722924014811659e-18
1.721117327212974e-18
1.719315345988463e-18
1.717518031768553e-18
1.715725345183673e-18
1.713937246864253e-18
1.712153697440720e-18
1.710374657543504e-18
1.708600087803032e-18
1.706829948849734e-18
1.705064201314037e-18
1.703302805826371e-18
1.701545723017164e-18
1.699792913516844e-18
1.698044337955841e-18
1.696299956964582e-18
1.694559731173497e-18
1.692823621213013e-18
1.691091587713559e-18
1.689363592455063e-18
1.687639614417338e-18
1.685919645820708e-18
1.684203679226091e-18
1.682491707194399e-18
1.680783722286550e-18
1.679079717063458e-18
1.677379684086041e-18
1.675683615915213e-18
1.673991505111889e-18
1.672303344236987e-18
1.670619125851420e-18
1.668938842516105e-18
1.667262486791959e-18
1.665590051239895e-18
1.663921528420829e-18
1.662256910895679e-18
1.660596191225359e-18
1.658939361970785e-18
1.657286415692871e-18
1.655637344952535e-18
1.653992142310691e-18
1.652350800328256e-18
1.650713311566144e-18
1.649079668585273e-18
1.647449863946557e-18
1.645823890210911e-18
1.644201739939253e-18
1.642583405692497e-18
1.640968880031557e-18
1.639358155517353e-18
1.637751224710796e-18
1.636148080172804e-18
1.634548714464293e-18
1.632953120146178e-18
1.631361289779375e-18
1.629773215924798e-18
1.628188891143366e-18
1.626608307995991e-18
1.625031459043591e-18
1.623458336847081e-18
1.621888933967377e-18
1.620323242965394e-18
1.618761256402047e-18
1.617202966838254e-18
1.615648366834927e-18
1.614097448952985e-18
1.612550205753343e-18
1.611006629796915e-18
1.609466713644618e-18
1.607930449857367e-18
1.606397830996079e-18
1.604868849621668e-18
1.603343498295051e-18
1.601821769577143e-18
1.600303656028859e-18
1.598789150211114e-18
1.597278244684826e-18
1.595770932010910e-18
1.594267204750281e-18
1.592767055463854e-18
1.591270476712547e-18
1.589777461057272e-18
1.588288001058948e-18
1.586802089278489e-18
1.585319718276811e-18
1.583840880614831e-18
1.582365568853462e-18
1.580893775553621e-18
1.579425493276224e-18
1.577960714582185e-18
1.576499432032423e-18
1.575041638187850e-18
1.573587325609383e-18
1.572136486857938e-18
1.570689114494432e-18
1.569245201079777e-18
1.567804739174892e-18
1.566367721340692e-18
1.564934140138091e-18
1.563503988128005e-18
1.562077257871351e-18
1.560653941929045e-18
1.559234032862000e-18
1.557817523231134e-18
1.556404405597362e-18
1.554994672521599e-18
1.553588316564761e-18
1.552185330287765e-18
1.550785706251525e-18
1.549389437016957e-18
1.547996515144977e-18
1.546606933196500e-18
1.545220683732442e-18
1.543837759313719e-18
1.542458152501247e-18
1.541081855855940e-18
1.539708861938714e-18
1.538339163310486e-18
1.536972752532171e-18
1.535609622164685e-18
1.534249764768942e-18
1.532893172905860e-18
1.531539839136354e-18
1.530189756021338e-18
1.528842916121729e-18
1.527499311998443e-18
1.526158936212394e-18
1.524821781324499e-18
1.523487839895674e-18
1.522157104486833e-18
1.520829567658893e-18
1.519505221972770e-18
1.518184059989378e-18
1.516866074269634e-18
1.515551257374453e-18
1.514239601864752e-18
1.512931100301445e-18
1.511625745245447e-18
1.510323529257676e-18
1.509024444899046e-18
1.507728484730472e-18
1.506435641312873e-18
1.505145907207161e-18
1.503859274974253e-18
1.502575737175064e-18
1.501295286370511e-18
1.500017915121509e-18
1.498743615988974e-18
1.497472381533822e-18
1.496204204316966e-18
1.494939076899324e-18
1.493676991841811e-18
1.492417941705344e-18
1.491161919050836e-18
1.489908916439205e-18
1.488658926431366e-18
1.487411941588234e-18
1.486167954470724e-18
1.484926957639754e-18
1.483688943656238e-18
1.482453905081092e-18
1.481221834475231e-18
1.479992724399572e-18
1.478766567415030e-18
1.477543356082520e-18
1.476323082962958e-18
1.475105740617260e-18
1.473891321606342e-18
1.472679818491118e-18
1.471471223832506e-18
1.470265530191420e-18
1.469062730128775e-18
1.467862816205490e-18
1.466665780982477e-18
1.465471617020652e-18
1.464280316880933e-18
1.463091873124234e-18
1.461906278311470e-18
1.460723525003558e-18
1.459543605761414e-18
1.458366513145952e-18
1.457192239718089e-18
1.456020778038740e-18
1.454852120668820e-18
1.453686260169246e-18
1.452523189100934e-18
1.451362900024798e-18
1.450205385501754e-18
1.449050638092718e-18
1.447898650358606e-18
1.446749414860333e-18
1.445602924158814e-18
1.444459170814967e-18
1.443318147389706e-18
1.442179846443946e-18
1.441044260538604e-18
1.439911382234596e-18
1.438781204092836e-18
1.437653718674240e-18
1.436528918539725e-18
1.435406796250205e-18
1.434287344366596e-18
1.433170555449815e-18
1.432056422060776e-18
1.430944936760396e-18
1.429836092109589e-18
1.428729880669272e-18
1.427626295000360e-18
1.426525327663769e-18
1.425426971220415e-18
1.424331218231214e-18
1.423238061257079e-18
1.422147492858928e-18
1.421059505597676e-18
1.419974092034239e-18
1.418891244729532e-18
1.417810956244471e-18
1.416733219139972e-18
1.415658025976950e-18
1.414585369316321e-18
1.413515241719001e-18
1.412447635745905e-18
1.411382543957949e-18
1.410319958916049e-18
1.409259873181119e-18
1.408202279314076e-18
1.407147169875836e-18
1.406094537427314e-18
1.405044374529426e-18
1.403996673743087e-18
1.402951427629213e-18
1.401908628748720e-18
1.400868269662523e-18
1.399830342931538e-18
1.398794841116681e-18
1.397761756778867e-18
1.396731082479012e-18
1.395702810778031e-18
1.394676934236841e-18
1.393653445416356e-18
1.392632336877493e-18
1.391613601181167e-18
1.390597230888293e-18
1.389583218559788e-18
1.388571556756568e-18
1.387562238039547e-18
1.386555254969640e-18
1.385550600107766e-18
1.384548266014838e-18
1.383548245251772e-18
1.382550530379484e-18
1.381555113958890e-18
1.380561988550904e-18
1.379571146716444e-18
1.378582581016424e-18
1.377596284011760e-18
1.376612248263368e-18
1.375630466332164e-18
1.374650930779062e-18
1.373673634164979e-18
1.372698569050831e-18
1.371725727997533e-18
1.370755103566000e-18
1.369786688317148e-18
1.368820474811894e-18
1.367856455611151e-18
1.366894623275837e-18
1.365934970366867e-18
1.364977489445157e-18
1.364022173071621e-18
1.363069013807177e-18
1.362118004212739e-18
1.361169136849223e-18
1.360222404277545e-18
1.359277799058620e-18
1.358335313753364e-18
1.357394940922692e-18
1.356456673127521e-18
1.355520502928767e-18
1.354586422887343e-18
1.353654425564166e-18
1.352724503520153e-18
1.351796649316218e-18
1.350870855513278e-18
1.349947114672247e-18
1.349025419354042e-18
1.348105762119578e-18
1.347188135529770e-18
1.346272532145535e-18
1.345358944527787e-18
1.344447365237444e-18
1.343537786835420e-18
1.342630201882630e-18
1.341724602939992e-18
1.340820982568419e-18
1.339919333328829e-18
1.339019647782136e-18
1.338121918489256e-18
1.337226138011105e-18
1.336332298908599e-18
1.335440393742652e-18
1.334550415074181e-18
1.333662355464102e-18
1.332776207473330e-18
1.331891963662780e-18
1.331009616593369e-18
1.330129158826012e-18
1.329250582921624e-18
1.328373881441122e-18
1.327499046945421e-18
1.326626071995436e-18
1.325754949152083e-18
1.324885670976278e-18
1.324018230028937e-18
1.323152618870974e-18
1.322288830063307e-18
1.321426856166850e-18
1.320566689742519e-18
1.319708323351229e-18
1.318851749553897e-18
1.317996960911438e-18
1.317143949984767e-18
1.316292709334802e-18
1.315443231522456e-18
1.314595509108645e-18
1.313749534654285e-18
1.312905300720293e-18
1.312062799867583e-18
1.311222024657071e-18
1.310382967649673e-18
1.309545621406304e-18
1.308709978487880e-18
1.307876031455317e-18
1.307043772869531e-18
1.306213195291436e-18
1.305384291281949e-18
1.304557053401986e-18
1.303731474212461e-18
1.302907546274290e-18
1.302085262148391e-18
1.301264614395677e-18
1.300445595577064e-18
1.299628198253468e-18
1.298812414985806e-18
1.297998238334992e-18
1.297185660861941e-18
1.296374675127571e-18
1.295565273692796e-18
1.294757449118532e-18
1.293951193965695e-18
1.293146500795200e-18
1.292343362167963e-18
1.291541770644899e-18
1.290741718786925e-18
1.289943199154956e-18
1.289146204309907e-18
1.288350726812694e-18
1.287556759224233e-18
1.286764294105440e-18
1.285973324017230e-18
1.285183841520519e-18
1.284395839176221e-18
1.283609309545254e-18
1.282824245188533e-18
1.282040638666972e-18
1.281258482541489e-18
1.280477769372999e-18
1.279698491722416e-18
1.278920642150658e-18
1.278144213218639e-18
1.277369197487275e-18
1.276595587517482e-18
1.275823375870176e-18
1.275052555106272e-18
1.274283117786685e-18
1.273515056472332e-18
1.272748363724128e-18
1.271983032102989e-18
1.271219054169830e-18
1.270456422485566e-18
1.269695129611115e-18
1.268935168107391e-18
1.268176530535309e-18
1.267419209455787e-18
1.266663197429739e-18
1.265908487018080e-18
1.265155070781726e-18
1.264402941281595e-18
1.263652091078599e-18
1.262902512733656e-18
1.262154198807682e-18
1.261407141861590e-18
1.260661334456298e-18
1.259916769152721e-18
1.259173438511776e-18
1.258431335094376e-18
1.257690451461437e-18
1.256950780173878e-18
1.256212313792610e-18
1.255475044878552e-18
1.254738965992618e-18
1.254004069695725e-18
1.253270348548787e-18
1.252537795112720e-18
1.251806401948441e-18
1.251076161616864e-18
1.250347066678906e-18
1.249619109695482e-18
1.248892283227507e-18
1.248166579835898e-18
1.247441992081569e-18
1.246718512525438e-18
1.245996133728418e-18
1.245274848251426e-18
1.244554648655378e-18
1.243835527501189e-18
1.243117477349775e-18
1.242400490762051e-18
1.241684560298933e-18
1.240969678521337e-18
1.240255837990179e-18
1.239543031266373e-18
1.238831250910837e-18
1.238120489484484e-18
1.237410739548231e-18
1.236701993662994e-18
1.235994244389689e-18
1.235287484289230e-18
1.234581705922533e-18
1.233876901850515e-18
1.233173064634090e-18
1.232470186834176e-18
1.231768261011686e-18
1.231067279727537e-18
1.230367235542644e-18
1.229668121017924e-18
1.228969928714291e-18
1.228272651192661e-18
1.227576281013951e-18
1.226880810739075e-18
1.226186232928949e-18
1.225492540144489e-18
1.224799724946611e-18
1.224107779896229e-18
1.223416697554261e-18
1.222726470481621e-18
1.222037091239226e-18
1.221348552387990e-18
1.220660846488830e-18
1.219973966102660e-18
1.219287903790397e-18
1.218602652112957e-18
1.217918203641151e-18
1.217234553043819e-18
1.216551699670782e-18
1.215869643505225e-18
1.215188384530334e-18
1.214507922729295e-18
1.213828258085295e-18
1.213149390581520e-18
1.212471320201155e-18
1.211794046927388e-18
1.211117570743404e-18
1.210441891632389e-18
1.209767009577530e-18
1.209092924562013e-18
1.208419636569023e-18
1.207747145581748e-18
1.207075451583373e-18
1.206404554557085e-18
1.205734454486068e-18
1.205065151353511e-18
1.204396645142599e-18
1.203728935836518e-18
1.203062023418454e-18
1.202395907871593e-18
1.201730589179123e-18
1.201066067324228e-18
1.200402342290094e-18
1.199739414059910e-18
1.199077282616859e-18
1.198415947944129e-18
1.197755410024905e-18
1.197095668842374e-18
1.196436724379723e-18
1.195778576620136e-18
1.195121225546801e-18
1.194464671142903e-18
1.193808913391628e-18
1.193153952276164e-18
1.192499787779695e-18
1.191846419885409e-18
1.191193848576491e-18
1.190542073836127e-18
1.189891095647504e-18
1.189240913993808e-18
1.188591528858225e-18
1.187942940223941e-18
1.187295148074143e-18
1.186648152392015e-18
1.186001953160746e-18
1.185356550363520e-18
1.184711943983525e-18
1.184068134003945e-18
1.183425120407968e-18
1.182782903178780e-18
1.182141482299566e-18
1.181500857753512e-18
1.180861029523806e-18
1.180221997593634e-18
1.179583761946180e-18
1.178946322564632e-18
1.178309679432176e-18
1.177673832531997e-18
1.177038781847283e-18
1.176404527361219e-18
1.175771069056991e-18
1.175138406917785e-18
1.174506540926789e-18
1.173875471067187e-18
1.173245197322166e-18
1.172615719674913e-18
1.171987038108613e-18
1.171359152606452e-18
1.170732063151617e-18
1.170105769727294e-18
1.169480272316669e-18
1.168855570902928e-18
1.168231665469258e-18
1.167608555998844e-18
1.166986242474873e-18
1.166364724880531e-18
1.165744003199004e-18
1.165124077413478e-18
1.164504947507140e-18
1.163886613463175e-18
1.163269075264770e-18
1.162652332895111e-18
1.162036386337383e-18
1.161421235574774e-18
1.160806880590470e-18
1.160193321367656e-18
1.159580557889519e-18
1.158968590139244e-18
1.158357418100019e-18
1.157747041755029e-18
1.157137461087460e-18
1.156528676080500e-18
1.155920686717333e-18
1.155313492981146e-18
1.154707094855124e-18
1.154101492322456e-18
1.153496685366325e-18
1.152892673969919e-18
1.152289458116425e-18
1.151687037789026e-18
1.151085412970911e-18
1.150484583645266e-18
1.149884549795276e-18
1.149285311404127e-18
1.148686868455006e-18
1.148089220931100e-18
1.147492368815593e-18
1.146896312091672e-18
1.146301050742524e-18
1.145706584751335e-18
1.145112914101290e-18
1.144520038775577e-18
1.143927958757380e-18
1.143336674029887e-18
1.142746184576283e-18
1.142156490379756e-18
1.141567591423490e-18
1.140979487690671e-18
1.140392179164487e-18
1.139805665828124e-18
1.139219947664766e-18
1.138635024657602e-18
1.138050896789816e-18
1.137467564044595e-18
1.136885026405126e-18
1.136303283854593e-18
1.135722336376185e-18
1.135142183953085e-18
1.134562826568482e-18
1.133984264205561e-18
1.133406496847508e-18
1.132829524477509e-18
1.132253347078751e-18
1.131677964634420e-18
1.131103377127701e-18
1.130529584541781e-18
1.129956586859847e-18
1.129384384065084e-18
1.128812976140678e-18
1.128242363069816e-18
1.127672544835684e-18
1.127103521421468e-18
1.126535292810355e-18
1.125967858985529e-18
1.125401219930178e-18
1.124835375627488e-18
1.124270326060645e-18
1.123706071212835e-18
1.123142611067243e-18
1.122579945607058e-18
1.122018074815464e-18
1.121456998675647e-18
1.120896717170795e-18
1.120337230284093e-18
1.119778537998726e-18
1.119220640297882e-18
1.118663537164747e-18
1.118107228582507e-18
1.117551714534347e-18
1.116996995003455e-18
1.116443069973015e-18
1.115889939426215e-18
1.115337603346241e-18
1.114786061716278e-18
1.114235314519514e-18
1.113685361739133e-18
1.113136203358323e-18
1.112587839360269e-18
1.112040269728158e-18
1.111493494445175e-18
1.110947513494507e-18
1.110402326859341e-18
1.109857934522861e-18
1.109314336468256e-18
1.108771532678709e-18
1.108229523137409e-18
1.107688307827540e-18
1.107147886732290e-18
1.106608259834844e-18
1.106069427118388e-18
1.105531388566109e-18
1.104994144161193e-18
1.104457693886825e-18
1.103922037726193e-18
1.103387175662482e-18
1.102853107678878e-18
1.102319833758568e-18
1.101787353884738e-18
1.101255668040574e-18
1.100724776209262e-18
1.100194678373989e-18
1.099665374517940e-18
1.099136864624301e-18
1.098609148676259e-18
1.098082226657000e-18
1.097556098549711e-18
1.097030764337576e-18
1.096506224003783e-18
1.095982477531518e-18
1.095459524903967e-18
1.094937366104315e-18
1.094416001115750e-18
1.093895429921457e-18
1.093375652504623e-18
1.092856668848433e-18
1.092338478936074e-18
1.091821082750732e-18
1.091304480275594e-18
1.090788671493844e-18
1.090273656388670e-18
1.089759434943258e-18
1.089246007140793e-18
1.088733372964463e-18
1.088221532397453e-18
1.087710485422949e-18
1.087200232024137e-18
1.086690772184205e-18
1.086182105886337e-18
1.085674233113720e-18
1.085167153849541e-18
1.084660868076985e-18
1.084155375779238e-18
1.083650676939487e-18
1.083146771540918e-18
1.082643659566717e-18
1.082141341000070e-18
1.081639815824163e-18
1.081139084022183e-18
1.080639145577316e-18
1.080140000472748e-18
1.079641648691665e-18
1.079144090217253e-18
1.078647325032698e-18
1.078151353121187e-18
1.077656174465905e-18
1.077161789050040e-18
1.076668196856776e-18
1.076175397869301e-18
1.075683392070800e-18
1.075192179444460e-18
1.074701759973466e-18
1.074212133641006e-18
1.073723300430264e-18
1.073235260324428e-18
1.072748013306683e-18
1.072261559360216e-18
1.071775898468212e-18
1.071291030613859e-18
1.070806955780341e-18
1.070323673950846e-18
1.069841185108559e-18
1.069359489236667e-18
1.068878586318355e-18
1.068398476336811e-18
1.067919159275219e-18
1.067440635116767e-18
1.066962903844640e-18
1.066485965442025e-18
1.066009819892108e-18
1.065534467178074e-18
1.065059907283111e-18
1.064586140190404e-18
1.064113165883139e-18
1.063640984344503e-18
1.063169595557682e-18
1.062698999505862e-18
1.062229196172229e-18
1.061760185539969e-18
1.061291967592269e-18
1.060824542312314e-18
1.060357909683291e-18
1.059892069688386e-18
1.059427022310785e-18
1.058962767533675e-18
1.058499305340240e-18
1.058036635713669e-18
1.057574758637147e-18
1.057113674093859e-18
1.056653382066993e-18
1.056193882539734e-18
1.055735175495268e-18
1.055277260916782e-18
1.054820138787462e-18
1.054363809090494e-18
1.053908271809064e-18
1.053453526926358e-18
1.052999574425563e-18
1.052546414289864e-18
1.052094046502448e-18
1.051642471046502e-18
1.051191687905210e-18
1.050741697061760e-18
1.050292498499338e-18
1.049844092201129e-18
1.049396478150320e-18
1.048949656330096e-18
1.048503626723646e-18
1.048058389314153e-18
1.047613944084805e-18
1.047170291018788e-18
1.046727430099287e-18
1.046285361309490e-18
1.045844084632582e-18
1.045403600051749e-18
1.044963907550178e-18
1.044525007111054e-18
1.044086898717564e-18
1.043649582352895e-18
1.043213058000231e-18
1.042777325642760e-18
1.042342385263668e-18
1.041908236846140e-18
1.041474880373363e-18
1.041042315828523e-18
1.040610543194806e-18
1.040179562455399e-18
1.039749373593487e-18
1.039319976592257e-18
1.038891371434895e-18
1.038463558104587e-18
1.038036536584519e-18
1.037610306857878e-18
1.037184868907849e-18
1.036760222717619e-18
1.036336368270374e-18
1.035913305549300e-18
1.035491034537583e-18
1.035069555218410e-18
1.034648867574966e-18
1.034228971590438e-18
1.033809867248012e-18
1.033391554530874e-18
1.032974033422210e-18
1.032557303905207e-18
1.032141365963050e-18
1.031726219578926e-18
1.031311864736021e-18
1.030898301417521e-18
1.030485529606612e-18
1.030073549286481e-18
1.029662360440314e-18
1.029251963051296e-18
1.028842357102614e-18
1.028433542577454e-18
1.028025519459003e-18
1.027618287730446e-18
1.027211847374969e-18
1.026806198375760e-18
1.026401340716003e-18
1.025997274378886e-18
1.025593999347594e-18
1.025191515605313e-18
1.024789823135230e-18
1.024388921920530e-18
1.023988811944401e-18
1.023589493190028e-18
1.023190965640597e-18
1.022793229279295e-18
1.022396284089307e-18
1.022000130053820e-18
1.021604767156020e-18
1.021210195379093e-18
1.020816414706226e-18
1.020423425120604e-18
1.020031226605414e-18
1.019639819143841e-18
1.019249202719073e-18
1.018859377314295e-18
1.018470342912693e-18
1.018082099497453e-18
1.017694647051762e-18
1.017307985558807e-18
1.016922115001772e-18
1.016537035363844e-18
1.016152746628210e-18
1.015769248778054e-18
1.015386541796565e-18
1.015004625666928e-18
1.014623500372329e-18
1.014243165895954e-18
1.013863622220989e-18
1.013484869330621e-18
1.013106907208035e-18
1.012729735836419e-18
1.012353355198957e-18
1.011977765278837e-18
1.011602966059244e-18
1.011228957523364e-18
1.010855739654384e-18
1.010483312435490e-18
1.010111675849869e-18
1.009740829880705e-18
1.009370774511186e-18
1.009001509724497e-18
1.008633035503825e-18
1.008265351832356e-18
1.007898458693276e-18
1.007532356069771e-18
1.007167043945028e-18
1.006802522302232e-18
1.006438791124570e-18
1.006075850395228e-18
1.005713700097392e-18
1.005352340214248e-18
1.004991770728982e-18
1.004631991624782e-18
1.004273002884831e-18
1.003914804492318e-18
1.003557396430428e-18
1.003200778682347e-18
1.002844951231262e-18
1.002489914060358e-18
1.002135667152822e-18
1.001782210491840e-18
1.001429544060598e-18
1.001077667842282e-18
1.000726581820079e-18
1.000376285977174e-18
1.000026780296754e-18
9.996780647620049e-19
9.993301393561130e-19
9.989830040622643e-19
9.986366588636451e-19
9.982911037434415e-19
9.979463386848396e-19
9.976023636710260e-19
9.972591786851863e-19
9.969167837105069e-19
9.965751787301738e-19
9.962343637273738e-19
9.958943386852921e-19
9.955551035871156e-19
9.952166584160303e-19
9.948790031552222e-19
9.945421377878775e-19
9.942060622971823e-19
9.938707766663234e-19
9.935362808784860e-19
9.932025749168569e-19
9.928696587646224e-19
9.925375324049682e-19
9.922061958210804e-19
9.918756489961456e-19
9.915458919133500e-19
9.912169245558792e-19
9.908887469069199e-19
9.905613589496582e-19
9.902347606672800e-19
9.899089520429718e-19
9.895839330599197e-19
9.892597037013094e-19
9.889362639503276e-19
9.886136137901604e-19
9.882917532039940e-19
9.879706821750142e-19
9.876504006864074e-19
9.873309087213600e-19
9.870122062630577e-19
9.866942932946872e-19
9.863771697994341e-19
9.860608357604852e-19
9.857452911610259e-19
9.854305359842431e-19
9.851165702133226e-19
9.848033938314507e-19
9.844910068218135e-19
9.841794091675973e-19
9.838686008519879e-19
9.835585818581717e-19
9.832493521693349e-19
9.829409117686638e-19
9.826332606393443e-19
9.823263987645626e-19
9.820203261275052e-19
9.817150427113578e-19
9.814105484993068e-19
9.811068434745385e-19
9.808039276202389e-19
9.805018009195942e-19
9.802004633557906e-19
9.798999149120142e-19
9.796001555714511e-19
9.793011853172875e-19
9.790030041327100e-19
9.787056120009041e-19
9.784090089050563e-19
9.781131948283528e-19
9.778181697539800e-19
9.775239336651233e-19
9.772304865449696e-19
9.769378283767050e-19
9.766459591435153e-19
9.763548788285869e-19
9.760645874151057e-19
9.757750848862584e-19
9.754863712252307e-19
9.751984464152090e-19
9.749113104393794e-19
9.746249632809282e-19
9.743394049230412e-19
9.740546353489049e-19
9.737706545417054e-19
9.734874624846288e-19
9.732050591608615e-19
9.729234445535894e-19
9.726426186459986e-19
9.723625814212756e-19
9.720833328626063e-19
9.718048729531770e-19
9.715272016761738e-19
9.712503190147828e-19
9.709742249521905e-19
9.706989194715826e-19
9.704244025561456e-19
9.701506741890657e-19
9.698777343535289e-19
9.696055830327213e-19
9.693342202098292e-19
9.690636458680389e-19
9.687938599905362e-19
9.685248625605075e-19
9.682566535611392e-19
9.679892329756169e-19
9.677226007871273e-19
9.674567569788563e-19
9.671917015339900e-19
9.669274344357149e-19
9.666639556672169e-19
9.664012652116823e-19
9.661393630522972e-19
9.658782491722477e-19
9.656179235547200e-19
9.653583861829005e-19
9.650996370399749e-19
9.648416761091297e-19
9.645845033735513e-19
9.643281188164253e-19
9.640725224209381e-19
9.638177141702763e-19
9.635636940476254e-19
9.633104620361720e-19
9.630580181191021e-19
9.628063622796017e-19
9.625554945008573e-19
9.623054147660549e-19
9.620561230583808e-19
9.618076193610211e-19
9.615599036571619e-19
9.613129759299893e-19
9.610668361626896e-19
9.608214843384490e-19
9.605769204404535e-19
9.603331444518898e-19
9.600901563559433e-19
9.598479561358005e-19
9.596065437746477e-19
9.593659192556711e-19
9.591260825620564e-19
9.588870336769905e-19
9.586487725836588e-19
9.584112992652479e-19
9.581746137049439e-19
9.579387158859331e-19
9.577036057914015e-19
9.574692834045353e-19
9.572357487085208e-19
9.570030016865439e-19
9.567710423217908e-19
9.565398705974478e-19
9.563094864967014e-19
9.560798900027372e-19
9.558510810987415e-19
9.556230597679008e-19
9.553958259934008e-19
9.551693797584279e-19
9.549437210461684e-19
9.547188498398082e-19
9.544947661225337e-19
9.542714698775311e-19
9.540489610879862e-19
9.538272397370855e-19
9.536063058080151e-19
9.533861592839613e-19
9.531668001481097e-19
9.529482283836472e-19
9.527304439737595e-19
9.525134469016331e-19
9.522972371504540e-19
9.520818147034082e-19
9.518671795436820e-19
9.516533316544619e-19
9.514402710189334e-19
9.512279976202832e-19
9.510165114416973e-19
9.508058124663618e-19
9.505959006774630e-19
9.503867760581872e-19
9.501784385917201e-19
9.499708882612482e-19
9.497641250499578e-19
9.495581489410346e-19
9.493529599176652e-19
9.491485579630355e-19
9.489449430603322e-19
9.487421151927407e-19
9.485400743434476e-19
9.483388204956390e-19
9.481383536325011e-19
9.479386737372199e-19
9.477397807929819e-19
9.475416747829730e-19
9.473443556903793e-19
9.471478234983872e-19
9.469520781901829e-19
9.467571197489524e-19
9.465629481578819e-19
9.463695634001575e-19
9.461769654589656e-19
9.459851543174920e-19
9.457941299589231e-19
9.456038923664453e-19
9.454144415232443e-19
9.452257774125067e-19
9.450379000174184e-19
9.448508093211655e-19
9.446645053069345e-19
9.444789879579113e-19
9.442942572572821e-19
9.441103131882331e-19
9.439271557339505e-19
9.437447848776206e-19
9.435632006024293e-19
9.433824028915627e-19
9.432023917282074e-19
9.430231670955492e-19
9.428447289767745e-19
9.426670773550692e-19
9.424902122136198e-19
9.423141335356121e-19
9.421388413042325e-19
9.419643355026673e-19
9.417906161141025e-19
9.416176831217241e-19
9.414455365087186e-19
9.412741762582719e-19
9.411036023535704e-19
9.409338147777999e-19
9.407648135141471e-19
9.405965985457977e-19
9.404291698559381e-19
9.402625274277545e-19
9.400966712444330e-19
9.399316012891595e-19
9.397673175451207e-19
9.396038199955024e-19
9.394411086234910e-19
9.392791834122724e-19
9.391180443450328e-19
9.389576914049587e-19
9.387981245752359e-19
9.386393438390507e-19
9.384813491795893e-19
9.383241405800379e-19
9.381677180235826e-19
9.380120814934095e-19
9.378572309727049e-19
9.377031664446550e-19
9.375498878924458e-19
9.373973952992637e-19
9.372456886482946e-19
9.370947679227247e-19
9.369446331057405e-19
9.367952841805279e-19
9.366467211302730e-19
9.364989439381620e-19
9.363519525873811e-19
9.362057470611168e-19
9.360603273425547e-19
9.359156934148815e-19
9.357718452612829e-19
9.356287828649453e-19
9.354865062090550e-19
9.353450152767979e-19
9.352043100513603e-19
9.350643905159285e-19
9.349252566536885e-19
9.347869084478263e-19
9.346493458815283e-19
9.345125689379808e-19
9.343765776003697e-19
9.342413718518813e-19
9.341069516757019e-19
9.339733170550173e-19
9.338404679730138e-19
9.337084044128778e-19
9.335771263577952e-19
9.334466337909524e-19
9.333169266955355e-19
9.331880050547305e-19
9.330598688517237e-19
9.329325180697012e-19
9.328059526918493e-19
9.326801727013542e-19
9.325551780814019e-19
9.324309688151787e-19
9.323075448858707e-19
9.321849062766638e-19
9.320630529707446e-19
9.319419849512993e-19
9.318217022015137e-19
9.317022047045741e-19
9.315834924436667e-19
9.314655654019777e-19
9.313484235626934e-19
9.312320669089998e-19
9.311164954240831e-19
9.310017090911293e-19
9.308877078933249e-19
9.307744918138558e-19
9.306620608359082e-19
9.305504149426683e-19
9.304395541173224e-19
9.303294783430567e-19
9.302201876030570e-19
9.301116818805098e-19
9.300039611586014e-19
9.298970254205175e-19
9.297908746494446e-19
9.296855088285687e-19
9.295809279410762e-19
9.294771319701530e-19
9.293741208989854e-19
9.292718947107596e-19
9.291704533886616e-19
9.290697969158779e-19
9.289699252755943e-19
9.288708384509972e-19
9.287725364252727e-19
9.286750191816070e-19
9.285782867031862e-19
9.284823389731967e-19
9.283871759748242e-19
9.282927976912553e-19
9.281992041056759e-19
9.281063952012724e-19
9.280143709612306e-19
9.279231313687371e-19
9.278326764069780e-19
9.277430060591392e-19
9.276541203084072e-19
9.275660191379680e-19
9.274787025310075e-19
9.273921704707123e-19
9.273064229402684e-19
9.272214599228620e-19
9.271372814016793e-19
9.270538873599062e-19
9.269712777807291e-19
9.268894526473343e-19
9.268084119429079e-19
9.267281556506358e-19
9.266486837537043e-19
9.265699962352998e-19
9.264920930786081e-19
9.264149742668156e-19
9.263386397831086e-19
9.262630896106730e-19
9.261883237326950e-19
9.261143421323609e-19
9.260411447928568e-19
9.259687316973689e-19
9.258971028290832e-19
9.258262581711861e-19
9.257561977068637e-19
9.256869214193021e-19
9.256184292916876e-19
9.255507213072061e-19
9.254837974490442e-19
9.254176577003878e-19
9.253523020444229e-19
9.252877304643360e-19
9.252239429433131e-19
9.251609394645402e-19
9.250987200112039e-19
9.250372845664901e-19
9.249766331135850e-19
9.249167656356747e-19
9.248576821159455e-19
9.247993825375835e-19
9.247418668837749e-19
9.246851351377057e-19
9.246291872825625e-19
9.245740233015308e-19
9.245196431777975e-19
9.244660468945483e-19
9.244132344349694e-19
9.243612057822471e-19
9.243099609195676e-19
9.242594998301169e-19
9.242098224970813e-19
9.241609289036471e-19
9.241128190330001e-19
9.240654928683267e-19
9.240189503928131e-19
9.239731915896454e-19
9.239282164420097e-19
9.238840249330924e-19
9.238406170460792e-19
9.237979927641568e-19
9.237561520705112e-19
9.237150949483285e-19
9.236748213807948e-19
9.236353313510965e-19
9.235966248424196e-19
9.235587018379501e-19
9.235215623208746e-19
9.234852062743789e-19
9.234496336816493e-19
9.234148445258721e-19
9.233808387902332e-19
9.233476164579191e-19
9.233151775121155e-19
9.232835219360090e-19
9.232526497127855e-19
9.232225608256315e-19
9.231932552577328e-19
9.231647329922757e-19
9.231369940124465e-19
9.231100383014313e-19
9.230838658424160e-19
9.230584766185872e-19
9.230338706131307e-19
9.230100478092329e-19
9.229870081900799e-19
9.229647517388579e-19
9.229432784387530e-19
9.229225882729515e-19
9.229026812246395e-19
9.228835572770029e-19
9.228652164132283e-19
9.228476586165017e-19
9.228308838700092e-19
9.228148921569371e-19
9.227996834604714e-19
9.227852577637983e-19
9.227716150501041e-19
9.227587553025750e-19
9.227466785043970e-19
9.227353846387563e-19
9.227248736888389e-19
9.227151456378314e-19
9.227062004689198e-19
9.226980381652900e-19
9.226906587101287e-19
9.226840620866214e-19
9.226782482779547e-19
9.226732172673148e-19
9.226689690378876e-19
9.226655035728597e-19
9.226628208554168e-19
9.226609208687452e-19
9.226598035960312e-19
9.226594690204609e-19
9.226599171252203e-19
9.226611478934959e-19
9.226631613084737e-19
9.226659573533399e-19
9.226695360112805e-19
9.226738972654819e-19
9.226790410991302e-19
9.226849674954116e-19
9.226916764375120e-19
9.226991679086179e-19
9.227074418919155e-19
9.227164983705906e-19
9.227263373278297e-19
9.227369587468188e-19
9.227483626107442e-19
9.227605489027920e-19
9.227735176061482e-19
9.227872687039992e-19
9.228018021795313e-19
9.228171180159303e-19
9.228332161963824e-19
9.228500967040741e-19
9.228677595221914e-19
9.228862046339204e-19
9.229054320224473e-19
9.229254416709583e-19
9.229462335626396e-19
9.229678076806772e-19
9.229901640082574e-19
9.230133025285664e-19
9.230372232247905e-19
9.230619260801155e-19
9.230874110777278e-19
9.231136782008134e-19
9.231407274325587e-19
9.231685587561498e-19
9.231971721547729e-19
9.232265676116140e-19
9.232567451098594e-19
9.232877046326954e-19
9.233194461633078e-19
9.233519696848831e-19
9.233852751806072e-19
9.234193626336666e-19
9.234542320272471e-19
9.234898833445353e-19
9.235263165687170e-19
9.235635316829785e-19
9.236015286705058e-19
9.236403075144855e-19
9.236798681981034e-19
9.237202107045458e-19
9.237613350169987e-19
9.238032411186486e-19
9.238459289926814e-19
9.238893986222834e-19
9.239336499906406e-19
9.239786830809393e-19
9.240244978763657e-19
9.240710943601059e-19
9.241184725153461e-19
9.241666323252724e-19
9.242155737730710e-19
9.242652968419283e-19
9.243158015150301e-19
9.243670877755628e-19
9.244191556067124e-19
9.244720049916653e-19
9.245256359136073e-19
9.245800483557250e-19
9.246352423012044e-19
9.246912177332317e-19
9.247479746349929e-19
9.248055129896742e-19
9.248638327804620e-19
9.249229339905422e-19
9.249828166031012e-19
9.250434806013249e-19
9.251049259683999e-19
9.251671526875119e-19
9.252301607418472e-19
9.252939501145923e-19
9.253585207889328e-19
9.254238727480554e-19
9.254900059751459e-19
9.255569204533907e-19
9.256246161659758e-19
9.256930930960873e-19
9.257623512269118e-19
9.258323905416350e-19
9.259032110234433e-19
9.259748126555229e-19
9.260471954210597e-19
9.261203593032402e-19
9.261943042852504e-19
9.262690303502766e-19
9.263445374815048e-19
9.264208256621212e-19
9.264978948753119e-19
9.265757451042634e-19
9.266543763321615e-19
9.267337885421924e-19
9.268139817175425e-19
9.268949558413979e-19
9.269767108969445e-19
9.270592468673689e-19
9.271425637358569e-19
9.272266614855950e-19
9.273115400997691e-19
9.273971995615655e-19
9.274836398541701e-19
9.275708609607695e-19
9.276588628645497e-19
9.277476455486968e-19
9.278372089963969e-19
9.279275531908362e-19
9.280186781152011e-19
9.281105837526776e-19
9.282032700864518e-19
9.282967370997100e-19
9.283909847756384e-19
9.284860130974229e-19
9.285818220482500e-19
9.286784116113057e-19
9.287757817697761e-19
9.288739325068475e-19
9.289728638057061e-19
9.290725756495378e-19
9.291730680215292e-19
9.292743409048662e-19
9.293763942827348e-19
9.294792281383215e-19
9.295828424548124e-19
9.296872372153934e-19
9.297924124032512e-19
9.298983680015714e-19
9.300051039935405e-19
9.301126203623445e-19
9.302209170911697e-19
9.303299941632021e-19
9.304398515616281e-19
9.305504892696339e-19
9.306619072704052e-19
9.307741055471288e-19
9.308870840829904e-19
9.310008428611764e-19
9.311153818648729e-19
9.312307010772661e-19
9.313468004815421e-19
9.314636800608869e-19
9.315813397984872e-19
9.316997796775286e-19
9.318189996811976e-19
9.319389997926804e-19
9.320597799951629e-19
9.321813402718315e-19
9.323036806058723e-19
9.324268009804715e-19
9.325507013788151e-19
9.326753817840893e-19
9.328008421794807e-19
9.329270825481748e-19
9.330541028733583e-19
9.331819031382170e-19
9.333104833259373e-19
9.334398434197054e-19
9.335699834027074e-19
9.337009032581293e-19
9.338326029691576e-19
9.339650825189781e-19
9.340983418907772e-19
9.342323810677411e-19
9.343672000330559e-19
9.345027987699075e-19
9.346391772614826e-19
9.347763354909670e-19
9.349142734415469e-19
9.350529910964085e-19
9.351924884387381e-19
9.353327654517218e-19
9.354738221185457e-19
9.356156584223960e-19
9.357582743464589e-19
9.359016698739206e-19
9.360458449879671e-19
9.361907996717847e-19
9.363365339085596e-19
9.364830476814779e-19
9.366303409737258e-19
9.367784137684893e-19
9.369272660489549e-19
9.370768977983085e-19
9.372273089997365e-19
9.373784996364247e-19
9.375304696915597e-19
9.376832191483275e-19
9.378367479899141e-19
9.379910561995058e-19
9.381461437602889e-19
9.383020106554493e-19
9.384586568681735e-19
9.386160823816473e-19
9.387742871790572e-19
9.389332712435891e-19
9.390930345584293e-19
9.392535771067640e-19
9.394148988717794e-19
9.395769998366614e-19
9.397398799845964e-19
9.399035392987707e-19
9.400679777623702e-19
9.402331953585812e-19
9.403991920705897e-19
9.405659678815822e-19
9.407335227747444e-19
9.409018567332630e-19
9.410709697403240e-19
9.412408617791131e-19
9.414115328328171e-19
9.415829828846220e-19
9.417552119177138e-19
9.419282199152787e-19
9.421020068605029e-19
9.422765727365726e-19
9.424519175266740e-19
9.426280412139934e-19
9.428049437817166e-19
9.429826252130299e-19
9.431610854911197e-19
9.433403245991719e-19
9.435203425203729e-19
9.437011392379086e-19
9.438827147349655e-19
9.440650689947294e-19
9.442482020003867e-19
9.444321137351235e-19
9.446168041821261e-19
9.448022733245805e-19
9.449885211456729e-19
9.451755476285894e-19
9.453633527565164e-19
9.455519365126399e-19
9.457412988801461e-19
9.459314398422211e-19
9.461223593820513e-19
9.463140574828226e-19
9.465065341277213e-19
9.466997892999335e-19
9.468938229826454e-19
9.470886351590433e-19
9.472842258123132e-19
9.474805949256411e-19
9.476777424822136e-19
9.478756684652166e-19
9.480743728578364e-19
9.482738556432589e-19
9.484741168046707e-19
9.486751563252577e-19
9.488769741882059e-19
9.490795703767019e-19
9.492829448739316e-19
9.494870976630811e-19
9.496920287273368e-19
9.498977380498845e-19
9.501042256139108e-19
9.503114914026016e-19
9.505195353991432e-19
9.507283575867218e-19
9.509379579485234e-19
9.511483364677343e-19
9.513594931275406e-19
9.515714279111286e-19
9.517841408016840e-19
9.519976317823936e-19
9.522119008364434e-19
9.524269479470193e-19
9.526427730973078e-19
9.528593762704947e-19
9.530767574497664e-19
9.532949166183091e-19
9.535138537593090e-19
9.537335688559521e-19
9.539540618914245e-19
9.541753328489127e-19
9.543973817116028e-19
9.546202084626806e-19
9.548438130853327e-19
9.550681955627449e-19
9.552933558781039e-19
9.555192940145950e-19
9.557460099554053e-19
9.559735036837206e-19
9.562017751827268e-19
9.564308244356106e-19
9.566606514255577e-19
9.568912561357545e-19
9.571226385493869e-19
9.573547986496415e-19
9.575877364197043e-19
9.578214518427613e-19
9.580559449019987e-19
9.582912155806030e-19
9.585272638617598e-19
9.587640897286558e-19
9.590016931644769e-19
9.592400741524093e-19
9.594792326756393e-19
9.597191687173530e-19
9.599598822607365e-19
9.602013732889759e-19
9.604436417852575e-19
9.606866877327676e-19
9.609305111146921e-19
9.611751119142171e-19
9.614204901145291e-19
9.616666456988142e-19
9.619135786502585e-19
9.621612889520479e-19
9.624097765873691e-19
9.626590415394079e-19
9.629090837913506e-19
9.631599033263834e-19
9.634115001276922e-19
9.636638741784634e-19
9.639170254618833e-19
9.641709539611379e-19
9.644256596594132e-19
9.646811425398956e-19
9.649374025857712e-19
9.651944397802263e-19
9.654522541064466e-19
9.657108455476191e-19
9.659702140869293e-19
9.662303597075634e-19
9.664912823927079e-19
9.667529821255487e-19
9.670154588892720e-19
9.672787126670643e-19
9.675427434421115e-19
9.678075511975995e-19
9.680731359167147e-19
9.683394975826435e-19
9.686066361785718e-19
9.688745516876857e-19
9.691432440931717e-19
9.694127133782158e-19
9.696829595260042e-19
9.699539825197228e-19
9.702257823425581e-19
9.704983589776963e-19
9.707717124083233e-19
9.710458426176254e-19
9.713207495887886e-19
9.715964333049993e-19
9.718728937494437e-19
9.721501309053078e-19
9.724281447557779e-19
9.727069352840400e-19
9.729865024732806e-19
9.732668463066855e-19
9.735479667674409e-19
9.738298638387331e-19
9.741125375037485e-19
9.743959877456729e-19
9.746802145476922e-19
9.749652178929933e-19
9.752509977647622e-19
9.755375541461845e-19
9.758248870204472e-19
9.761129963707358e-19
9.764018821802367e-19
9.766915444321360e-19
9.769819831096200e-19
9.772731981958749e-19
9.775651896740865e-19
9.778579575274414e-19
9.781515017391258e-19
9.784458222923253e-19
9.787409191702267e-19
9.790367923560162e-19
9.793334418328792e-19
9.796308675840025e-19
9.799290695925722e-19
9.802280478417740e-19
9.805278023147947e-19
9.808283329948204e-19
9.811296398650371e-19
9.814317229086310e-19
9.817345821087881e-19
9.820382174486948e-19
9.823426289115371e-19
9.826478164805012e-19
9.829537801387734e-19
9.832605198695398e-19
9.835680356559863e-19
9.838763274812996e-19
9.841853953286656e-19
9.844952391812704e-19
9.848058590223001e-19
9.851172548349411e-19
9.854294266023794e-19
9.857423743078011e-19
9.860560979343928e-19
9.863705974653402e-19
9.866858728838299e-19
9.870019241730474e-19
9.873187513161794e-19
9.876363542964120e-19
9.879547330969308e-19
9.882738877009231e-19
9.885938180915745e-19
9.889145242520708e-19
9.892360061655986e-19
9.895582638153440e-19
9.898812971844932e-19
9.902051062562321e-19
9.905296910137472e-19
9.908550514402246e-19
9.911811875188500e-19
9.915080992328103e-19
9.918357865652913e-19
9.921642494994792e-19
9.924934880185603e-19
9.928235021057204e-19
9.931542917441462e-19
9.934858569170232e-19
9.938181976075382e-19
9.941513137988771e-19
9.944852054742260e-19
9.948198726167711e-19
9.951553152096989e-19
9.954915332361951e-19
9.958285266794460e-19
9.961662955226378e-19
)
;

boundaryField
{
    inlet
    {
        type            fixedValue;
        value           uniform 0;
    }
    outlet
    {
        type            zeroGradient;
    }
    wall
    {
        type            empty;
    }
}


// ************************************************************************* //
