/*--------------------------------*- C++ -*----------------------------------*\
| =========                 |                                                 |
| \\      /  F ield         | OpenFOAM: The Open Source CFD Toolbox           |
|  \\    /   O peration     | Version:  5.x                                   |
|   \\  /    A nd           | Web:      www.OpenFOAM.org                      |
|    \\/     M anipulation  |                                                 |
\*---------------------------------------------------------------------------*/
FoamFile
{
    version     2.0;
    format      ascii;
    class       volScalarField;
    location    "1";
    object       CO;
}
// * * * * * * * * * * * * * * * * * * * * * * * * * * * * * * * * * * * * * //

dimensions      [0 0 0 0 0 0 0];

internalField   nonuniform List<scalar>
4335
(
-1.509352620908995e-13
-1.577084881733132e-12
-2.993350741004468e-12
-4.399755698159494e-12
-5.796322611452795e-12
-7.183074339138956e-12
-8.560033739472564e-12
-9.927223670708202e-12
-1.128466699110045e-11
-1.263238655890391e-11
-1.397040523237315e-11
-1.529874586976276e-11
-1.661743132932733e-11
-1.792648446932144e-11
-1.922592814799968e-11
-2.051578522361662e-11
-2.179607855442687e-11
-2.306683099868501e-11
-2.432806541464561e-11
-2.557980466056325e-11
-2.682207159469255e-11
-2.805488907528806e-11
-2.927827996060438e-11
-3.049226710889610e-11
-3.169687337841780e-11
-3.289212162742407e-11
-3.407803471416947e-11
-3.525463549690862e-11
-3.642194683389609e-11
-3.757999158338645e-11
-3.872879260363432e-11
-3.986837275289425e-11
-4.099875488942086e-11
-4.211996187146871e-11
-4.323201655729239e-11
-4.433494180514648e-11
-4.542876047328558e-11
-4.651349541996426e-11
-4.758916950343711e-11
-4.865580558195873e-11
-4.971342651378368e-11
-5.076205515716658e-11
-5.180171437036198e-11
-5.283242701162447e-11
-5.385421593920864e-11
-5.486710401136909e-11
-5.587111408636040e-11
-5.686626902243714e-11
-5.785259167785391e-11
-5.883010491086529e-11
-5.979883157972586e-11
-6.075879454269021e-11
-6.171001665801293e-11
-6.265252078394859e-11
-6.358632977875180e-11
-6.451146650067713e-11
-6.542795380797917e-11
-6.633581455891249e-11
-6.723507161173170e-11
-6.812574782469136e-11
-6.900786605604606e-11
-6.988144916405041e-11
-7.074652000695898e-11
-7.160310144302635e-11
-7.245121633050709e-11
-7.329088752765583e-11
-7.412213789272710e-11
-7.494499028397554e-11
-7.575946755965571e-11
-7.656559257802217e-11
-7.736338819732955e-11
-7.815287727583241e-11
-7.893408267178533e-11
-7.970702724344291e-11
-8.047173384905974e-11
-8.122822534689039e-11
-8.197652459518944e-11
-8.271665445221149e-11
-8.344863777621114e-11
-8.417249742544294e-11
-8.488825625816150e-11
-8.559593713262138e-11
-8.629556290707721e-11
-8.698715643978352e-11
-8.767074058899494e-11
-8.834633821296603e-11
-8.901397216995138e-11
-8.967366531820560e-11
-9.032544051598322e-11
-9.096932062153889e-11
-9.160532849312716e-11
-9.223348698900260e-11
-9.285381896741982e-11
-9.346634728663342e-11
-9.407109480489793e-11
-9.466808438046799e-11
-9.525733887159817e-11
-9.583888113654306e-11
-9.641273403355721e-11
-9.697892042089524e-11
-9.753746315681173e-11
-9.808838509956125e-11
-9.863170910739841e-11
-9.916745803857779e-11
-9.969565475135395e-11
-1.002163221039815e-10
-1.007294829547150e-10
-1.012351601618091e-10
-1.017333765835183e-10
-1.022241550780972e-10
-1.027075185038005e-10
-1.031834897188826e-10
-1.036520915815982e-10
-1.041133469502019e-10
-1.045672786829482e-10
-1.050139096380917e-10
-1.054532626738871e-10
-1.058853606485889e-10
-1.063102264204517e-10
-1.067278828477300e-10
-1.071383527886785e-10
-1.075416591015518e-10
-1.079378246446044e-10
-1.083268722760909e-10
-1.087088248542659e-10
-1.090837052373840e-10
-1.094515362836997e-10
-1.098123408514677e-10
-1.101661417989426e-10
-1.105129619843789e-10
-1.108528242660312e-10
-1.111857515021541e-10
-1.115117665510022e-10
-1.118308922708300e-10
-1.121431515198923e-10
-1.124485671564434e-10
-1.127471620387381e-10
-1.130389590250308e-10
-1.133239809735763e-10
-1.136022507426291e-10
-1.138737911904437e-10
-1.141386251752748e-10
-1.143967755553769e-10
-1.146482651890046e-10
-1.148931169344125e-10
-1.151313536498552e-10
-1.153629981935873e-10
-1.155880734238634e-10
-1.158066021989380e-10
-1.160186073770658e-10
-1.162241118165012e-10
-1.164231383754990e-10
-1.166157099123136e-10
-1.168018492851998e-10
-1.169815793524119e-10
-1.171549229722047e-10
-1.173219030028328e-10
-1.174825423025507e-10
-1.176368637296129e-10
-1.177848901422742e-10
-1.179266443987890e-10
-1.180621493574120e-10
-1.181914278763977e-10
-1.183145028140007e-10
-1.184313970284757e-10
-1.185421333780771e-10
-1.186467347210596e-10
-1.187452239156778e-10
-1.188376238201863e-10
-1.189239572928395e-10
-1.190042471918922e-10
-1.190785163755989e-10
-1.191467877022142e-10
-1.192090840299927e-10
-1.192654282171890e-10
-1.193158431220575e-10
-1.193603516028530e-10
-1.193989765178301e-10
-1.194317407252432e-10
-1.194586670833471e-10
-1.194797784503962e-10
-1.194950976846451e-10
-1.195046476443485e-10
-1.195084511877610e-10
-1.195065311731370e-10
-1.194989104587313e-10
-1.194856119027983e-10
-1.194666583635927e-10
-1.194420726993691e-10
-1.194118777683820e-10
-1.193760964288860e-10
-1.193347515391358e-10
-1.192878659573858e-10
-1.192354625418907e-10
-1.191775641509051e-10
-1.191141936426836e-10
-1.190453738754806e-10
-1.189711277075509e-10
-1.188914779971490e-10
-1.188064476025295e-10
-1.187160593819470e-10
-1.186203361936560e-10
-1.185193008959113e-10
-1.184129763469672e-10
-1.183013854050784e-10
-1.181845509284996e-10
-1.180624957754852e-10
-1.179352428042899e-10
-1.178028148731683e-10
-1.176652348403749e-10
-1.175225255641643e-10
-1.173747099027912e-10
-1.172218107145101e-10
-1.170638508575755e-10
-1.169008531902422e-10
-1.167328405707646e-10
-1.165598358573973e-10
-1.163818619083949e-10
-1.161989415820121e-10
-1.160110977365033e-10
-1.158183532301233e-10
-1.156207309211265e-10
-1.154182536677675e-10
-1.152109443283010e-10
-1.149988257609816e-10
-1.147819208240637e-10
-1.145602523758021e-10
-1.143338432744512e-10
-1.141027163782656e-10
-1.138668945455001e-10
-1.136264006344090e-10
-1.133812575032471e-10
-1.131314880102689e-10
-1.128771150137289e-10
-1.126181613718819e-10
-1.123546499429823e-10
-1.120866035852847e-10
-1.118140451570438e-10
-1.115369975165142e-10
-1.112554835219503e-10
-1.109695260316068e-10
-1.106791479037382e-10
-1.103843719965993e-10
-1.100852211684444e-10
-1.097817182775283e-10
-1.094738861821056e-10
-1.091617477404306e-10
-1.088453258107582e-10
-1.085246432513429e-10
-1.081997229204392e-10
-1.078705876763018e-10
-1.075372603771852e-10
-1.071997638813439e-10
-1.068581210470328e-10
-1.065123547325061e-10
-1.061624877960186e-10
-1.058085430958249e-10
-1.054505434901796e-10
-1.050885118373371e-10
-1.047224709955521e-10
-1.043524438230793e-10
-1.039784531781731e-10
-1.036005219190881e-10
-1.032186729040791e-10
-1.028329289914004e-10
-1.024433130393068e-10
-1.020498479060528e-10
-1.016525564498929e-10
-1.012514615290819e-10
-1.008465860018742e-10
-1.004379527265244e-10
-1.000255845612872e-10
-9.960950436441710e-11
-9.918973499416869e-11
-9.876629930879650e-11
-9.833922016655524e-11
-9.790852042569944e-11
-9.747422294448371e-11
-9.703635058116258e-11
-9.659492619399063e-11
-9.614997264122251e-11
-9.570151278111275e-11
-9.524956947191596e-11
-9.479416557188672e-11
-9.433532393927964e-11
-9.387306743234929e-11
-9.340741890935020e-11
-9.293840122853697e-11
-9.246603724816429e-11
-9.199034982648665e-11
-9.151136182175868e-11
-9.102909609223492e-11
-9.054357549617000e-11
-9.005482289181848e-11
-8.956286113743490e-11
-8.906771309127399e-11
-8.856940161159016e-11
-8.806794955663809e-11
-8.756337978467238e-11
-8.705571515394758e-11
-8.654497852271823e-11
-8.603119274923900e-11
-8.551438069176447e-11
-8.499456520854918e-11
-8.447176915784768e-11
-8.394601539791466e-11
-8.341732678700467e-11
-8.288572618337225e-11
-8.235123644527199e-11
-8.181388043095853e-11
-8.127368099868639e-11
-8.073066100671021e-11
-8.018484331328454e-11
-7.963625077666400e-11
-7.908490625510317e-11
-7.853083260685656e-11
-7.797405269017879e-11
-7.741458936332457e-11
-7.685246548454839e-11
-7.628770391210469e-11
-7.572032750424837e-11
-7.515035911923372e-11
-7.457782161531543e-11
-7.400273785074822e-11
-7.342513068378647e-11
-7.284502297268484e-11
-7.226243757569799e-11
-7.167739735108033e-11
-7.108992515708662e-11
-7.050004385197147e-11
-6.990777629398926e-11
-6.931314534139480e-11
-6.871617385244251e-11
-6.811688468538694e-11
-6.751530069848291e-11
-6.691144474998483e-11
-6.630533969814725e-11
-6.569700840122489e-11
-6.508647371747225e-11
-6.447375850514385e-11
-6.385888562249451e-11
-6.324187792777858e-11
-6.262275827925070e-11
-6.200154953516562e-11
-6.137827455377766e-11
-6.075295619334155e-11
-6.012561731211196e-11
-5.949628076834323e-11
-5.886496942029017e-11
-5.823170612620732e-11
-5.759651374434916e-11
-5.695941513297036e-11
-5.632043315032559e-11
-5.567959065466919e-11
-5.503691050425598e-11
-5.439241555734043e-11
-5.374612867217719e-11
-5.309807270702082e-11
-5.244827052012576e-11
-5.179674496974682e-11
-5.114351891413857e-11
-5.048861521155539e-11
-4.983205672025208e-11
-4.917386629848310e-11
-4.851406680450305e-11
-4.785268109656658e-11
-4.718973203292826e-11
-4.652524247184262e-11
-4.585923527156424e-11
-4.519173329034778e-11
-4.452275938644775e-11
-4.385233641811881e-11
-4.318048724361554e-11
-4.250723472119246e-11
-4.183260170910416e-11
-4.115661106560528e-11
-4.047928564895034e-11
-3.980064831739400e-11
-3.912072192919078e-11
-3.843952934259532e-11
-3.775709341586215e-11
-3.707343700724593e-11
-3.638858297500115e-11
-3.570255417738242e-11
-3.501537347264445e-11
-3.432706371904169e-11
-3.363764777482872e-11
-3.294714849826021e-11
-3.225558874759066e-11
-3.156299138107474e-11
-3.086937925696681e-11
-3.017477523352182e-11
-2.947920216899412e-11
-2.878268292163839e-11
-2.808524034970915e-11
-2.738689731146095e-11
-2.668767666514848e-11
-2.598760126902632e-11
-2.528669398134897e-11
-2.458497766037102e-11
-2.388247516434714e-11
-2.317920935153190e-11
-2.247520308017974e-11
-2.177047920854548e-11
-2.106506059488354e-11
-2.035897009744852e-11
-1.965223057449506e-11
-1.894486488427769e-11
-1.823689588505107e-11
-1.752834643506969e-11
-1.681923939258823e-11
-1.610959761586128e-11
-1.539944396314325e-11
-1.468880129268897e-11
-1.397769246275272e-11
-1.326614033158953e-11
-1.255416775745346e-11
-1.184179759859948e-11
-1.112905271328218e-11
-1.041595595975582e-11
-9.702530196275314e-12
-8.988798281095077e-12
-8.274783072469703e-12
-7.560507428653927e-12
-6.845994207902103e-12
-6.131266268468975e-12
-5.416346468609124e-12
-4.701257666576981e-12
-3.986022720627366e-12
-3.270664489014707e-12
-2.555205829993668e-12
-1.839669601818756e-12
-1.124078662744554e-12
-4.084558710257293e-13
3.071759150831721e-13
1.022793837327579e-12
1.738375037452894e-12
2.453896657204535e-12
3.169335838327868e-12
3.884669722568445e-12
4.599875451671546e-12
5.314930167382585e-12
6.029811011447112e-12
6.744495125610407e-12
7.458959651617929e-12
8.173181731215096e-12
8.887138506147316e-12
9.600807118160011e-12
1.031416470899859e-11
1.102718842040847e-11
1.173985539413507e-11
1.245214277192380e-11
1.316402769552008e-11
1.387548730666931e-11
1.458649874711692e-11
1.529703915860837e-11
1.600708568288893e-11
1.671661546170415e-11
1.742560563679946e-11
1.813403334992012e-11
1.884187574281170e-11
1.954910995721955e-11
2.025571313488909e-11
2.096166241756575e-11
2.166693494699492e-11
2.237150786492204e-11
2.307535831309250e-11
2.377846343325174e-11
2.448080036714516e-11
2.518234625651822e-11
2.588307824311620e-11
2.658297346868465e-11
2.728200907496899e-11
2.798016220371449e-11
2.867740999666672e-11
2.937372959557106e-11
3.006909814217283e-11
3.076349277821755e-11
3.145689064545064e-11
3.214926888561740e-11
3.284060464046336e-11
3.353087505173393e-11
3.422005726117441e-11
3.490812841053037e-11
3.559506564154712e-11
3.628084609597005e-11
3.696544691554472e-11
3.764884524201641e-11
3.833101821713053e-11
3.901194298263263e-11
3.969159668026795e-11
4.036995645178204e-11
4.104699943892030e-11
4.172270278342804e-11
4.239704362705083e-11
4.306999911153395e-11
4.374154637862283e-11
4.441166257006300e-11
4.508032482759975e-11
4.574751029297851e-11
4.641319610794480e-11
4.707735941424392e-11
4.773997735362129e-11
4.840102706782244e-11
4.906048569859266e-11
4.971833038767736e-11
5.037453827682210e-11
5.102908650777215e-11
5.168195222227297e-11
5.233311256206998e-11
5.298254466890861e-11
5.363022568453424e-11
5.427613275069230e-11
5.492024300912822e-11
5.556253360158739e-11
5.620298166981525e-11
5.684156435555715e-11
5.747825880055865e-11
5.811304214656501e-11
5.874589153532172e-11
5.937678410857417e-11
6.000569700806780e-11
6.063260737554801e-11
6.125749235276021e-11
6.188032908144981e-11
6.250109470336225e-11
6.311976636024293e-11
6.373632119383725e-11
6.435073634589064e-11
6.496298895814853e-11
6.557305617235630e-11
6.618091513025939e-11
6.678654297360322e-11
6.738991684413322e-11
6.799101388359469e-11
6.858981123373323e-11
6.918628603629406e-11
6.978041543302275e-11
7.037217656566468e-11
7.096154657596517e-11
7.154850260566975e-11
7.213302179652383e-11
7.271508129027270e-11
7.329465822866191e-11
7.387172975343685e-11
7.444627300634281e-11
7.501826512912542e-11
7.558768326352995e-11
7.615450455130177e-11
7.671870613418646e-11
7.728026515392935e-11
7.783915875227581e-11
7.839536407097125e-11
7.894885825176120e-11
7.949961843639098e-11
8.004762176660600e-11
8.059284538415175e-11
8.113526643077357e-11
8.167486204821688e-11
8.221160937822718e-11
8.274548556254979e-11
8.327646774293011e-11
8.380453306111368e-11
8.432965865884579e-11
8.485182167787188e-11
8.537099925993741e-11
8.588716854678782e-11
8.640030668016840e-11
8.691039080182470e-11
8.741739805350207e-11
8.792130557694583e-11
8.842209051390160e-11
8.891973000611469e-11
8.941420119533045e-11
8.990548122329443e-11
9.039354723175195e-11
9.087837636244841e-11
9.135994575712925e-11
9.183823255753998e-11
9.231321390542592e-11
9.278486694253244e-11
9.325316881060499e-11
9.371809665138909e-11
9.417962760663002e-11
9.463773881807328e-11
9.509240742746426e-11
9.554361057654832e-11
9.599132540707091e-11
9.643552906077752e-11
9.687619867941344e-11
9.731331140472420e-11
9.774684437845515e-11
9.817677474235168e-11
9.860307963815922e-11
9.902573620762326e-11
9.944472159248914e-11
9.986001293450231e-11
1.002715873754082e-10
1.006794220569521e-10
1.010834941208795e-10
1.014837807089360e-10
1.018802589628667e-10
1.022729060244172e-10
1.026616990353329e-10
1.030466151373592e-10
1.034276314722414e-10
1.038047251817252e-10
1.041778734075557e-10
1.045470532914785e-10
1.049122419752390e-10
1.052734166005825e-10
1.056305543092545e-10
1.059836322430005e-10
1.063326275435658e-10
1.066775173526958e-10
1.070182788121360e-10
1.073548890636317e-10
1.076873252489284e-10
1.080155645097715e-10
1.083395839879065e-10
1.086593608250786e-10
1.089748721630334e-10
1.092860951435163e-10
1.095930069082726e-10
1.098955845990478e-10
1.101938053575874e-10
1.104876463256366e-10
1.107770846449410e-10
1.110620974572459e-10
1.113426619042968e-10
1.116187551278390e-10
1.118903542696181e-10
1.121574364713794e-10
1.124199788748682e-10
1.126779586218301e-10
1.129313528540105e-10
1.131801387131547e-10
1.134242933410082e-10
1.136637938793164e-10
1.138986174698247e-10
1.141287412542786e-10
1.143541423744234e-10
1.145747979720045e-10
1.147906851887674e-10
1.150017811664575e-10
1.152080630468201e-10
1.154095079716008e-10
1.156060930825449e-10
1.157977955213979e-10
1.159845924299051e-10
1.161664609498120e-10
1.163433782228640e-10
1.165153213908065e-10
1.166822675953849e-10
1.168441939783446e-10
1.170010776814311e-10
1.171528958463897e-10
1.172996256149659e-10
1.174412441289051e-10
1.175777285299527e-10
1.177090559598542e-10
1.178352035603548e-10
1.179561484732001e-10
1.180718678401355e-10
1.181823388029063e-10
1.182875385032581e-10
1.183874440829361e-10
1.184820326836859e-10
1.185712814472528e-10
1.186551675153823e-10
1.187336680298197e-10
1.188067601323105e-10
1.188744209646001e-10
1.189366276684339e-10
1.189933573855574e-10
1.190445872577159e-10
1.190902944266548e-10
1.191304560341196e-10
1.191650492218558e-10
1.191940511316085e-10
1.192174389051234e-10
1.192351896841459e-10
1.192472806104213e-10
1.192536888256951e-10
1.192543914717126e-10
1.192493656902193e-10
1.192385886229606e-10
1.192220374116820e-10
1.191996891981287e-10
1.191715211240464e-10
1.191375103311803e-10
1.190976339612758e-10
1.190518691560785e-10
1.190001930573336e-10
1.189425828067867e-10
1.188790155461831e-10
1.188094684172683e-10
1.187339185617876e-10
1.186523431214866e-10
1.185647192381105e-10
1.184710240534048e-10
1.183712347091150e-10
1.182653283469863e-10
1.181532821087644e-10
1.180350731361945e-10
1.179106785710221e-10
1.177800755549926e-10
1.176432412298514e-10
1.175001527373440e-10
1.173507872192157e-10
1.171951218172119e-10
1.170331336730782e-10
1.168647999285597e-10
1.166900977254021e-10
1.165090042053508e-10
1.163214965101510e-10
1.161275517815484e-10
1.159271471612881e-10
1.157202597911158e-10
1.155068668127767e-10
1.152869453680164e-10
1.150604725985801e-10
1.148274256462134e-10
1.145877816526617e-10
1.143415177596703e-10
1.140886111089847e-10
1.138290388423504e-10
1.135627781015125e-10
1.132898060282168e-10
1.130100997642084e-10
1.127236364512329e-10
1.124303932310357e-10
1.121303472453622e-10
1.118234756359578e-10
1.115097555445679e-10
1.111891641129379e-10
1.108616784828132e-10
1.105272757959394e-10
1.101859331940617e-10
1.098376278189256e-10
1.094823368122764e-10
1.091200373158597e-10
1.087507064714208e-10
1.083743214207052e-10
1.079908593054582e-10
1.076002972674254e-10
1.072026124483520e-10
1.067977819899834e-10
1.063857830340653e-10
1.059665927223429e-10
1.055401881965616e-10
1.051065465984669e-10
1.046656450698041e-10
1.042174607523187e-10
1.037619707877562e-10
1.032991523178619e-10
1.028289824843812e-10
1.023514384290596e-10
1.018664972936424e-10
1.013741362198751e-10
1.008743323495032e-10
1.003670628242720e-10
9.985230478592677e-11
9.933003537621316e-11
9.880023173687652e-11
9.826287100966225e-11
9.771793033631580e-11
9.716538685858253e-11
9.660521771820784e-11
9.603740005693717e-11
9.546191101651603e-11
9.487872773868967e-11
9.428782736520362e-11
9.368918703780331e-11
9.308278389823401e-11
9.246859508824123e-11
9.184659774957046e-11
9.121676902396696e-11
9.057908605317632e-11
8.993352597894385e-11
8.928006594301487e-11
8.861868308713490e-11
8.794935455304940e-11
8.727205748250375e-11
8.658676901724342e-11
8.589346629901363e-11
8.519212646956001e-11
8.448272667062779e-11
8.376524404396252e-11
8.303965573130964e-11
8.230593887441449e-11
8.156407061502244e-11
8.081402809487903e-11
8.005578845572951e-11
7.928932883931939e-11
7.851462638739430e-11
7.773165824169924e-11
7.694040154397978e-11
7.614083343598153e-11
7.533293105944961e-11
7.451667155612961e-11
7.369203206776710e-11
7.285898973610711e-11
7.201752170289529e-11
7.116760510987707e-11
7.030921709879772e-11
6.944233481140275e-11
6.856693538943769e-11
6.768299597464780e-11
6.679049370877849e-11
6.588940573357516e-11
6.497970919078342e-11
6.406138122214841e-11
6.313439896941580e-11
6.219873957433089e-11
6.125438017863898e-11
6.030129792408562e-11
5.933946995241624e-11
5.836887340537629e-11
5.738948542471096e-11
5.640128315216593e-11
5.540424372948637e-11
5.439834429841790e-11
5.338356200070587e-11
5.235987397809576e-11
5.132725737233277e-11
5.028568932516255e-11
4.923514697833033e-11
4.817560747358157e-11
4.710704795266189e-11
4.602944555731651e-11
4.494277742929081e-11
4.384702071033020e-11
4.274215254218033e-11
4.162815006658629e-11
4.050499042529368e-11
3.937265076004821e-11
3.823110821259462e-11
3.708033992467868e-11
3.592032303804602e-11
3.475103469444162e-11
3.357245203561133e-11
3.238455220330031e-11
3.118731233925388e-11
2.998070958521754e-11
2.876472108293697e-11
2.753932397415716e-11
2.630449540062394e-11
2.506021250408252e-11
2.380645242627809e-11
2.254319230895640e-11
2.127040929386279e-11
1.998808052274256e-11
1.869618313734127e-11
1.739469427940434e-11
1.608359109067701e-11
1.476285071290471e-11
1.343245028783313e-11
1.209236695720727e-11
1.074257786277303e-11
9.383060146275298e-12
8.013790949460026e-12
6.634747414072125e-12
5.245906681857243e-12
3.847245894560988e-12
2.438742193928583e-12
1.020372721705243e-12
-4.078849231637216e-13
-1.845956215436089e-12
-3.293550374497540e-12
-4.750347358964635e-12
-6.216027127454303e-12
-7.690269638583470e-12
-9.172754850968513e-12
-1.066316272322655e-11
-1.216117321397413e-11
-1.366646628182764e-11
-1.517872188540455e-11
-1.669761998332126e-11
-1.822284053419430e-11
-1.975406349664080e-11
-2.129096882927733e-11
-2.283323649072022e-11
-2.438054643958701e-11
-2.593257863449405e-11
-2.748901303405809e-11
-2.904952959689567e-11
-3.061380828162393e-11
-3.218152904685922e-11
-3.375237185121849e-11
-3.532601665331866e-11
-3.690214341177631e-11
-3.848043208520796e-11
-4.006056263223076e-11
-4.164221501146106e-11
-4.322506918151580e-11
-4.480880510101192e-11
-4.639310272856597e-11
-4.797764202279449e-11
-4.956210294231444e-11
-5.114616544574275e-11
-5.272950949169576e-11
-5.431181503879062e-11
-5.589276204564388e-11
-5.747203047087208e-11
-5.904930027309218e-11
-6.062425141092108e-11
-6.219656384297518e-11
-6.376591752787159e-11
-6.533199242422686e-11
-6.689446849065774e-11
-6.845302568578059e-11
-7.000734396821291e-11
-7.155710329657109e-11
-7.310198362947165e-11
-7.464166492553173e-11
-7.617582714336789e-11
-7.770415024159649e-11
-7.922631417883504e-11
-8.074199891369988e-11
-8.225088440480761e-11
-8.375265061077530e-11
-8.524697749021936e-11
-8.673354500175670e-11
-8.821203310400426e-11
-8.968212175557860e-11
-9.114349091509627e-11
-9.259582054117439e-11
-9.403879059242933e-11
-9.547208102747804e-11
-9.689537180493742e-11
-9.830834288342404e-11
-9.971067422155447e-11
-1.011020457779458e-10
-1.024821375112145e-10
-1.038506293799775e-10
-1.052072013428513e-10
-1.065515333584530e-10
-1.078833053853992e-10
-1.092021973823064e-10
-1.105078893077915e-10
-1.118000611204715e-10
-1.130783927789628e-10
-1.143425642418824e-10
-1.155922554678469e-10
-1.168271464154729e-10
-1.180469170433773e-10
-1.192512473101771e-10
-1.204398171744886e-10
-1.216123065949289e-10
-1.227683955301145e-10
-1.239077639386622e-10
-1.250300917791887e-10
-1.261350590103111e-10
-1.272223455906456e-10
-1.282916314788094e-10
-1.293425966334190e-10
-1.303749210130910e-10
-1.313882845764426e-10
-1.323823672820902e-10
-1.333568490886506e-10
-1.343114099547407e-10
-1.352457298389771e-10
-1.361594886999764e-10
-1.370523664963556e-10
-1.379240431867314e-10
-1.387741987297205e-10
-1.396025130839396e-10
-1.404086662080056e-10
-1.411923380605350e-10
-1.419532086001446e-10
-1.426909577854514e-10
-1.434052655750720e-10
-1.440958119276229e-10
-1.447622768017213e-10
-1.454043401559835e-10
-1.460216819490265e-10
-1.466139821394671e-10
-1.471809206859219e-10
-1.477221775470076e-10
-1.482374326813410e-10
-1.487263660475390e-10
-1.491886576042181e-10
-1.496239873099952e-10
-1.500320351234870e-10
-1.504124810033103e-10
-1.507650049080817e-10
-1.510892867964181e-10
-1.513850066269361e-10
-1.516518443582526e-10
-1.518894799489843e-10
-1.520975933577478e-10
-1.522758645431600e-10
-1.524239734638377e-10
-1.525416000783974e-10
-1.526284243454561e-10
-1.526841262236304e-10
-1.527083856715371e-10
-1.527008826477929e-10
-1.526612971110146e-10
-1.525893090198188e-10
-1.524845983328225e-10
-1.523468450086422e-10
-1.521757290058948e-10
-1.519709302831970e-10
-1.517321287991656e-10
-1.514590045124171e-10
-1.511512373815686e-10
-1.508085073652366e-10
-1.504304944220379e-10
-1.500168785105894e-10
-1.495673395895075e-10
-1.490815576174092e-10
-1.485592125529112e-10
-1.479999843546303e-10
-1.474035529811832e-10
-1.467695983911865e-10
-1.460978005432572e-10
-1.453878393960118e-10
-1.446393949080672e-10
-1.438521470380402e-10
-1.430257757445474e-10
-1.421599609862055e-10
-1.412543827216315e-10
-1.403087209094418e-10
-1.393226555082534e-10
-1.382958664766830e-10
-1.372280337733474e-10
-1.361188373568631e-10
-1.349679571858471e-10
-1.337750732189160e-10
-1.325398654146865e-10
-1.312620137317758e-10
-1.299411981288000e-10
-1.285770985643760e-10
-1.271693949971209e-10
-1.257177673856511e-10
-1.242218956885834e-10
-1.226814598645348e-10
-1.210961398721219e-10
-1.194656156699612e-10
-1.177895672166696e-10
-1.160676744708641e-10
-1.142996173911610e-10
-1.124850759361775e-10
-1.106237300645301e-10
-1.087152597348354e-10
-1.067593449057102e-10
-1.047556655357717e-10
-1.027039015836360e-10
-1.006037330079203e-10
-9.845483976724135e-11
-9.625690182021538e-11
-9.400959912545948e-11
-9.171261164159075e-11
-8.936561932722551e-11
-8.696830214098030e-11
-8.452034004147246e-11
-8.202141298731808e-11
-7.947120093713423e-11
-7.686938384953803e-11
-7.421564168314584e-11
-7.150965439657412e-11
-6.875110194843988e-11
-6.593966429736022e-11
-6.307502140195123e-11
-6.015685322083004e-11
-5.718483971261405e-11
-5.415866083591859e-11
-5.107799654936108e-11
-4.794252681155826e-11
-4.475193158112779e-11
-4.150589081668467e-11
-3.820408447684693e-11
-3.484619252023057e-11
-3.143189490545256e-11
-2.796087159112978e-11
-2.443280253587889e-11
-2.084736769831767e-11
-1.720424703706135e-11
-1.350312051072684e-11
-9.743668077931194e-12
-5.925569697291174e-12
-2.048505327423635e-12
1.887762276459746e-12
5.881566037484480e-12
9.929334557109944e-12
1.402741364020081e-11
1.817214909162224e-11
2.235988671623941e-11
2.658697231891588e-11
3.084975170452001e-11
3.514457067791538e-11
3.946777504396714e-11
4.381571060754048e-11
4.818472317350057e-11
5.257115854671091e-11
5.697136253203998e-11
6.138168093435130e-11
6.579845955851001e-11
7.021804420938131e-11
7.463678069182980e-11
7.905101481072177e-11
8.345709237092070e-11
8.785135917729399e-11
9.223016103470570e-11
9.658984374802100e-11
1.009267531221045e-10
1.052372349618225e-10
1.095176350720385e-10
1.137642992576198e-10
1.179735733234305e-10
1.221418030743359e-10
1.262653343152004e-10
1.303405128508905e-10
1.343636844862696e-10
1.383311950262050e-10
1.422393902755608e-10
1.460846160392022e-10
1.498632181219939e-10
1.535715423288020e-10
1.572059344644903e-10
1.607627403339258e-10
1.642383057419727e-10
1.676289764934963e-10
1.709310983933612e-10
1.741410172464334e-10
1.772550788575777e-10
1.802696290316586e-10
1.831810135735427e-10
1.859855782880940e-10
1.886796689801789e-10
1.912596314546610e-10
1.937218115164062e-10
1.960625549702797e-10
1.982782076211467e-10
2.003651152738729e-10
2.023196237333223e-10
2.041380788043612e-10
2.058168262918537e-10
2.073522120006652e-10
2.087405817356619e-10
2.099782813017079e-10
2.110616565036689e-10
2.119870531464097e-10
2.127508170347957e-10
2.133492939736919e-10
2.137788297679637e-10
2.140357702224761e-10
2.141164611420944e-10
2.140172483316835e-10
2.137344775961089e-10
2.132644947402355e-10
2.126036455689287e-10
2.117482758870536e-10
2.106947314994750e-10
2.094393582110587e-10
2.079785018266696e-10
2.063085081511723e-10
2.044257229894335e-10
2.023264921463164e-10
2.000071614266876e-10
1.974640766354119e-10
1.946935835773536e-10
1.916920280573793e-10
1.884557558803535e-10
1.849811128511416e-10
1.812644447746074e-10
1.773020974556183e-10
1.730904166990382e-10
1.686257483097315e-10
1.639044380925666e-10
1.589228318524040e-10
1.536772753941124e-10
1.481641145225559e-10
1.423796950425982e-10
1.363203627591072e-10
1.299824634769468e-10
1.233623430009821e-10
1.164563471360765e-10
1.092608216870987e-10
1.017721124589121e-10
9.398656525637998e-11
8.590052588437119e-11
7.751034014774924e-11
6.881235385137920e-11
5.980291280012623e-11
5.047836279885313e-11
4.083504965242961e-11
3.086931916571618e-11
2.057751714358570e-11
9.955989390895416e-12
-9.989077479693356e-13
-1.228611066666678e-11
-2.389245443804742e-11
-3.580285633264778e-11
-4.800223362101310e-11
-6.047550357368571e-11
-7.320758346120801e-11
-8.618339055412562e-11
-9.938784212297437e-11
-1.128058554383033e-10
-1.264223477706445e-10
-1.402222363905505e-10
-1.541904385685639e-10
-1.683118715752200e-10
-1.825714526810682e-10
-1.969540991566437e-10
-2.114447282724924e-10
-2.260282572991568e-10
-2.406896035071791e-10
-2.554136841671054e-10
-2.701854165494707e-10
-2.849897179248247e-10
-2.998115055637023e-10
-3.146356967366461e-10
-3.294472087142093e-10
-3.442309587669234e-10
-3.589718641653378e-10
-3.736548421799878e-10
-3.882648100814193e-10
-4.027866851401746e-10
-4.172053846267961e-10
-4.315058258118300e-10
-4.456729259658111e-10
-4.596916023592890e-10
-4.735467722627990e-10
-4.872233529468837e-10
-5.007062616820955e-10
-5.139804157389668e-10
-5.270307323880462e-10
-5.398421288998700e-10
-5.523995225449834e-10
-5.646878305939321e-10
-5.766919703172492e-10
-5.883968589854892e-10
-5.997874138691854e-10
-6.108485522388832e-10
-6.215651913651275e-10
-6.319222485184555e-10
-6.419046409694123e-10
-6.514972859885400e-10
-6.606851008463832e-10
-6.694530028134799e-10
-6.777859091603747e-10
-6.856687371576118e-10
-6.930864040757280e-10
-7.000238271852728e-10
-7.064659237567835e-10
-7.123976110608039e-10
-7.178038063678780e-10
-7.226694269485451e-10
-7.269793900733493e-10
-7.307186130128328e-10
-7.338720130375386e-10
-7.364245074180075e-10
-7.383610134247830e-10
-7.396664483284073e-10
-7.403257293994224e-10
-7.403237739083708e-10
-7.396454991257950e-10
-7.382758223222376e-10
-7.361996607682400e-10
-7.334019317343457e-10
-7.298675524910956e-10
-7.255814403090351e-10
-7.205285124587021e-10
-7.146936862106427e-10
-7.080618788353980e-10
-7.006180076035082e-10
-6.923469897855198e-10
-6.832337426519729e-10
-6.732631834734101e-10
-6.624202295203740e-10
-6.506897980634034e-10
-6.380568063730468e-10
-6.245061717198403e-10
-6.100228113743368e-10
-5.945916426070678e-10
-5.781975826885753e-10
-5.608255488894099e-10
-5.424604584801048e-10
-5.230872287312118e-10
-5.026907769132690e-10
-4.812560202968187e-10
-4.587678761524029e-10
-4.352112617505581e-10
-4.105710943618386e-10
-3.848322912567747e-10
-3.579797697059208e-10
-3.299984469798205e-10
-3.008732403489953e-10
-2.705890670840080e-10
-2.391308444553864e-10
-2.064834897336884e-10
-1.726319201894491e-10
-1.375610530932101e-10
-1.012558057155141e-10
-6.370109532689390e-11
-2.488183919791117e-11
1.521704540091219e-11
5.659690570102917e-11
9.915757501912350e-11
1.427533878348405e-10
1.872384640106043e-10
2.324669234088938e-10
2.782928858921429e-10
3.245704713228197e-10
3.711537995633922e-10
4.178969904762822e-10
4.646541639239931e-10
5.112794397689462e-10
5.576269378736218e-10
6.035507781004528e-10
6.489050803119080e-10
6.935439643704437e-10
7.373215501385167e-10
7.800919574785941e-10
8.217093062531113e-10
8.620277163245355e-10
9.009013075553331e-10
9.381841998079320e-10
9.737305129448264e-10
1.007394366828445e-09
1.039029881321254e-09
1.068491176285717e-09
1.095632371584276e-09
1.120307587079395e-09
1.142370942633531e-09
1.161676558109145e-09
1.178078553368684e-09
1.191431048274610e-09
1.201588162689381e-09
1.208404016475449e-09
1.211732729495274e-09
1.211428421611312e-09
1.207345212686020e-09
1.199337222581852e-09
1.187258571161269e-09
1.170963378286721e-09
1.150305763820679e-09
1.125139847625578e-09
1.095319749563892e-09
1.060699589498073e-09
1.021133487290567e-09
9.764755628038490e-10
9.265799359003675e-10
8.713007264425787e-10
8.104920542929397e-10
7.440080393138894e-10
6.717028013679176e-10
5.934304603174448e-10
5.090451360249894e-10
4.184009483529457e-10
3.213520171637664e-10
2.178414113043245e-10
1.090197710331704e-10
-3.091986527985076e-12
-1.164537312769177e-10
-2.290253331112630e-10
-3.387666619288270e-10
-4.436375876273272e-10
-5.415979801044317e-10
-6.306077092579091e-10
-7.086266449854350e-10
-7.736146571847393e-10
-8.235316157535863e-10
-8.563373905896528e-10
-8.699918515906752e-10
-8.624548686543669e-10
-8.316863116784546e-10
-7.756460505606591e-10
-6.922939551987007e-10
-5.795898954902684e-10
-4.354937413331388e-10
-2.579653626249601e-10
-4.496462926354039e-11
2.055485888533718e-10
4.956144218282586e-10
8.272729997631959e-10
1.202564452760631e-09
1.623528910922655e-09
2.092015912826209e-09
2.606176554917425e-09
3.160808295161473e-09
3.750587167844330e-09
4.370189207250992e-09
5.014290447667190e-09
5.677566923378024e-09
6.354694668669077e-09
7.040349717825773e-09
7.729208105133539e-09
8.415945864877969e-09
9.095239031344143e-09
9.761763638817658e-09
1.041019572158410e-08
1.103521131392841e-08
1.163148645013664e-08
1.219369716449375e-08
1.271651949128533e-08
1.319462946479690e-08
1.362270311931366e-08
1.399541648912116e-08
1.430744560850481e-08
1.455346651175010e-08
1.472815523314233e-08
1.482618780696699e-08
1.484224026750949e-08
1.477098864905530e-08
1.460786028114111e-08
1.437041220926097e-08
1.410141676137153e-08
1.384501797184860e-08
1.364535987506817e-08
1.354658650540604e-08
1.359284189723809e-08
1.382827008494024e-08
1.429701510288827e-08
1.504322098545807e-08
1.611103176702581e-08
1.754459148196682e-08
1.938804416465721e-08
2.168553384947283e-08
2.448120457078955e-08
2.781920036298413e-08
3.174366526043079e-08
3.629874329750736e-08
4.152857850858605e-08
4.747731492804639e-08
5.418909659026480e-08
6.170806752961379e-08
7.007837178047300e-08
7.934415337721413e-08
8.954955635421504e-08
1.007387247458516e-07
1.129558025864996e-07
1.262457696376453e-07
1.406946389399439e-07
1.564472759036435e-07
1.736530914322922e-07
1.924614964294448e-07
2.130219017986719e-07
2.354837184435148e-07
2.599963572675405e-07
2.867092291742929e-07
3.157717450673337e-07
3.473333158502187e-07
3.815433524265040e-07
4.185512656997551e-07
4.585064665735092e-07
5.017093755202215e-07
5.495116474187890e-07
6.037118827262064e-07
6.661103201661057e-07
7.385071984620318e-07
8.227027563376100e-07
9.204972325163869e-07
1.033690865721971e-06
1.164083894677950e-06
1.313476558107912e-06
1.483669094735491e-06
1.676461743284191e-06
1.893654742477698e-06
2.137086820226906e-06
2.412278682478955e-06
2.731429617676138e-06
3.107444183075074e-06
3.553226935932505e-06
4.081682433504833e-06
4.705715233048778e-06
5.438296642630593e-06
6.293910943040328e-06
7.288543103880992e-06
8.438242388729667e-06
9.759058061164355e-06
1.126703938476323e-05
1.297823562310332e-05
1.491496359470432e-05
1.715764242052153e-05
1.981818292104712e-05
2.300880704966709e-05
2.684173675976936e-05
3.142919400474250e-05
3.688340073797005e-05
4.334457476559991e-05
5.107944653611381e-05
6.039046620641497e-05
7.158826493033947e-05
8.511971825515009e-05
1.015441592981413e-04
1.214244364668341e-04
1.453605925222115e-04
1.740386232851884e-04
2.081566288567310e-04
2.485547915436633e-04
2.971181176711273e-04
3.561978594130011e-04
4.281592485177658e-04
5.157874158075446e-04
6.224490177341910e-04
7.520972729098798e-04
9.087762262121994e-04
1.095794511364190e-03
1.319394018699594e-03
1.590221633202815e-03
1.915156193288734e-03
2.301075753294198e-03
2.757359082981808e-03
3.297850184129766e-03
3.928546207891024e-03
4.657732575150148e-03
5.493153018803869e-03
6.441982377340224e-03
7.510764513778264e-03
8.705372331143680e-03
1.003097421745978e-02
1.149198973700605e-02
1.309201255922264e-02
1.483367001588406e-02
1.671838482063047e-02
1.874599049045752e-02
2.091413121794046e-02
2.321736977800741e-02
2.564591580445884e-02
2.818391179108855e-02
3.080736181923700e-02
3.348195031657518e-02
3.616128650797771e-02
3.878633547554720e-02
4.128655298905051e-02
4.359013692645181e-02
4.561027430124405e-02
4.727378522228072e-02
4.852320503417584e-02
4.933023458623682e-02
4.968863245443302e-02
4.961900108598001e-02
4.916611888633102e-02
4.839280268754646e-02
4.736964410986519e-02
4.617114993606655e-02
4.486497670089777e-02
4.350856172347324e-02
4.214584630469997e-02
4.081057068267720e-02
3.952575612227761e-02
3.830545142853262e-02
3.715738824622454e-02
3.608624488866270e-02
3.509140845547262e-02
3.416825121245331e-02
3.331382337065357e-02
3.252478939066612e-02
3.179610565886409e-02
3.112516642042229e-02
3.051104815416031e-02
2.994877746541629e-02
2.943179569851194e-02
2.895361379844804e-02
2.850969275181851e-02
2.809760926575533e-02
2.771504623694102e-02
2.735995349319124e-02
2.703111506854864e-02
2.672747751136895e-02
2.644792069757406e-02
2.619062862528385e-02
2.595337128800549e-02
2.573391319209468e-02
2.553001884390717e-02
2.533945274979882e-02
2.515997941612537e-02
2.498961110390550e-02
2.482760205610876e-02
2.467359487320529e-02
2.452723228772812e-02
2.438815703221016e-02
2.425601183918445e-02
2.413043939233200e-02
2.401106170798260e-02
2.389744814458768e-02
2.378915979640452e-02
2.368575775769051e-02
2.358680312270293e-02
2.349185698569911e-02
2.340048281976096e-02
2.331234770536582e-02
2.322726013114524e-02
2.314503875473662e-02
2.306550223377748e-02
2.298846922590527e-02
2.291375838875740e-02
2.284119072332515e-02
2.277062102456666e-02
2.270192946770871e-02
2.263499684523228e-02
2.256970394961836e-02
2.250593157334790e-02
2.244356050890187e-02
2.238247703372723e-02
2.232260341514090e-02
2.226387642912241e-02
2.220623289171760e-02
2.214960961897229e-02
2.209394342693237e-02
2.203917113289407e-02
2.198523490290314e-02
2.193209448964982e-02
2.187971325500489e-02
2.182805456083915e-02
2.177708176902335e-02
2.172675824142831e-02
2.167704739273281e-02
2.162791693784642e-02
2.157934200494865e-02
2.153129845612713e-02
2.148376215346947e-02
2.143670895906329e-02
2.139011473499622e-02
2.134395586539251e-02
2.129821959231473e-02
2.125290341341992e-02
2.120800522780986e-02
2.116352293458640e-02
2.111945443285134e-02
2.107579762170651e-02
2.103254952578263e-02
2.098969955857299e-02
2.094723321464484e-02
2.090513595617759e-02
2.086339324535066e-02
2.082199054434348e-02
2.078091331533545e-02
2.074014702050603e-02
2.069967712203458e-02
2.065948908210056e-02
2.061956836288338e-02
2.057990042656245e-02
2.054047073531720e-02
2.050126477264881e-02
2.046227220210975e-02
2.042349185173647e-02
2.038492376489132e-02
2.034656798493661e-02
2.030842455523464e-02
2.027049351914776e-02
2.023277492003828e-02
2.019526880126850e-02
2.015797520620075e-02
2.012089417819734e-02
2.008402576062060e-02
2.004736999683282e-02
2.001092693019637e-02
1.997469648336824e-02
1.993867715437493e-02
1.990286651184629e-02
1.986726210845376e-02
1.983186149686881e-02
1.979666222976285e-02
1.976166185980735e-02
1.972685793967373e-02
1.969224802203345e-02
1.965782965955796e-02
1.962360040491868e-02
1.958955781078708e-02
1.955569942983460e-02
1.952202281515009e-02
1.948852586720006e-02
1.945520746372680e-02
1.942206665307400e-02
1.938910248358534e-02
1.935631400360453e-02
1.932370026147523e-02
1.929126030554113e-02
1.925899318414594e-02
1.922689794563333e-02
1.919497363834701e-02
1.916321931063065e-02
1.913163401082793e-02
1.910021678728256e-02
1.906896666704089e-02
1.903788232465219e-02
1.900696214490000e-02
1.897620450396807e-02
1.894560777804015e-02
1.891517034329999e-02
1.888489057593136e-02
1.885476685211799e-02
1.882479754804366e-02
1.879498103989212e-02
1.876531570384709e-02
1.873579991609236e-02
1.870643205281166e-02
1.867721049020458e-02
1.864813417318941e-02
1.861920411819550e-02
1.859042181316031e-02
1.856178874602126e-02
1.853330640471578e-02
1.850497627718130e-02
1.847679985135526e-02
1.844877861517508e-02
1.842091405657820e-02
1.839320766350205e-02
1.836566092388405e-02
1.833827532566165e-02
1.831105235677227e-02
1.828399342598904e-02
1.825709800981002e-02
1.823036358840759e-02
1.820378754997553e-02
1.817736728270761e-02
1.815110017479759e-02
1.812498361443923e-02
1.809901498982629e-02
1.807319168915255e-02
1.804751110061174e-02
1.802197061239766e-02
1.799656761270405e-02
1.797129948972467e-02
1.794616363165331e-02
1.792115742668371e-02
1.789627826300964e-02
1.787152352882486e-02
1.784689061232314e-02
1.782237690169823e-02
1.779797978514391e-02
1.777369665085394e-02
1.774952488702207e-02
1.772546188184208e-02
1.770150502350772e-02
1.767765170021275e-02
1.765389930015095e-02
1.763024521151608e-02
1.760668684796241e-02
1.758322261292179e-02
1.755985219558213e-02
1.753657537106059e-02
1.751339191447432e-02
1.749030160094048e-02
1.746730420557623e-02
1.744439950349871e-02
1.742158726982509e-02
1.739886727967251e-02
1.737623930815815e-02
1.735370313039913e-02
1.733125852151264e-02
1.730890525661582e-02
1.728664311082582e-02
1.726447185925980e-02
1.724239127703492e-02
1.722040113926832e-02
1.719850122107718e-02
1.717669129757863e-02
1.715497114388985e-02
1.713334053512796e-02
1.711179924641015e-02
1.709034705285356e-02
1.706898372957535e-02
1.704770905169267e-02
1.702652279432267e-02
1.700542473517055e-02
1.698441483333112e-02
1.696349334519107e-02
1.694266055469441e-02
1.692191674578510e-02
1.690126220240717e-02
1.688069720850459e-02
1.686022204802137e-02
1.683983700490150e-02
1.681954236308897e-02
1.679933840652779e-02
1.677922541916194e-02
1.675920368493542e-02
1.673927348779223e-02
1.671943511167636e-02
1.669968884053180e-02
1.668003495830256e-02
1.666047374893262e-02
1.664100549636598e-02
1.662163048454664e-02
1.660234899741860e-02
1.658316131892583e-02
1.656406773301235e-02
1.654506852362214e-02
1.652616397469921e-02
1.650735437018754e-02
1.648863999403113e-02
1.647002112777981e-02
1.645149767617868e-02
1.643306875988293e-02
1.641473340170846e-02
1.639649062447121e-02
1.637833945098711e-02
1.636027890407207e-02
1.634230800654204e-02
1.632442578121294e-02
1.630663125090069e-02
1.628892343842123e-02
1.627130136659047e-02
1.625376405822435e-02
1.623631053613879e-02
1.621893982314973e-02
1.620165094207308e-02
1.618444291572478e-02
1.616731476692075e-02
1.615026551847692e-02
1.613329419320922e-02
1.611639981393357e-02
1.609958140346591e-02
1.608283798462215e-02
1.606616858021823e-02
1.604957221307008e-02
1.603304790599361e-02
1.601659468180477e-02
1.600021156331947e-02
1.598389757335364e-02
1.596765173472322e-02
1.595147307024412e-02
1.593536060273227e-02
1.591931335500361e-02
1.590333034987406e-02
1.588741061015955e-02
1.587155315867599e-02
1.585575701823934e-02
1.584002121166549e-02
1.582434476177040e-02
1.580872669136998e-02
1.579316602328015e-02
1.577766178031686e-02
1.576221298529602e-02
1.574681866103356e-02
1.573147783034541e-02
1.571618951604751e-02
1.570095274095576e-02
1.568576652788610e-02
1.567062989965446e-02
1.565554187907677e-02
1.564050148896895e-02
1.562550775214694e-02
1.561055969142665e-02
1.559565632962401e-02
1.558079668957393e-02
1.556597996969297e-02
1.555120597313689e-02
1.553647463315917e-02
1.552178588301333e-02
1.550713965595283e-02
1.549253588523119e-02
1.547797450410188e-02
1.546345544581841e-02
1.544897864363425e-02
1.543454403080291e-02
1.542015154057788e-02
1.540580110621264e-02
1.539149266096070e-02
1.537722613807554e-02
1.536300147081065e-02
1.534881859241953e-02
1.533467743615565e-02
1.532057793527254e-02
1.530652002302366e-02
1.529250363266251e-02
1.527852869744259e-02
1.526459515061739e-02
1.525070292544039e-02
1.523685195516510e-02
1.522304217304499e-02
1.520927351233357e-02
1.519554590628432e-02
1.518185928815075e-02
1.516821359118633e-02
1.515460874864456e-02
1.514104469377894e-02
1.512752135984294e-02
1.511403868009008e-02
1.510059658777383e-02
1.508719501614770e-02
1.507383389846516e-02
1.506051316797972e-02
1.504723275794487e-02
1.503399260161409e-02
1.502079263224088e-02
1.500763278307874e-02
1.499451298738114e-02
1.498143317840160e-02
1.496839328939358e-02
1.495539325361060e-02
1.494243300430613e-02
1.492951247473368e-02
1.491663159814673e-02
1.490379030779878e-02
1.489098853694332e-02
1.487822621883383e-02
1.486550328672382e-02
1.485281967386676e-02
1.484017531351617e-02
1.482757014829852e-02
1.481500417557540e-02
1.480247741252010e-02
1.478998987633327e-02
1.477754158421555e-02
1.476513255336757e-02
1.475276280098998e-02
1.474043234428341e-02
1.472814120044850e-02
1.471588938668589e-02
1.470367692019621e-02
1.469150381818011e-02
1.467937009783823e-02
1.466727577637119e-02
1.465522087097964e-02
1.464320539886423e-02
1.463122937722558e-02
1.461929282326434e-02
1.460739575418113e-02
1.459553818717661e-02
1.458372013945141e-02
1.457194162820617e-02
1.456020267064153e-02
1.454850328395813e-02
1.453684348535659e-02
1.452522329203757e-02
1.451364272120169e-02
1.450210179004961e-02
1.449060051578195e-02
1.447913891559936e-02
1.446771700670248e-02
1.445633480629193e-02
1.444499233156836e-02
1.443368959973242e-02
1.442242662798473e-02
1.441120343352593e-02
1.440002003355667e-02
1.438887644527758e-02
1.437777268588930e-02
1.436670877259247e-02
1.435568472258773e-02
1.434470055307571e-02
1.433375628125706e-02
1.432285192433241e-02
1.431198749950240e-02
1.430116302396767e-02
1.429037851492885e-02
1.427963398958659e-02
1.426892946514153e-02
1.425826495879429e-02
1.424764048774553e-02
1.423705606919587e-02
1.422651172034597e-02
1.421600745839645e-02
1.420554328569817e-02
1.419511905129861e-02
1.418473451380447e-02
1.417438943065350e-02
1.416408355928349e-02
1.415381665713217e-02
1.414358848163733e-02
1.413339879023673e-02
1.412324734036812e-02
1.411313388946929e-02
1.410305819497798e-02
1.409302001433197e-02
1.408301910496901e-02
1.407305522432688e-02
1.406312812984333e-02
1.405323757895614e-02
1.404338332910307e-02
1.403356513772187e-02
1.402378276225032e-02
1.401403596012617e-02
1.400432448878721e-02
1.399464810567117e-02
1.398500656821584e-02
1.397539963385898e-02
1.396582706003835e-02
1.395628860419171e-02
1.394678402375684e-02
1.393731307617149e-02
1.392787551887342e-02
1.391847110930041e-02
1.390909960489022e-02
1.389976076308061e-02
1.389045434130934e-02
1.388118009701419e-02
1.387193778763291e-02
1.386272717060327e-02
1.385354800336303e-02
1.384440004334996e-02
1.383528304800183e-02
1.382619677475638e-02
1.381714098105140e-02
1.380811542432465e-02
1.379911986201388e-02
1.379015405155687e-02
1.378121775039138e-02
1.377231071595517e-02
1.376343270568601e-02
1.375458347702166e-02
1.374576278739989e-02
1.373697039425845e-02
1.372820605503513e-02
1.371946952716767e-02
1.371076056809384e-02
1.370207893525141e-02
1.369342438607815e-02
1.368479667801181e-02
1.367619556849016e-02
1.366762081495097e-02
1.365907217483200e-02
1.365054940557101e-02
1.364205226460577e-02
1.363358050937404e-02
1.362513389731359e-02
1.361671218586218e-02
1.360831513245758e-02
1.359994249453755e-02
1.359159402953985e-02
1.358326949490225e-02
1.357496864806252e-02
1.356669124645841e-02
1.355843704752770e-02
1.355020580870814e-02
1.354199728743750e-02
1.353381124115356e-02
1.352564742729405e-02
1.351750560329677e-02
1.350938552659946e-02
1.350128695463989e-02
1.349320964485584e-02
1.348515335468505e-02
1.347711784156530e-02
1.346910286293435e-02
1.346110817622996e-02
1.345313353888991e-02
1.344517870835195e-02
1.343724344205384e-02
1.342932749743336e-02
1.342143063192826e-02
1.341355260297632e-02
1.340569316801529e-02
1.339785208448294e-02
1.339002910981704e-02
1.338222400145534e-02
1.337443651683562e-02
1.336666641339563e-02
1.335891344857315e-02
1.335117737980593e-02
1.334345796453174e-02
1.333575496018835e-02
1.332806812421351e-02
1.332039721404500e-02
1.331274198712058e-02
1.330510220087801e-02
1.329747761275506e-02
1.328986798018948e-02
1.328227306061906e-02
1.327469261148154e-02
1.326712639021470e-02
1.325957415599143e-02
1.325203576061469e-02
1.324451119322638e-02
1.323700045408238e-02
1.322950354343857e-02
1.322202046155083e-02
1.321455120867504e-02
1.320709578506709e-02
1.319965419098285e-02
1.319222642667821e-02
1.318481249240905e-02
1.317741238843125e-02
1.317002611500070e-02
1.316265367237326e-02
1.315529506080484e-02
1.314795028055131e-02
1.314061933186854e-02
1.313330221501243e-02
1.312599893023885e-02
1.311870947780369e-02
1.311143385796283e-02
1.310417207097214e-02
1.309692411708752e-02
1.308968999656483e-02
1.308246970965998e-02
1.307526325662883e-02
1.306807063772726e-02
1.306089185321117e-02
1.305372690333643e-02
1.304657578835892e-02
1.303943850853452e-02
1.303231506411913e-02
1.302520545536861e-02
1.301810968253885e-02
1.301102774588573e-02
1.300395964566514e-02
1.299690538213296e-02
1.298986495554505e-02
1.298283836615732e-02
1.297582561422564e-02
1.296882670000590e-02
1.296184162375397e-02
1.295487038572573e-02
1.294791298617707e-02
1.294096942536387e-02
1.293403970354201e-02
1.292712382096738e-02
1.292022177789585e-02
1.291333357458331e-02
1.290645921128563e-02
1.289959868825871e-02
1.289275200575841e-02
1.288591916404064e-02
1.287910016336125e-02
1.287229500397614e-02
1.286550368614120e-02
1.285872621011229e-02
1.285196257614531e-02
1.284521278449613e-02
1.283847683542064e-02
1.283175472917471e-02
1.282504646601423e-02
1.281835204619509e-02
1.281167146997316e-02
1.280500473760432e-02
1.279835184934446e-02
1.279171280544945e-02
1.278508760617519e-02
1.277847625177755e-02
1.277187874251241e-02
1.276529507863566e-02
1.275872526040318e-02
1.275216928807084e-02
1.274562716189454e-02
1.273909888213015e-02
1.273258444903355e-02
1.272608386286062e-02
1.271959712386726e-02
1.271312423230933e-02
1.270666518844273e-02
1.270021999252333e-02
1.269378864480701e-02
1.268737114554966e-02
1.268096749500716e-02
1.267457769343539e-02
1.266820174109023e-02
1.266183963822756e-02
1.265549138510327e-02
1.264915698197323e-02
1.264283642909334e-02
1.263652972671946e-02
1.263023687510749e-02
1.262395787451330e-02
1.261769272519277e-02
1.261144142740180e-02
1.260520398139625e-02
1.259898038743202e-02
1.259277064576497e-02
1.258657475665101e-02
1.258039272034599e-02
1.257422453710582e-02
1.256807020718637e-02
1.256192973084351e-02
1.255580310833314e-02
1.254969033991114e-02
1.254359142583338e-02
1.253750636635576e-02
1.253143516173414e-02
1.252537781222441e-02
1.251933431027208e-02
1.251330461708108e-02
1.250728868604501e-02
1.250128647055742e-02
1.249529792401189e-02
1.248932299980198e-02
1.248336165132129e-02
1.247741383196336e-02
1.247147949512177e-02
1.246555859419009e-02
1.245965108256190e-02
1.245375691363077e-02
1.244787604079026e-02
1.244200841743395e-02
1.243615399695541e-02
1.243031273274821e-02
1.242448457820592e-02
1.241866948672211e-02
1.241286741169035e-02
1.240707830650422e-02
1.240130212455728e-02
1.239553881924311e-02
1.238978834395528e-02
1.238405065208736e-02
1.237832569703291e-02
1.237261343218551e-02
1.236691381093874e-02
1.236122678668616e-02
1.235555231282134e-02
1.234989034273786e-02
1.234424082982928e-02
1.233860372748917e-02
1.233297898911112e-02
1.232736656808868e-02
1.232176641781544e-02
1.231617849168495e-02
1.231060274309080e-02
1.230503912542655e-02
1.229948759208578e-02
1.229394809646205e-02
1.228842059194893e-02
1.228290503194000e-02
1.227740136982883e-02
1.227190955900899e-02
1.226642955287405e-02
1.226096130481759e-02
1.225550476823316e-02
1.225005989651435e-02
1.224462664305472e-02
1.223920496124785e-02
1.223379480448731e-02
1.222839612616666e-02
1.222300887967948e-02
1.221763301841934e-02
1.221226849577981e-02
1.220691526515447e-02
1.220157327993687e-02
1.219624249352061e-02
1.219092285929923e-02
1.218561433066633e-02
1.218031686101546e-02
1.217503040374019e-02
1.216975491223411e-02
1.216449033989078e-02
1.215923664010377e-02
1.215399376626665e-02
1.214876167177300e-02
1.214354031001638e-02
1.213832963439036e-02
1.213312959828853e-02
1.212794015510444e-02
1.212276125823167e-02
1.211759286106379e-02
1.211243491699437e-02
1.210728737941698e-02
1.210215020172520e-02
1.209702333731259e-02
1.209190673957272e-02
1.208680036189917e-02
1.208170415768551e-02
1.207661808032531e-02
1.207154208321213e-02
1.206647611973956e-02
1.206142014330116e-02
1.205637410729050e-02
1.205133796510115e-02
1.204631167012669e-02
1.204129517576069e-02
1.203628843539671e-02
1.203129140242833e-02
1.202630403024912e-02
1.202132627225265e-02
1.201635808183249e-02
1.201139941238221e-02
1.200645021729538e-02
1.200151044996558e-02
1.199658006378638e-02
1.199165901215134e-02
1.198674724845404e-02
1.198184472608804e-02
1.197695139844693e-02
1.197206721892427e-02
1.196719214091362e-02
1.196232611780857e-02
1.195746910300269e-02
1.195262104988954e-02
1.194778191186269e-02
1.194295164231573e-02
1.193813019687364e-02
1.193331755873600e-02
1.192851372970036e-02
1.192371871191268e-02
1.191893250751892e-02
1.191415511866499e-02
1.190938654749686e-02
1.190462679616048e-02
1.189987586680179e-02
1.189513376156673e-02
1.189040048260126e-02
1.188567603205132e-02
1.188096041206285e-02
1.187625362478181e-02
1.187155567235414e-02
1.186686655692579e-02
1.186218628064270e-02
1.185751484565082e-02
1.185285225409611e-02
1.184819850812449e-02
1.184355360988192e-02
1.183891756151436e-02
1.183429036516774e-02
1.182967202298801e-02
1.182506253712111e-02
1.182046190971301e-02
1.181587014290963e-02
1.181128723885693e-02
1.180671319970086e-02
1.180214802758736e-02
1.179759172466238e-02
1.179304429307186e-02
1.178850573496175e-02
1.178397605247800e-02
1.177945524776656e-02
1.177494332297337e-02
1.177044028024438e-02
1.176594612172554e-02
1.176146084956278e-02
1.175698446590207e-02
1.175251697288934e-02
1.174805837267055e-02
1.174360866739163e-02
1.173916785919854e-02
1.173473595023722e-02
1.173031294265362e-02
1.172589883859369e-02
1.172149364020337e-02
1.171709734962861e-02
1.171270996901536e-02
1.170833150050956e-02
1.170396194625716e-02
1.169960130840410e-02
1.169524958909635e-02
1.169090679047982e-02
1.168657291470049e-02
1.168224796390429e-02
1.167793194023717e-02
1.167362484584508e-02
1.166932668287396e-02
1.166503745346976e-02
1.166075715977843e-02
1.165648580394591e-02
1.165222338811815e-02
1.164796991444110e-02
1.164372538506071e-02
1.163948980212291e-02
1.163526316777366e-02
1.163104548415891e-02
1.162683675342460e-02
1.162263697771667e-02
1.161844615918108e-02
1.161426429996378e-02
1.161009140221069e-02
1.160592746806779e-02
1.160177249968100e-02
1.159762649919629e-02
1.159348946875959e-02
1.158936141051685e-02
1.158524232661402e-02
1.158113221919704e-02
1.157703109041186e-02
1.157293894240444e-02
1.156885577732071e-02
1.156478159730662e-02
1.156071640450812e-02
1.155666020107115e-02
1.155261298914167e-02
1.154857477086562e-02
1.154454554838894e-02
1.154052532385758e-02
1.153651409941750e-02
1.153251187721463e-02
1.152851865939492e-02
1.152453444810432e-02
1.152055924548878e-02
1.151659305369424e-02
1.151263587486665e-02
1.150868771115196e-02
1.150474856469610e-02
1.150081843764504e-02
1.149689733214472e-02
1.149298525034108e-02
1.148908219438007e-02
1.148518816640763e-02
1.148130316856972e-02
1.147742720301228e-02
1.147356027188126e-02
1.146970237721256e-02
1.146585351252882e-02
1.146201365692204e-02
1.145818278808640e-02
1.145436088371608e-02
1.145054792150525e-02
1.144674387914811e-02
1.144294873433881e-02
1.143916246477156e-02
1.143538504814052e-02
1.143161646213987e-02
1.142785668446380e-02
1.142410569280648e-02
1.142036346486210e-02
1.141662997832482e-02
1.141290521088884e-02
1.140918914024833e-02
1.140548174409747e-02
1.140178300013044e-02
1.139809288604142e-02
1.139441137952459e-02
1.139073845827412e-02
1.138707409998420e-02
1.138341828234901e-02
1.137977098306272e-02
1.137613217981952e-02
1.137250185031359e-02
1.136887997223909e-02
1.136526652329023e-02
1.136166148116116e-02
1.135806482354608e-02
1.135447652813916e-02
1.135089657263458e-02
1.134732493472652e-02
1.134376159210916e-02
1.134020652247668e-02
1.133665970352326e-02
1.133312111294307e-02
1.132959072843031e-02
1.132606852767914e-02
1.132255448838375e-02
1.131904858823831e-02
1.131555080493700e-02
1.131206111617402e-02
1.130857949964352e-02
1.130510593303970e-02
1.130164039405673e-02
1.129818286038879e-02
1.129473330973007e-02
1.129129171977473e-02
1.128785806821697e-02
1.128443233275095e-02
1.128101449107086e-02
1.127760452087088e-02
1.127420239984519e-02
1.127080810568797e-02
1.126742161609339e-02
1.126404290875564e-02
1.126067196136889e-02
1.125730875162733e-02
1.125395325722513e-02
1.125060545585647e-02
1.124726532521554e-02
1.124393284299651e-02
1.124060798689356e-02
1.123729073460087e-02
1.123398106381262e-02
1.123067895222299e-02
1.122738437752616e-02
1.122409731741631e-02
1.122081774958762e-02
1.121754565173426e-02
1.121428100155042e-02
1.121102377673028e-02
1.120777395496801e-02
1.120453151395779e-02
1.120129643139381e-02
1.119806868497025e-02
1.119484825238127e-02
1.119163511132107e-02
1.118842923948382e-02
1.118523061456370e-02
1.118203921425489e-02
1.117885501625157e-02
1.117567799824793e-02
1.117250813793812e-02
1.116934541301635e-02
1.116618980117678e-02
1.116304128011360e-02
1.115989982752099e-02
1.115676542109312e-02
1.115363803852418e-02
1.115051765750834e-02
1.114740425573978e-02
1.114429781091269e-02
1.114119830072124e-02
1.113810570285961e-02
1.113501999502199e-02
1.113194115490254e-02
1.112886916019545e-02
1.112580398859490e-02
1.112274561779508e-02
1.111969402549014e-02
1.111664918937429e-02
1.111361108714170e-02
1.111057969648653e-02
1.110755499510299e-02
1.110453696068524e-02
1.110152557092747e-02
1.109852080352385e-02
1.109552263616856e-02
1.109253104655578e-02
1.108954601237970e-02
1.108656751133448e-02
1.108359552111432e-02
1.108063001941339e-02
1.107767098392587e-02
1.107471839234593e-02
1.107177222236777e-02
1.106883245168555e-02
1.106589905799346e-02
1.106297201898568e-02
1.106005131235638e-02
1.105713691579975e-02
1.105422880700996e-02
1.105132696368119e-02
1.104843136350763e-02
1.104554198418345e-02
1.104265880340284e-02
1.103978179885996e-02
1.103691094824901e-02
1.103404622926416e-02
1.103118761959958e-02
1.102833509694947e-02
1.102548863900799e-02
1.102264822346933e-02
1.101981382802767e-02
1.101698543037718e-02
1.101416300821205e-02
1.101134653922646e-02
1.100853600111458e-02
1.100573137157059e-02
1.100293262828868e-02
1.100013974896302e-02
1.099735271128780e-02
1.099457149295718e-02
1.099179607166536e-02
1.098902642510651e-02
1.098626253097480e-02
1.098350436696443e-02
1.098075191076956e-02
1.097800514008438e-02
1.097526403260307e-02
1.097252856601981e-02
1.096979871802877e-02
1.096707446632414e-02
1.096435578860009e-02
1.096164266255081e-02
1.095893506587047e-02
1.095623297625326e-02
1.095353637139334e-02
1.095084522898491e-02
1.094815952672214e-02
1.094547924229921e-02
1.094280435341030e-02
1.094013483774958e-02
1.093747067301125e-02
1.093481183688948e-02
1.093215830707844e-02
1.092951006127232e-02
1.092686707716530e-02
1.092422933245155e-02
1.092159680482526e-02
1.091896947198060e-02
1.091634731161176e-02
1.091373030141291e-02
1.091111841907823e-02
1.090851164230190e-02
1.090590994877810e-02
1.090331331620102e-02
1.090072172226483e-02
1.089813514466370e-02
1.089555356109183e-02
1.089297694924338e-02
1.089040528681254e-02
1.088783855149349e-02
1.088527672098040e-02
1.088271977296746e-02
1.088016768514884e-02
1.087762043521873e-02
1.087507800087131e-02
1.087254035980074e-02
1.087000748970122e-02
1.086747936826692e-02
1.086495597319203e-02
1.086243728217071e-02
1.085992327289716e-02
1.085741392306554e-02
1.085490921037004e-02
1.085240911250484e-02
1.084991360716413e-02
1.084742267204206e-02
1.084493628483283e-02
1.084245442323062e-02
1.083997706492961e-02
1.083750418762397e-02
1.083503576900788e-02
1.083257178677553e-02
1.083011221862109e-02
1.082765704223874e-02
1.082520623532267e-02
1.082275977556704e-02
1.082031764066605e-02
1.081787980831386e-02
1.081544625620467e-02
1.081301696203264e-02
1.081059190349196e-02
1.080817105881904e-02
1.080575441436359e-02
1.080334196272099e-02
1.080093369664726e-02
1.079852960889843e-02
1.079612969223054e-02
1.079373393939961e-02
1.079134234316167e-02
1.078895489627275e-02
1.078657159148888e-02
1.078419242156609e-02
1.078181737926040e-02
1.077944645732785e-02
1.077707964852446e-02
1.077471694560627e-02
1.077235834132929e-02
1.077000382844958e-02
1.076765339972314e-02
1.076530704790601e-02
1.076296476575422e-02
1.076062654602379e-02
1.075829238147077e-02
1.075596226485117e-02
1.075363618892102e-02
1.075131414643636e-02
1.074899613015321e-02
1.074668213282760e-02
1.074437214721556e-02
1.074206616607312e-02
1.073976418215631e-02
1.073746618822116e-02
1.073517217702370e-02
1.073288214131995e-02
1.073059607386594e-02
1.072831396741771e-02
1.072603581473128e-02
1.072376160856268e-02
1.072149134166795e-02
1.071922500680310e-02
1.071696259672417e-02
1.071470410418719e-02
1.071244952194819e-02
1.071019884276319e-02
1.070795205938822e-02
1.070570916457933e-02
1.070347015109252e-02
1.070123501168383e-02
1.069900373910930e-02
1.069677632612494e-02
1.069455276548680e-02
1.069233304995089e-02
1.069011717227324e-02
1.068790512520990e-02
1.068569690151687e-02
1.068349249395021e-02
1.068129189526592e-02
1.067909509822005e-02
1.067690209556861e-02
1.067471288006765e-02
1.067252744447319e-02
1.067034578154125e-02
1.066816788402787e-02
1.066599374468907e-02
1.066382335628089e-02
1.066165671155936e-02
1.065949380328049e-02
1.065733462420033e-02
1.065517916707490e-02
1.065302742466023e-02
1.065087938971235e-02
1.064873505498728e-02
1.064659441324106e-02
1.064445745722972e-02
1.064232417970928e-02
1.064019457343578e-02
1.063806863116524e-02
1.063594634565368e-02
1.063382770965716e-02
1.063171271593168e-02
1.062960135723328e-02
1.062749362631798e-02
1.062538951594183e-02
1.062328901886084e-02
1.062119212783104e-02
1.061909883560847e-02
1.061700913494915e-02
1.061492301860911e-02
1.061284047934439e-02
1.061076150991100e-02
1.060868610306498e-02
1.060661425156236e-02
1.060454594815917e-02
1.060248118561143e-02
1.060041995667518e-02
1.059836225410644e-02
1.059630807066124e-02
1.059425739909562e-02
1.059221023216559e-02
1.059016656262720e-02
1.058812638323646e-02
1.058608968674941e-02
1.058405646592208e-02
1.058202671351050e-02
1.058000042227069e-02
1.057797758495868e-02
1.057595819433051e-02
1.057394224314220e-02
1.057192972414978e-02
1.056992063010927e-02
1.056791495377672e-02
1.056591268790815e-02
1.056391382525958e-02
1.056191835858705e-02
1.055992628064658e-02
1.055793758419421e-02
1.055595226198596e-02
1.055397030677786e-02
1.055199171132594e-02
1.055001646838623e-02
1.054804457071476e-02
1.054607601106756e-02
1.054411078220066e-02
1.054214887687008e-02
1.054019028783185e-02
1.053823500784201e-02
1.053628302965658e-02
1.053433434603160e-02
1.053238894972309e-02
1.053044683348707e-02
1.052850799007959e-02
1.052657241225666e-02
1.052464009277431e-02
1.052271102438859e-02
1.052078519985551e-02
1.051886261193110e-02
1.051694325337140e-02
1.051502711693243e-02
1.051311419537022e-02
1.051120448144079e-02
1.050929796790019e-02
1.050739464750444e-02
1.050549451300956e-02
1.050359755717159e-02
1.050170377274655e-02
1.049981315249048e-02
1.049792568915940e-02
1.049604137550934e-02
1.049416020429633e-02
1.049228216827641e-02
1.049040726020559e-02
1.048853547283991e-02
1.048666679893539e-02
1.048480123124807e-02
1.048293876253398e-02
1.048107938554914e-02
1.047922309304959e-02
1.047736987779134e-02
1.047551973253044e-02
1.047367265002291e-02
1.047182862302477e-02
1.046998764429206e-02
1.046814970658081e-02
1.046631480264705e-02
1.046448292524680e-02
1.046265406713610e-02
1.046082822107096e-02
1.045900537980744e-02
1.045718553610154e-02
1.045536868270930e-02
1.045355481238675e-02
1.045174391788991e-02
1.044993599197483e-02
1.044813102739752e-02
1.044632901691401e-02
1.044452995328034e-02
1.044273382925254e-02
1.044094063758662e-02
1.043915037103863e-02
1.043736302236458e-02
1.043557858432052e-02
1.043379704966246e-02
1.043201841114644e-02
1.043024266152848e-02
1.042846979356462e-02
1.042669980001089e-02
1.042493267362330e-02
1.042316840715790e-02
1.042140699337071e-02
1.041964842501776e-02
1.041789269485508e-02
1.041613979563870e-02
1.041438972012464e-02
1.041264246106894e-02
1.041089801122763e-02
1.040915636335673e-02
1.040741751021227e-02
1.040568144455028e-02
1.040394815912680e-02
1.040221764669784e-02
1.040048990001945e-02
1.039876491184764e-02
1.039704267493845e-02
1.039532318204790e-02
1.039360642593203e-02
1.039189239934687e-02
1.039018109504843e-02
1.038847250579276e-02
1.038676662433588e-02
1.038506344343382e-02
1.038336295584261e-02
1.038166515431828e-02
1.037997003161685e-02
1.037827758049436e-02
1.037658779370684e-02
1.037490066401031e-02
1.037321618416080e-02
1.037153434691435e-02
1.036985514502697e-02
1.036817857125471e-02
1.036650461835358e-02
1.036483327907962e-02
1.036316454618886e-02
1.036149841243733e-02
1.035983487058105e-02
1.035817391337605e-02
1.035651553357837e-02
1.035485972394403e-02
1.035320647722906e-02
1.035155578618950e-02
1.034990764358136e-02
1.034826204216067e-02
1.034661897468348e-02
1.034497843390580e-02
1.034334041258367e-02
1.034170490347311e-02
1.034007189933015e-02
1.033844139291083e-02
1.033681337697116e-02
1.033518784426719e-02
1.033356478755494e-02
1.033194419959043e-02
1.033032607312970e-02
1.032871040092878e-02
1.032709717574369e-02
1.032548639033047e-02
1.032387803744514e-02
1.032227210984373e-02
1.032066860028227e-02
1.031906750151679e-02
1.031746880630333e-02
1.031587250739790e-02
1.031427859755653e-02
1.031268706953527e-02
1.031109791609013e-02
1.030951112997714e-02
1.030792670395234e-02
1.030634463077174e-02
1.030476490319139e-02
1.030318751396731e-02
1.030161245585553e-02
1.030003972161208e-02
1.029846930399298e-02
1.029690119575427e-02
1.029533538965197e-02
1.029377187844212e-02
1.029221065488075e-02
1.029065171172387e-02
1.028909504172753e-02
1.028754063764774e-02
1.028598849224055e-02
1.028443859826197e-02
1.028289094846804e-02
1.028134553561479e-02
1.027980235245824e-02
1.027826139175442e-02
1.027672264625937e-02
1.027518610872911e-02
1.027365177191968e-02
1.027211962858709e-02
1.027058967148738e-02
1.026906189337658e-02
1.026753628701072e-02
1.026601284514582e-02
1.026449156053792e-02
1.026297242594304e-02
1.026145543411722e-02
1.025994057781648e-02
1.025842784979684e-02
1.025691724281435e-02
1.025540874962503e-02
1.025390236298491e-02
1.025239807565001e-02
1.025089588037637e-02
1.024939576992002e-02
1.024789773703698e-02
1.024640177448328e-02
1.024490787501496e-02
1.024341603138803e-02
1.024192623635854e-02
1.024043848268250e-02
1.023895276311596e-02
1.023746907041493e-02
1.023598739733545e-02
1.023450773663354e-02
1.023303008106524e-02
1.023155442338657e-02
1.023008075635356e-02
1.022860907272224e-02
1.022713936524865e-02
1.022567162668880e-02
1.022420584979873e-02
1.022274202733447e-02
1.022128015205205e-02
1.021982021670749e-02
1.021836221405682e-02
1.021690613685608e-02
1.021545197786129e-02
1.021399972982848e-02
1.021254938551368e-02
1.021110093767292e-02
1.020965437906223e-02
1.020820970243764e-02
1.020676690055517e-02
1.020532596617086e-02
1.020388689204073e-02
1.020244967092082e-02
1.020101429556714e-02
1.019958075873574e-02
1.019814905318264e-02
1.019671917166387e-02
1.019529110693546e-02
1.019386485175344e-02
1.019244039887383e-02
1.019101774105266e-02
1.018959687104597e-02
1.018817778160979e-02
1.018676046550013e-02
1.018534491547304e-02
1.018393112428454e-02
1.018251908469065e-02
1.018110878944742e-02
1.017970023131086e-02
1.017829340303701e-02
1.017688829738189e-02
1.017548490710154e-02
1.017408322495198e-02
1.017268324368925e-02
1.017128495606936e-02
1.016988835484836e-02
1.016849343278226e-02
1.016710018262711e-02
1.016570859713892e-02
1.016431866907373e-02
1.016293039118756e-02
1.016154375623645e-02
1.016015875697642e-02
1.015877538616350e-02
1.015739363655372e-02
1.015601350090312e-02
1.015463497196771e-02
1.015325804250353e-02
1.015188270526661e-02
1.015050895301298e-02
1.014913677849866e-02
1.014776617447968e-02
1.014639713371208e-02
1.014502964895189e-02
1.014366371295512e-02
1.014229931847781e-02
1.014093645827599e-02
1.013957512510569e-02
1.013821531172294e-02
1.013685701088377e-02
1.013550021534420e-02
1.013414491786026e-02
1.013279111118799e-02
1.013143878808341e-02
1.013008794130255e-02
1.012873856360145e-02
1.012739064773612e-02
1.012604418646260e-02
1.012469917253691e-02
1.012335559871510e-02
1.012201345775318e-02
1.012067274240718e-02
1.011933344543314e-02
1.011799555958708e-02
1.011665907762503e-02
1.011532399230302e-02
1.011399029637708e-02
1.011265798260324e-02
1.011132704373753e-02
1.010999747253597e-02
1.010866926175460e-02
1.010734240414944e-02
1.010601689247653e-02
1.010469271949188e-02
1.010336987795154e-02
1.010204836061153e-02
1.010072816022789e-02
1.009940926955662e-02
1.009809168135378e-02
1.009677538837538e-02
1.009546038337746e-02
1.009414665911604e-02
1.009283420834716e-02
1.009152302382684e-02
1.009021309831111e-02
1.008890442455600e-02
1.008759699531754e-02
1.008629080335176e-02
1.008498584141468e-02
1.008368210226234e-02
1.008237957865077e-02
1.008107826333599e-02
1.007977814907404e-02
1.007847922862094e-02
1.007718149473272e-02
1.007588494016541e-02
1.007458955767504e-02
1.007329534001764e-02
1.007200227994923e-02
1.007071037022585e-02
1.006941960360353e-02
1.006812997283829e-02
1.006684147068617e-02
1.006555408990319e-02
1.006426782324538e-02
1.006298266346877e-02
1.006169860332939e-02
1.006041563558327e-02
1.005913375298643e-02
1.005785294829492e-02
1.005657321427557e-02
1.005529454599041e-02
1.005401694362225e-02
1.005274040804680e-02
1.005146494013973e-02
1.005019054077676e-02
1.004891721083357e-02
1.004764495118586e-02
1.004637376270933e-02
1.004510364627967e-02
1.004383460277257e-02
1.004256663306374e-02
1.004129973802887e-02
1.004003391854365e-02
1.003876917548377e-02
1.003750550972494e-02
1.003624292214286e-02
1.003498141361320e-02
1.003372098501168e-02
1.003246163721398e-02
1.003120337109581e-02
1.002994618753285e-02
1.002869008740080e-02
1.002743507157536e-02
1.002618114093223e-02
1.002492829634709e-02
1.002367653869565e-02
1.002242586885359e-02
1.002117628769662e-02
1.001992779610043e-02
1.001868039494072e-02
1.001743408509318e-02
1.001618886743351e-02
1.001494474283739e-02
1.001370171218054e-02
1.001245977633864e-02
1.001121893618738e-02
1.000997919260247e-02
1.000874054645960e-02
1.000750299863447e-02
1.000626655000276e-02
1.000503120144018e-02
1.000379695382243e-02
1.000256380802518e-02
1.000133176492416e-02
1.000010082539503e-02
9.998870990313517e-03
9.997642260555295e-03
9.996414636996071e-03
9.995188120511533e-03
9.993962711977382e-03
9.992738412269310e-03
9.991515222263015e-03
9.990293142834188e-03
9.989072174858530e-03
9.987852319211735e-03
9.986633576769495e-03
9.985415948407510e-03
9.984199435001473e-03
9.982984037427079e-03
9.981769756560026e-03
9.980556593276006e-03
9.979344548450717e-03
9.978133622959852e-03
9.976923817679111e-03
9.975715133484185e-03
9.974507571250769e-03
9.973301131854564e-03
9.972095816171259e-03
9.970891625076554e-03
9.969688559446143e-03
9.968486620155721e-03
9.967285808080983e-03
9.966086124097625e-03
9.964887569081343e-03
9.963690143907833e-03
9.962493849452789e-03
9.961298686591905e-03
9.960104656200881e-03
9.958911759155408e-03
9.957719996331183e-03
9.956529368603903e-03
9.955339876849262e-03
9.954151521942955e-03
9.952964304760678e-03
9.951778226178128e-03
9.950593287070998e-03
9.949409488314983e-03
9.948226830785781e-03
9.947045315359088e-03
9.945864942910596e-03
9.944685714316000e-03
9.943507630451001e-03
9.942330692191290e-03
9.941154900412563e-03
9.939980255990518e-03
9.938806759800847e-03
9.937634412719247e-03
9.936463215621413e-03
9.935293169383040e-03
9.934124274879826e-03
9.932956532987465e-03
9.931789944581651e-03
9.930624510538080e-03
9.929460231732449e-03
9.928297109040451e-03
9.927135143337784e-03
9.925974335500144e-03
9.924814686403223e-03
9.923656196922719e-03
9.922498867934325e-03
9.921342700313741e-03
9.920187694936657e-03
9.919033852678772e-03
9.917881174415780e-03
9.916729661023378e-03
9.915579313377261e-03
9.914430132353122e-03
9.913282118826659e-03
9.912135273673567e-03
9.910989597769542e-03
9.909845091990279e-03
9.908701757211471e-03
9.907559594308817e-03
9.906418604158010e-03
9.905278787634747e-03
9.904140145614722e-03
9.903002678973634e-03
9.901866388587173e-03
9.900731275331039e-03
9.899597340080923e-03
9.898464583712525e-03
9.897333007101539e-03
9.896202611123660e-03
9.895073396654583e-03
9.893945364570004e-03
9.892818515745619e-03
9.891692851057123e-03
9.890568371380210e-03
9.889445077590577e-03
9.888322970563921e-03
9.887202051175933e-03
9.886082320302312e-03
9.884963778818753e-03
9.883846427600951e-03
9.882730267524601e-03
9.881615299465400e-03
9.880501524299042e-03
9.879388942901220e-03
9.878277556147634e-03
9.877167364913978e-03
9.876058370075947e-03
9.874950572509238e-03
9.873843973089543e-03
9.872738572692561e-03
9.871634372193985e-03
9.870531372469510e-03
9.869429574394836e-03
9.868328978845653e-03
9.867229586697659e-03
9.866131398826550e-03
9.865034416108020e-03
9.863938639417764e-03
9.862844069631480e-03
9.861750707624860e-03
9.860658554273604e-03
9.859567610453403e-03
9.858477877039955e-03
9.857389354908954e-03
9.856302044936097e-03
9.855215947997081e-03
9.854131064967596e-03
9.853047396723340e-03
9.851964944140010e-03
9.850883708093301e-03
9.849803689458907e-03
9.848724889112525e-03
9.847647307929849e-03
9.846570946786577e-03
9.845495806558401e-03
9.844421888121018e-03
9.843349192350125e-03
9.842277720121414e-03
9.841207472310584e-03
9.840138449793329e-03
9.839070653445343e-03
9.838004084142324e-03
9.836938742759966e-03
9.835874630173965e-03
9.834811747260015e-03
9.833750094893814e-03
9.832689673951055e-03
9.831630485307436e-03
9.830572529838650e-03
9.829515808420394e-03
9.828460321928361e-03
9.827406071238250e-03
9.826353057225753e-03
9.825301280766570e-03
9.824250742736391e-03
9.823201444010915e-03
9.822153385465838e-03
9.821106567976853e-03
9.820060992419655e-03
9.819016659669944e-03
9.817973570603409e-03
9.816931726095750e-03
9.815891127022662e-03
9.814851774259840e-03
9.813813668682978e-03
9.812776811167772e-03
9.811741202589919e-03
9.810706843825113e-03
9.809673735749050e-03
9.808641879237426e-03
9.807611275165936e-03
9.806581924410274e-03
9.805553827846137e-03
9.804526986349222e-03
9.803501400795221e-03
9.802477072059831e-03
9.801454001018749e-03
9.800432188547667e-03
9.799411635522283e-03
9.798392342818292e-03
9.797374311311389e-03
9.796357541877271e-03
9.795342035391631e-03
9.794327792730166e-03
9.793314814768571e-03
9.792303102382542e-03
9.791292656447773e-03
9.790283477839962e-03
9.789275567434802e-03
9.788268926107988e-03
9.787263554735219e-03
9.786259454192188e-03
9.785256625354590e-03
9.784255069098122e-03
9.783254786298478e-03
9.782255777831353e-03
9.781258044572444e-03
9.780261587397447e-03
9.779266407182055e-03
9.778272504801965e-03
9.777279881132873e-03
9.776288537050475e-03
9.775298473430463e-03
9.774309691148534e-03
9.773322191080387e-03
9.772335974101713e-03
9.771351041088209e-03
9.770367392915570e-03
9.769385030459491e-03
9.768403954595670e-03
9.767424166199801e-03
9.766445666147578e-03
9.765468455314699e-03
9.764492534576856e-03
9.763517904809749e-03
9.762544566889070e-03
9.761572521690515e-03
9.760601770089781e-03
9.759632312962561e-03
9.758664151184551e-03
9.757697285631450e-03
9.756731717178949e-03
9.755767446702746e-03
9.754804475078534e-03
9.753842803182013e-03
9.752882431888873e-03
9.751923362074812e-03
9.750965594615526e-03
9.750009130386711e-03
9.749053970264059e-03
9.748100115123269e-03
9.747147565840036e-03
9.746196323290053e-03
9.745246388349017e-03
9.744297761892624e-03
9.743350444796571e-03
9.742404437936550e-03
9.741459742188256e-03
9.740516358427390e-03
9.739574287529640e-03
9.738633530370707e-03
9.737694087826286e-03
9.736755960772069e-03
9.735819150083754e-03
9.734883656637036e-03
9.733949481307611e-03
9.733016624971174e-03
9.732085088503420e-03
9.731154872780045e-03
9.730225978676744e-03
9.729298407069212e-03
9.728372158833147e-03
9.727447234844241e-03
9.726523635978193e-03
9.725601363110695e-03
9.724680417117444e-03
9.723760798874135e-03
9.722842509256466e-03
9.721925549140129e-03
9.721009919400819e-03
9.720095620914235e-03
9.719182654556071e-03
9.718271021202022e-03
9.717360721727781e-03
9.716451757009048e-03
9.715544127921517e-03
9.714637835340883e-03
9.713732880142840e-03
9.712829263203085e-03
9.711926985397315e-03
9.711026047601221e-03
9.710126450690503e-03
9.709228195540855e-03
9.708331283027970e-03
9.707435714027548e-03
9.706541489415280e-03
9.705648610066864e-03
9.704757076857994e-03
9.703866890664367e-03
9.702978052361678e-03
9.702090562825621e-03
9.701204422931894e-03
9.700319633556191e-03
9.699436195574207e-03
9.698554109861637e-03
9.697673377294179e-03
9.696793998747526e-03
9.695915975097376e-03
9.695039307219421e-03
9.694163995989359e-03
9.693290042282884e-03
9.692417446975693e-03
9.691546210943478e-03
9.690676335061940e-03
9.689807820206770e-03
9.688940667253666e-03
9.688074877078321e-03
9.687210450556432e-03
9.686347388563695e-03
9.685485691975805e-03
9.684625361668456e-03
9.683766398517346e-03
9.682908803398168e-03
9.682052577186618e-03
9.681197720758393e-03
9.680344234989187e-03
9.679492120754696e-03
9.678641378930614e-03
9.677792010392639e-03
9.676944016016466e-03
9.676097396677788e-03
9.675252153252302e-03
9.674408286615704e-03
9.673565797643691e-03
9.672724687211955e-03
9.671884956196190e-03
9.671046605472099e-03
9.670209635915370e-03
9.669374048401701e-03
9.668539843806789e-03
9.667707023006327e-03
9.666875586876013e-03
9.666045536291539e-03
9.665216872128604e-03
9.664389595262902e-03
9.663563706570127e-03
9.662739206925976e-03
9.661916097206147e-03
9.661094378286330e-03
9.660274051042224e-03
9.659455116349523e-03
9.658637575083924e-03
9.657821428121121e-03
9.657006676336809e-03
9.656193320606686e-03
9.655381361806445e-03
9.654570800811783e-03
9.653761638498393e-03
9.652953875741974e-03
9.652147513418219e-03
9.651342552402823e-03
9.650538993571484e-03
9.649736837799896e-03
9.648936085963754e-03
9.648136738938754e-03
9.647338797600592e-03
9.646542262824961e-03
9.645747135487560e-03
9.644953416464081e-03
9.644161106630222e-03
9.643370206861679e-03
9.642580718034144e-03
9.641792641023316e-03
9.641005976704886e-03
9.640220725954555e-03
9.639436889648016e-03
9.638654468660962e-03
9.637873463869094e-03
9.637093876148101e-03
9.636315706373683e-03
9.635538955421534e-03
9.634763624167351e-03
9.633989713486826e-03
9.633217224255657e-03
9.632446157349539e-03
9.631676513644166e-03
9.630908294015236e-03
9.630141499338444e-03
9.629376130489482e-03
9.628612188344050e-03
9.627849673777842e-03
9.627088587666553e-03
9.626328930885877e-03
9.625570704311512e-03
9.624813908819151e-03
9.624058545284492e-03
9.623304614583229e-03
9.622552117591058e-03
9.621801055183675e-03
9.621051428236773e-03
9.620303237626049e-03
9.619556484227200e-03
9.618811168915917e-03
9.618067292567901e-03
9.617324856058844e-03
9.616583860264443e-03
9.615844306060391e-03
9.615106194322386e-03
9.614369525926123e-03
9.613634301747297e-03
9.612900522661604e-03
9.612168189544738e-03
9.611437303272395e-03
9.610707864720272e-03
9.609979874764063e-03
9.609253334279463e-03
9.608528244142170e-03
9.607804605227876e-03
9.607082418412280e-03
9.606361684571074e-03
9.605642404579956e-03
9.604924579314618e-03
9.604208209650760e-03
9.603493296464075e-03
9.602779840630259e-03
9.602067843025006e-03
9.601357304524015e-03
9.600648226002977e-03
9.599940608337592e-03
9.599234452403550e-03
9.598529759076551e-03
9.597826529232288e-03
9.597124763746460e-03
9.596424463494757e-03
9.595725629352878e-03
9.595028262196520e-03
9.594332362901374e-03
9.593637932343137e-03
9.592944971397507e-03
9.592253480940177e-03
9.591563461846841e-03
9.590874914993198e-03
9.590187841254942e-03
9.589502241507768e-03
9.588818116627373e-03
9.588135467489449e-03
9.587454294969695e-03
9.586774599943806e-03
9.586096383287475e-03
9.585419645876399e-03
9.584744388586275e-03
9.584070612292795e-03
9.583398317871658e-03
9.582727506198556e-03
9.582058178149187e-03
9.581390334599246e-03
9.580723976424428e-03
9.580059104500429e-03
9.579395719702944e-03
9.578733822907670e-03
9.578073414990299e-03
9.577414496826527e-03
9.576757069292053e-03
9.576101133262569e-03
9.575446689613774e-03
9.574793739221359e-03
9.574142282961023e-03
9.573492321708460e-03
9.572843856339363e-03
9.572196887729433e-03
9.571551416754361e-03
9.570907444289845e-03
9.570264971211578e-03
9.569623998395258e-03
9.568984526716579e-03
9.568346557051235e-03
9.567710090274925e-03
9.567075127263342e-03
9.566441668892181e-03
9.565809716037141e-03
9.565179269573914e-03
9.564550330378195e-03
9.563922899325682e-03
9.563296977292069e-03
9.562672565153051e-03
9.562049663784324e-03
9.561428274061584e-03
9.560808396860528e-03
9.560190033056847e-03
9.559573183526239e-03
9.558957849144402e-03
9.558344030787027e-03
9.557731729329812e-03
9.557120945648451e-03
9.556511680618640e-03
9.555903935116074e-03
9.555297710016451e-03
9.554693006195464e-03
9.554089824528808e-03
9.553488165892181e-03
9.552888031161276e-03
9.552289421211790e-03
9.551692336919416e-03
9.551096779159853e-03
9.550502748808793e-03
9.549910246741934e-03
9.549319273834971e-03
9.548729830963599e-03
9.548141919003513e-03
9.547555538830410e-03
9.546970691319984e-03
9.546387377347931e-03
9.545805597789945e-03
9.545225353521723e-03
9.544646645418960e-03
9.544069474357353e-03
9.543493841212594e-03
9.542919746860383e-03
9.542347192176412e-03
9.541776178036377e-03
9.541206705315974e-03
9.540638774890899e-03
9.540072387636846e-03
9.539507544429511e-03
9.538944246144590e-03
9.538382493657778e-03
9.537822287844770e-03
9.537263629581263e-03
9.536706519742951e-03
9.536150959205531e-03
9.535596948844696e-03
9.535044489536144e-03
9.534493582155568e-03
9.533944227578665e-03
9.533396426681129e-03
9.532850180338660e-03
9.532305489426946e-03
9.531762354821689e-03
9.531220777398581e-03
9.530680758033320e-03
9.530142297601598e-03
9.529605396979113e-03
9.529070057041560e-03
9.528536278664632e-03
9.528004062724029e-03
9.527473410095444e-03
9.526944321654572e-03
9.526416798277109e-03
9.525890840838750e-03
9.525366450215192e-03
9.524843627282127e-03
9.524322372915256e-03
9.523802687990269e-03
9.523284573382864e-03
9.522768029968737e-03
9.522253058623581e-03
9.521739660223094e-03
9.521227835642970e-03
9.520717585758906e-03
9.520208911446596e-03
9.519701813581735e-03
9.519196293040020e-03
9.518692350697145e-03
9.518189987428807e-03
9.517689204110700e-03
9.517190001618520e-03
9.516692380827963e-03
9.516196342614724e-03
9.515701887854498e-03
9.515209017422982e-03
9.514717732195869e-03
9.514228033048855e-03
9.513739920857637e-03
9.513253396497910e-03
9.512768460845368e-03
9.512285114775709e-03
9.511803359164626e-03
9.511323194887816e-03
9.510844622820975e-03
9.510367643839796e-03
9.509892258819975e-03
9.509418468637209e-03
9.508946274167193e-03
9.508475676285622e-03
9.508006675868191e-03
9.507539273790597e-03
9.507073470928534e-03
9.506609268157698e-03
9.506146666353783e-03
9.505685666392488e-03
9.505226269149505e-03
9.504768475500532e-03
9.504312286321261e-03
9.503857702487392e-03
9.503404724874617e-03
9.502953354358632e-03
9.502503591815132e-03
9.502055438119815e-03
9.501608894148375e-03
9.501163960776507e-03
9.500720638879906e-03
9.500278929334270e-03
9.499838833015292e-03
9.499400350798666e-03
9.498963483560092e-03
9.498528232175263e-03
9.498094597519872e-03
9.497662580469619e-03
9.497232181900198e-03
9.496803402687302e-03
9.496376243706629e-03
9.495950705833874e-03
9.495526789944732e-03
9.495104496914897e-03
9.494683827620067e-03
9.494264782935937e-03
9.493847363738202e-03
9.493431570902556e-03
9.493017405304697e-03
9.492604867820321e-03
9.492193959325119e-03
9.491784680694790e-03
9.491377032805028e-03
9.490971016531530e-03
9.490566632749990e-03
9.490163882336105e-03
9.489762766165569e-03
9.489363285114077e-03
9.488965440057326e-03
9.488569231871011e-03
9.488174661430827e-03
9.487781729612468e-03
9.487390437291634e-03
9.487000785344016e-03
9.486612774645312e-03
9.486226406071215e-03
9.485841680497422e-03
9.485458598799628e-03
9.485077161853530e-03
9.484697370534822e-03
9.484319225719200e-03
9.483942728282358e-03
9.483567879099994e-03
9.483194679047801e-03
9.482823129001478e-03
9.482453229836714e-03
9.482084982429211e-03
9.481718387654660e-03
9.481353446388761e-03
9.480990159507204e-03
9.480628527885688e-03
9.480268552399909e-03
9.479910233925559e-03
9.479553573338337e-03
9.479198571513936e-03
9.478845229328053e-03
9.478493547656383e-03
9.478143527374621e-03
9.477795169358464e-03
9.477448474483605e-03
9.477103443625739e-03
9.476760077660566e-03
9.476418377463778e-03
9.476078343911069e-03
9.475739977878138e-03
9.475403280240680e-03
9.475068251874387e-03
9.474734893654958e-03
9.474403206458088e-03
9.474073191159471e-03
9.473744848634802e-03
9.473418179759779e-03
9.473093185410095e-03
9.472769866461448e-03
9.472448223789532e-03
9.472128258270041e-03
9.471809970778672e-03
9.471493362191122e-03
9.471178433383083e-03
9.470865185230253e-03
9.470553618608326e-03
9.470243734392998e-03
9.469935533459966e-03
9.469629016684923e-03
9.469324184943565e-03
9.469021039111588e-03
9.468719580064688e-03
9.468419808678559e-03
9.468121725828898e-03
9.467825332391398e-03
9.467530629241758e-03
9.467237617255672e-03
9.466946297308832e-03
9.466656670276940e-03
9.466368737035687e-03
9.466082498460768e-03
9.465797955427881e-03
9.465515108812720e-03
9.465233959490980e-03
9.464954508338357e-03
9.464676756230549e-03
9.464400704043247e-03
9.464126352652149e-03
9.463853702932949e-03
9.463582755761344e-03
9.463313512013030e-03
9.463045972563700e-03
9.462780138289051e-03
9.462516010064780e-03
9.462253588766577e-03
9.461992875270143e-03
9.461733870451173e-03
9.461476575185359e-03
9.461220990348400e-03
9.460967116815988e-03
9.460714955463821e-03
9.460464507167594e-03
9.460215772803003e-03
9.459968753245743e-03
9.459723449371508e-03
9.459479862055994e-03
9.459237992174898e-03
9.458997840603915e-03
9.458759408218739e-03
9.458522695895066e-03
9.458287704508593e-03
9.458054434935014e-03
9.457822888050024e-03
9.457593064729319e-03
9.457364965848597e-03
9.457138592283549e-03
9.456913944909872e-03
9.456691024603264e-03
9.456469832239417e-03
9.456250368694028e-03
9.456032634842793e-03
9.455816631561406e-03
9.455602359725562e-03
9.455389820210960e-03
9.455179013893292e-03
9.454969941648255e-03
9.454762604351543e-03
9.454557002878854e-03
9.454353138105881e-03
9.454151010908320e-03
9.453950622161868e-03
9.453751972742218e-03
9.453555063525068e-03
9.453359895386110e-03
9.453166469201043e-03
9.452974785845562e-03
9.452784846195359e-03
9.452596651126135e-03
9.452410201513580e-03
9.452225498233392e-03
9.452042542161268e-03
9.451861334172900e-03
9.451681875143987e-03
9.451504165950220e-03
9.451328207467299e-03
9.451154000570916e-03
9.450981546136770e-03
9.450810845040554e-03
9.450641898157962e-03
9.450474706364693e-03
9.450309270536441e-03
9.450145591548900e-03
9.449983670277768e-03
9.449823507598739e-03
9.449665104387507e-03
9.449508461519771e-03
9.449353579871223e-03
9.449200460317560e-03
9.449049103734479e-03
9.448899510997671e-03
9.448751682982837e-03
9.448605620565669e-03
9.448461324621862e-03
9.448318796027113e-03
9.448178035657118e-03
9.448039044387570e-03
9.447901823094167e-03
9.447766372652603e-03
9.447632693938574e-03
9.447500787827776e-03
9.447370655195903e-03
9.447242296918651e-03
9.447115713871716e-03
9.446990906930793e-03
9.446867876971578e-03
9.446746624869766e-03
9.446627151501052e-03
9.446509457741132e-03
9.446393544465701e-03
9.446279412550454e-03
9.446167062871089e-03
9.446056496303298e-03
9.445947713722780e-03
9.445840716005228e-03
9.445735504026337e-03
9.445632078661803e-03
9.445530440787324e-03
9.445430591278592e-03
9.445332531011305e-03
9.445236260861157e-03
9.445141781703843e-03
9.445049094415058e-03
9.444958199870500e-03
9.444869098945863e-03
9.444781792516843e-03
9.444696281459134e-03
9.444612566648433e-03
9.444530648960435e-03
9.444450529270836e-03
9.444372208455329e-03
9.444295687389612e-03
9.444220966949380e-03
9.444148048010328e-03
9.444076931448150e-03
9.444007618138545e-03
9.443940108957206e-03
9.443874404779829e-03
9.443810506482108e-03
9.443748414939741e-03
9.443688131028423e-03
9.443629655623847e-03
9.443572989601710e-03
9.443518133837710e-03
9.443465089207539e-03
9.443413856586891e-03
9.443364436851467e-03
9.443316830876958e-03
9.443271039539061e-03
9.443227063713472e-03
9.443184904275885e-03
9.443144562101996e-03
9.443106038067500e-03
9.443069333048094e-03
9.443034447919474e-03
9.443001383557331e-03
9.442970140837366e-03
9.442940720635271e-03
9.442913123826741e-03
9.442887351287475e-03
9.442863403893165e-03
9.442841282519506e-03
9.442820988042198e-03
9.442802521336932e-03
9.442785883279407e-03
9.442771074745313e-03
9.442758096610351e-03
9.442746949750214e-03
9.442737635040598e-03
9.442730153357198e-03
9.442724505575711e-03
9.442720692571830e-03
9.442718715221251e-03
9.442718574399671e-03
9.442720270982783e-03
9.442723805846286e-03
9.442729179865873e-03
9.442736393917238e-03
9.442745448876079e-03
9.442756345618092e-03
9.442769085018971e-03
9.442783667954410e-03
9.442800095300108e-03
9.442818367931758e-03
9.442838486725055e-03
9.442860452555697e-03
9.442884266299377e-03
9.442909928831790e-03
9.442937441028636e-03
9.442966803765605e-03
9.442998017918395e-03
9.443031084362700e-03
9.443066003974218e-03
9.443102777628642e-03
9.443141406201670e-03
9.443181890568995e-03
9.443224231606314e-03
9.443268430189321e-03
9.443314487193712e-03
9.443362403495184e-03
9.443412179969430e-03
9.443463817492148e-03
9.443517316939031e-03
9.443572679185774e-03
9.443629905108076e-03
9.443688995581630e-03
9.443749951482132e-03
9.443812773685277e-03
9.443877463066760e-03
9.443944020502278e-03
9.444012446867526e-03
9.444082743038198e-03
9.444154909889991e-03
9.444228948298602e-03
9.444304859139722e-03
9.444382643289050e-03
9.444462301622280e-03
9.444543835015107e-03
9.444627244343229e-03
9.444712530482338e-03
9.444799694308132e-03
9.444888736696305e-03
9.444979658522553e-03
9.445072460662571e-03
9.445167143992057e-03
9.445263709386703e-03
9.445362157722206e-03
9.445462489874261e-03
9.445564706718564e-03
9.445668809130810e-03
9.445774797986695e-03
9.445882674161913e-03
9.445992438532161e-03
9.446104091973134e-03
9.446217635360528e-03
9.446333069570037e-03
9.446450395477358e-03
9.446569613958185e-03
9.446690725888215e-03
9.446813732143143e-03
9.446938633598663e-03
9.447065431130473e-03
9.447194125614265e-03
9.447324717925738e-03
9.447457208940585e-03
9.447591599534504e-03
9.447727890583187e-03
9.447866082962331e-03
9.448006177547633e-03
9.448148175214785e-03
9.448292076839487e-03
9.448437883297432e-03
9.448585595464314e-03
9.448735214215831e-03
9.448886740427678e-03
9.449040174975547e-03
9.449195518735139e-03
9.449352772582145e-03
9.449511937392263e-03
9.449673014041189e-03
9.449836003404615e-03
9.450000906358239e-03
9.450167723777755e-03
9.450336456538862e-03
9.450507105517252e-03
9.450679671588620e-03
9.450854155628664e-03
9.451030558513077e-03
9.451208881117557e-03
9.451389124317797e-03
9.451571288989494e-03
9.451755376008343e-03
9.451941386250041e-03
9.452129320590280e-03
9.452319179904757e-03
9.452510965069169e-03
9.452704676959210e-03
9.452900316450576e-03
9.453097884418961e-03
9.453297381740063e-03
9.453498809289574e-03
9.453702167943194e-03
9.453907458576615e-03
9.454114682065532e-03
9.454323839285643e-03
9.454534931112642e-03
9.454747958422226e-03
9.454962922090087e-03
9.455179822991926e-03
9.455398662003432e-03
9.455619440000304e-03
9.455842157858238e-03
9.456066816452927e-03
9.456293416660069e-03
9.456521959355358e-03
9.456752445414491e-03
9.456984875713160e-03
9.457219251127065e-03
9.457455572531897e-03
9.457693840803354e-03
9.457934056817132e-03
9.458176221448926e-03
9.458420335574428e-03
9.458666400069340e-03
9.458914415809351e-03
9.459164383670161e-03
9.459416304527462e-03
9.459670179256953e-03
9.459926008734326e-03
9.460183793835279e-03
9.460443535435506e-03
9.460705234410702e-03
9.460968891636567e-03
9.461234507988789e-03
9.461502084343069e-03
9.461771621575101e-03
9.462043120560580e-03
9.462316582175201e-03
9.462592007294660e-03
9.462869396794653e-03
9.463148751550875e-03
9.463430072439022e-03
9.463713360334788e-03
9.463998616113869e-03
9.464285840651962e-03
9.464575034824761e-03
9.464866199507961e-03
9.465159335577259e-03
9.465454443908349e-03
9.465751525376927e-03
9.466050580858688e-03
9.466351611229329e-03
9.466654617364545e-03
9.466959600140028e-03
9.467266560431477e-03
9.467575499114589e-03
9.467886417065056e-03
9.468199315158575e-03
9.468514194270840e-03
9.468831055277549e-03
9.469149899054393e-03
9.469470726477074e-03
9.469793538421282e-03
9.470118335762714e-03
9.470445119377066e-03
9.470773890140035e-03
9.471104648927312e-03
9.471437396614596e-03
9.471772134077582e-03
9.472108862191965e-03
9.472447581833439e-03
9.472788293877703e-03
9.473130999200450e-03
9.473475698677375e-03
9.473822393184174e-03
9.474171083596545e-03
9.474521770790178e-03
9.474874455640773e-03
9.475229139024023e-03
9.475585821815626e-03
9.475944504891276e-03
9.476305189126668e-03
9.476667875397497e-03
9.477032564579459e-03
9.477399257548251e-03
9.477767955179567e-03
9.478138658349103e-03
9.478511367932553e-03
9.478886084805615e-03
9.479262809843982e-03
9.479641543923350e-03
9.480022287919415e-03
9.480405042707873e-03
9.480789809164418e-03
9.481176588164747e-03
9.481565380584554e-03
9.481956187299535e-03
9.482349009185386e-03
9.482743847117801e-03
9.483140701972478e-03
9.483539574625111e-03
9.483940465951395e-03
9.484343376827025e-03
9.484748308127698e-03
9.485155260729109e-03
9.485564235506951e-03
9.485975233336923e-03
9.486388255094720e-03
9.486803301656035e-03
9.487220373896566e-03
9.487639472692006e-03
9.488060598918054e-03
9.488483753450402e-03
9.488908937164746e-03
9.489336150936783e-03
9.489765395642209e-03
9.490196672156717e-03
9.490629981356002e-03
9.491065324115762e-03
9.491502701311692e-03
9.491942113819487e-03
9.492383562514842e-03
9.492827048273452e-03
9.493272571971014e-03
9.493720134483224e-03
9.494169736685773e-03
9.494621379454362e-03
9.495075063664683e-03
9.495530790192433e-03
9.495988559913307e-03
9.496448373703000e-03
9.496910232437207e-03
9.497374136991626e-03
9.497840088241949e-03
9.498308087063874e-03
9.498778134333096e-03
9.499250230925309e-03
9.499724377716210e-03
9.500200575581494e-03
9.500678825396857e-03
9.501159128037994e-03
9.501641484380600e-03
9.502125895300369e-03
9.502612361672999e-03
9.503100884374185e-03
9.503591464279624e-03
9.504084102265007e-03
9.504578799206033e-03
9.505075555978397e-03
9.505574373457793e-03
9.506075252519917e-03
9.506578194040466e-03
9.507083198895133e-03
9.507590267959614e-03
9.508099402109607e-03
9.508610602220805e-03
9.509123869168905e-03
9.509639203829599e-03
9.510156607078588e-03
9.510676079791561e-03
9.511197622844220e-03
9.511721237112256e-03
9.512246923471364e-03
9.512774682797244e-03
9.513304515965586e-03
9.513836423852090e-03
9.514370407332448e-03
9.514906467282359e-03
9.515444604577514e-03
9.515984820093613e-03
9.516527114706349e-03
9.517071489291417e-03
9.517617944724513e-03
9.518166481881333e-03
9.518717101637573e-03
9.519269804868925e-03
9.519824592451090e-03
9.520381465259759e-03
9.520940424170628e-03
9.521501470059396e-03
9.522064603801752e-03
9.522629826273398e-03
9.523197138350026e-03
9.523766540907332e-03
9.524338034821013e-03
9.524911620966761e-03
9.525487300220275e-03
9.526065073457247e-03
9.526644941553376e-03
9.527226905384356e-03
9.527810965825882e-03
9.528397123753649e-03
9.528985380043355e-03
9.529575735570691e-03
9.530168191211356e-03
9.530762747841046e-03
9.531359406335453e-03
9.531958167570275e-03
9.532559032421208e-03
9.533162001763946e-03
9.533767076474183e-03
9.534374257427617e-03
9.534983545499944e-03
9.535594941566857e-03
9.536208446504053e-03
9.536824061187226e-03
9.537441786492074e-03
9.538061623294290e-03
9.538683572469571e-03
9.539307634893610e-03
9.539933811442107e-03
9.540562102990752e-03
9.541192510415245e-03
9.541825034591280e-03
9.542459676394551e-03
9.543096436700755e-03
9.543735316385586e-03
9.544376316324741e-03
9.545019437393915e-03
9.545664680468802e-03
9.546312046425099e-03
9.546961536138503e-03
9.547613150484706e-03
9.548266890339406e-03
9.548922756578298e-03
9.549580750077075e-03
9.550240871711435e-03
9.550903122357075e-03
9.551567502889687e-03
9.552234014184967e-03
9.552902657118612e-03
9.553573432566315e-03
9.554246341403776e-03
9.554921384506686e-03
9.555598562750742e-03
9.556277877011639e-03
9.556959328165074e-03
9.557642917086741e-03
9.558328644652336e-03
9.559016511737553e-03
9.559706519218090e-03
9.560398667969643e-03
9.561092958867902e-03
9.561789392788567e-03
9.562487970607334e-03
9.563188693199895e-03
9.563891561441948e-03
9.564596576209190e-03
9.565303738377311e-03
9.566013048822012e-03
9.566724508418986e-03
9.567438118043928e-03
9.568153878572534e-03
9.568871790880500e-03
9.569591855843520e-03
9.570314074337291e-03
9.571038447237508e-03
9.571764975419868e-03
9.572493659760062e-03
9.573224501133789e-03
9.573957500416745e-03
9.574692658484622e-03
9.575429976213119e-03
9.576169454477930e-03
9.576911094154750e-03
9.577654896119276e-03
9.578400861247201e-03
9.579148990414224e-03
9.579899284496035e-03
9.580651744368335e-03
9.581406370906816e-03
9.582163164987176e-03
9.582922127485108e-03
9.583683259276310e-03
9.584446561236474e-03
9.585212034241298e-03
9.585979679166478e-03
9.586749496887707e-03
9.587521488280681e-03
9.588295654221098e-03
9.589071995584651e-03
9.589850513247036e-03
9.590631208083950e-03
9.591414080971085e-03
9.592199132784139e-03
9.592986364398806e-03
9.593775776690783e-03
9.594567370535765e-03
9.595361146809448e-03
9.596157106387527e-03
9.596955250145695e-03
9.597755578959651e-03
9.598558093705089e-03
9.599362795257704e-03
9.600169684493192e-03
9.600978762287249e-03
9.601790029515569e-03
9.602603487053848e-03
9.603419135777783e-03
9.604236976563069e-03
9.605057010285398e-03
9.605879237820469e-03
9.606703660043977e-03
9.607530277831617e-03
9.608359092059085e-03
9.609190103602075e-03
9.610023313336283e-03
9.610858722137405e-03
9.611696330881136e-03
9.612536140443172e-03
9.613378151699209e-03
9.614222365524941e-03
)
;

boundaryField
{
    inlet
    {
        type            fixedValue;
        value           uniform 0;
    }
    outlet
    {
        type            zeroGradient;
    }
    wall
    {
        type            empty;
    }
}


// ************************************************************************* //
