/*--------------------------------*- C++ -*----------------------------------*\
| =========                 |                                                 |
| \\      /  F ield         | OpenFOAM: The Open Source CFD Toolbox           |
|  \\    /   O peration     | Version:  5.x                                   |
|   \\  /    A nd           | Web:      www.OpenFOAM.org                      |
|    \\/     M anipulation  |                                                 |
\*---------------------------------------------------------------------------*/
FoamFile
{
    version     2.0;
    format      ascii;
    class       volScalarField;
    location    "1";
    object       CO2;
}
// * * * * * * * * * * * * * * * * * * * * * * * * * * * * * * * * * * * * * //

dimensions      [0 0 0 0 0 0 0];

internalField   nonuniform List<scalar>
4335
(
4.206055364358725e-15
-9.423930099774391e-14
-1.920024303751829e-13
-2.890849105361098e-13
-3.854883192486767e-13
-4.812142342810352e-13
-5.762642334013371e-13
-6.706398943777341e-13
-7.643427949783782e-13
-8.573745129714208e-13
-9.497366261250141e-13
-1.041430712207310e-12
-1.132458348986459e-12
-1.222821114230615e-12
-1.312520585707928e-12
-1.401558341186551e-12
-1.489935958434634e-12
-1.577655015220331e-12
-1.664717089311792e-12
-1.751123758477170e-12
-1.836876600484617e-12
-1.921977193102283e-12
-2.006427114098321e-12
-2.090227941240883e-12
-2.173381252298120e-12
-2.255888625038184e-12
-2.337751637229228e-12
-2.418971866639402e-12
-2.499550891036859e-12
-2.579490288189749e-12
-2.658791635866226e-12
-2.737456511834441e-12
-2.815486493862545e-12
-2.892883159718692e-12
-2.969648087171031e-12
-3.045782853987715e-12
-3.121289037936895e-12
-3.196168216786725e-12
-3.270421968305354e-12
-3.344051870260936e-12
-3.417059500421621e-12
-3.489446436555563e-12
-3.561214256430911e-12
-3.632364537815819e-12
-3.702898858478437e-12
-3.772818796186918e-12
-3.842125928709415e-12
-3.910821833814077e-12
-3.978908089269057e-12
-4.046386272842508e-12
-4.113257962302580e-12
-4.179524735417425e-12
-4.245188169955196e-12
-4.310249843684043e-12
-4.374711334372119e-12
-4.438574219787576e-12
-4.501840077698565e-12
-4.564510485873238e-12
-4.626587022079747e-12
-4.688071264086244e-12
-4.748964789660879e-12
-4.809269176571806e-12
-4.868986002587177e-12
-4.928116845475142e-12
-4.986663283003853e-12
-5.044626892941463e-12
-5.102009253056123e-12
-5.158811941115985e-12
-5.215036534889200e-12
-5.270684612143921e-12
-5.325757750648298e-12
-5.380257528170486e-12
-5.434185522478633e-12
-5.487543311340894e-12
-5.540332472525418e-12
-5.592554583800359e-12
-5.644211222933867e-12
-5.695303967694095e-12
-5.745834395849195e-12
-5.795804085167318e-12
-5.845214613416615e-12
-5.894067558365240e-12
-5.942364497781343e-12
-5.990107009433076e-12
-6.037296671088592e-12
-6.083935060516040e-12
-6.130023755483576e-12
-6.175564333759348e-12
-6.220558373111509e-12
-6.265007451308212e-12
-6.308913146117607e-12
-6.352277035307848e-12
-6.395100696647084e-12
-6.437385707903467e-12
-6.479133646845151e-12
-6.520346091240287e-12
-6.561024618857025e-12
-6.601170807463521e-12
-6.640786234827923e-12
-6.679872478718382e-12
-6.718431116903052e-12
-6.756463727150086e-12
-6.793971887227632e-12
-6.830957174903845e-12
-6.867421167946877e-12
-6.903365444124876e-12
-6.938791581205997e-12
-6.973701156958391e-12
-7.008095749150211e-12
-7.041976935549605e-12
-7.075346293924729e-12
-7.108205402043733e-12
-7.140555837674770e-12
-7.172399178585989e-12
-7.203737002545543e-12
-7.234570887321585e-12
-7.264902410682265e-12
-7.294733150395740e-12
-7.324064684230153e-12
-7.352898589953661e-12
-7.381236445334416e-12
-7.409079828140570e-12
-7.436430316140271e-12
-7.463289487101676e-12
-7.489658918792933e-12
-7.515540188982194e-12
-7.540934875437612e-12
-7.565844555927340e-12
-7.590270808219527e-12
-7.614215210082327e-12
-7.637679339283890e-12
-7.660664773592369e-12
-7.683173090775916e-12
-7.705205868602681e-12
-7.726764684840819e-12
-7.747851117258478e-12
-7.768466743623812e-12
-7.788613141704972e-12
-7.808291889270110e-12
-7.827504564087380e-12
-7.846252743924928e-12
-7.864538006550912e-12
-7.882361929733482e-12
-7.899726091240786e-12
-7.916632068840982e-12
-7.933081440302216e-12
-7.949075783392643e-12
-7.964616675880415e-12
-7.979705695533681e-12
-7.994344420120597e-12
-8.008534427409312e-12
-8.022277295167977e-12
-8.035574601164745e-12
-8.048427923167769e-12
-8.060838838945200e-12
-8.072808926265188e-12
-8.084339762895885e-12
-8.095432926605445e-12
-8.106089995162019e-12
-8.116312546333759e-12
-8.126102157888814e-12
-8.135460407595341e-12
-8.144388873221486e-12
-8.152889132535404e-12
-8.160962763305249e-12
-8.168611343299167e-12
-8.175836450285314e-12
-8.182639662031841e-12
-8.189022556306899e-12
-8.194986710878641e-12
-8.200533703515216e-12
-8.205665111984781e-12
-8.210382514055483e-12
-8.214687487495475e-12
-8.218581610072910e-12
-8.222066459555937e-12
-8.225143613712711e-12
-8.227814650311382e-12
-8.230081147120101e-12
-8.231944681907024e-12
-8.233406832440297e-12
-8.234469176488076e-12
-8.235133291818511e-12
-8.235400756199754e-12
-8.235273147399959e-12
-8.234752043187273e-12
-8.233839021329852e-12
-8.232535659595843e-12
-8.230843535753403e-12
-8.228764227570684e-12
-8.226299312815834e-12
-8.223450369257007e-12
-8.220218974662352e-12
-8.216606706800025e-12
-8.212615143438174e-12
-8.208245862344954e-12
-8.203500441288513e-12
-8.198380458037007e-12
-8.192887490358584e-12
-8.187023116021400e-12
-8.180788912793601e-12
-8.174186458443345e-12
-8.167217330738780e-12
-8.159883107448060e-12
-8.152185366339335e-12
-8.144125685180755e-12
-8.135705641740475e-12
-8.126926813786645e-12
-8.117790779087423e-12
-8.108299115410949e-12
-8.098453400525383e-12
-8.088255212198876e-12
-8.077706128199579e-12
-8.066807726295640e-12
-8.055561584255216e-12
-8.043969279846458e-12
-8.032032390837516e-12
-8.019752494996542e-12
-8.007131170091690e-12
-7.994169993891108e-12
-7.980870544162951e-12
-7.967234398675371e-12
-7.953263135196518e-12
-7.938958331494543e-12
-7.924321565337599e-12
-7.909354414493838e-12
-7.894058456731413e-12
-7.878435269818471e-12
-7.862486431523173e-12
-7.846213519613660e-12
-7.829618111858089e-12
-7.812701786024613e-12
-7.795466119881383e-12
-7.777912691196546e-12
-7.760043077738263e-12
-7.741858857274676e-12
-7.723361607573942e-12
-7.704552906404216e-12
-7.685434331533641e-12
-7.666007460730378e-12
-7.646273871762574e-12
-7.626235142398380e-12
-7.605892850405946e-12
-7.585248573553429e-12
-7.564303889608980e-12
-7.543060376340747e-12
-7.521519611516889e-12
-7.499683172905547e-12
-7.477552638274885e-12
-7.455129585393041e-12
-7.432415592028178e-12
-7.409412235948446e-12
-7.386121094921988e-12
-7.362543746716968e-12
-7.338681769101533e-12
-7.314536739843831e-12
-7.290110236712019e-12
-7.265403837474245e-12
-7.240419119898664e-12
-7.215157661753427e-12
-7.189621040806686e-12
-7.163810834826589e-12
-7.137728621581291e-12
-7.111375978838942e-12
-7.084754484367699e-12
-7.057865715935707e-12
-7.030711251311122e-12
-7.003292668262094e-12
-6.975611544556775e-12
-6.947669457963315e-12
-6.919467986249871e-12
-6.891008707184591e-12
-6.862293198535625e-12
-6.833323038071130e-12
-6.804099803559254e-12
-6.774625072768149e-12
-6.744900423465968e-12
-6.714927433420864e-12
-6.684707680400983e-12
-6.654242742174484e-12
-6.623534196509515e-12
-6.592583621174225e-12
-6.561392593936774e-12
-6.529962692565310e-12
-6.498295494827979e-12
-6.466392578492940e-12
-6.434255521328342e-12
-6.401885901102334e-12
-6.369285295583075e-12
-6.336455282538711e-12
-6.303397439737392e-12
-6.270113344947278e-12
-6.236604575936514e-12
-6.202872710473251e-12
-6.168919326325649e-12
-6.134746001261854e-12
-6.100354313050016e-12
-6.065745839458287e-12
-6.030922158254821e-12
-5.995884847207772e-12
-5.960635484085285e-12
-5.925175646655518e-12
-5.889506912686622e-12
-5.853630859946748e-12
-5.817549066204048e-12
-5.781263109226669e-12
-5.744774566782769e-12
-5.708085016640498e-12
-5.671196036568006e-12
-5.634109204333445e-12
-5.596826097704969e-12
-5.559348294450730e-12
-5.521677372338879e-12
-5.483814909137565e-12
-5.445762482614940e-12
-5.407521670539166e-12
-5.369094050678378e-12
-5.330481200800742e-12
-5.291684698674404e-12
-5.252706122067510e-12
-5.213547048748225e-12
-5.174209056484687e-12
-5.134693723045058e-12
-5.095002626197488e-12
-5.055137343710125e-12
-5.015099453351118e-12
-4.974890532888630e-12
-4.934512160090798e-12
-4.893965912725786e-12
-4.853253368561749e-12
-4.812376105366820e-12
-4.771335700909170e-12
-4.730133732956940e-12
-4.688771779278288e-12
-4.647251417641357e-12
-4.605574225814312e-12
-4.563741781565286e-12
-4.521755662662454e-12
-4.479617446873950e-12
-4.437328711967930e-12
-4.394891035712550e-12
-4.352305995875958e-12
-4.309575170226305e-12
-4.266700136531751e-12
-4.223682472560433e-12
-4.180523756080512e-12
-4.137225564860148e-12
-4.093789476667473e-12
-4.050217069270651e-12
-4.006509920437840e-12
-3.962669607937176e-12
-3.918697709536827e-12
-3.874595803004930e-12
-3.830365466109644e-12
-3.786008276619122e-12
-3.741525812301511e-12
-3.696919650924972e-12
-3.652191370257646e-12
-3.607342548067688e-12
-3.562374762123252e-12
-3.517289590192494e-12
-3.472088610043554e-12
-3.426773399444592e-12
-3.381345536163763e-12
-3.335806597969203e-12
-3.290158162629081e-12
-3.244401807911542e-12
-3.198539111584737e-12
-3.152571651416820e-12
-3.106501005175943e-12
-3.060328750630254e-12
-3.014056465547917e-12
-2.967685727697067e-12
-2.921218114845860e-12
-2.874655204762453e-12
-2.827998575214996e-12
-2.781249803971647e-12
-2.734410468800543e-12
-2.687482147469845e-12
-2.640466417747701e-12
-2.593364857402267e-12
-2.546179044201694e-12
-2.498910555914135e-12
-2.451560970307736e-12
-2.404131865150655e-12
-2.356624818211038e-12
-2.309041407257041e-12
-2.261383210056816e-12
-2.213651804378516e-12
-2.165848767990287e-12
-2.117975678660285e-12
-2.070034114156664e-12
-2.022025652247572e-12
-1.973951870701160e-12
-1.925814347285583e-12
-1.877614659768986e-12
-1.829354385919533e-12
-1.781035103505357e-12
-1.732658390294636e-12
-1.684225824055500e-12
-1.635738982556100e-12
-1.587199443564611e-12
-1.538608784849162e-12
-1.489968584177904e-12
-1.441280419319013e-12
-1.392545868040608e-12
-1.343766508110872e-12
-1.294943917297940e-12
-1.246079673369963e-12
-1.197175354095092e-12
-1.148232537241495e-12
-1.099252800577303e-12
-1.050237721870677e-12
-1.001188878889766e-12
-9.521078494027252e-13
-9.029962111777110e-13
-8.538555419828568e-13
-8.046874195863328e-13
-7.554934217562911e-13
-7.062751262608645e-13
-6.570341108682236e-13
-6.077719533465203e-13
-5.584902314638873e-13
-5.091905229885004e-13
-4.598744056885015e-13
-4.105434573320282e-13
-3.611992556872564e-13
-3.118433785223232e-13
-2.624774036053804e-13
-2.131029087045848e-13
-1.637214715880880e-13
-1.143346700240468e-13
-6.494408178059819e-14
-1.555128462590382e-14
3.384214367189148e-14
8.323462534462565e-14
1.326245826241518e-13
1.820104377423184e-13
2.313906129309702e-13
2.807635304219650e-13
3.301276124471417e-13
3.794812812383484e-13
4.288229590274427e-13
4.781510680462636e-13
5.274640305266622e-13
5.767602687004869e-13
6.260382047995860e-13
6.752962610558074e-13
7.245328597009996e-13
7.737464229670107e-13
8.229353730856891e-13
8.720981322888828e-13
9.212331228084402e-13
9.703387668762093e-13
1.019413486724039e-12
1.068455704583779e-12
1.117463842687270e-12
1.166436323266369e-12
1.215371568552923e-12
1.264268000778773e-12
1.313124042175775e-12
1.361938114975775e-12
1.410708641410621e-12
1.459434043712160e-12
1.508112744112242e-12
1.556743164842715e-12
1.605323728135426e-12
1.653852856222224e-12
1.702328971334957e-12
1.750750495705477e-12
1.799115851565622e-12
1.847423461147250e-12
1.895671746682209e-12
1.943859130402338e-12
1.991984034539496e-12
2.040044881325528e-12
2.088040092992275e-12
2.135968091771595e-12
2.183827299895335e-12
2.231616139595335e-12
2.279333033103451e-12
2.326976402651533e-12
2.374544670471419e-12
2.422036258794969e-12
2.469449589854023e-12
2.516783085880429e-12
2.564035169106044e-12
2.611204261762707e-12
2.658288786082268e-12
2.705287164296581e-12
2.752197818637486e-12
2.799019171336837e-12
2.845749644626484e-12
2.892387660738265e-12
2.938931641904041e-12
2.985380010355652e-12
3.031731188324945e-12
3.077983598043777e-12
3.124135661743988e-12
3.170185801657427e-12
3.216132440015949e-12
3.261973999051395e-12
3.307708900995613e-12
3.353335568080460e-12
3.398852422537775e-12
3.444257886599406e-12
3.489550382497211e-12
3.534728332463029e-12
3.579790158728710e-12
3.624734283526104e-12
3.669559129087058e-12
3.714263117643422e-12
3.758844671427041e-12
3.803302212669768e-12
3.847634163603446e-12
3.891838946459926e-12
3.935914983471053e-12
3.979860696868684e-12
4.023674508884658e-12
4.067354841750827e-12
4.110900117699039e-12
4.154308758961142e-12
4.197579187768983e-12
4.240709826354412e-12
4.283699096949277e-12
4.326545421785425e-12
4.369247223094705e-12
4.411802923108966e-12
4.454210944060056e-12
4.496469708179821e-12
4.538577637700112e-12
4.580533154852776e-12
4.622334681869661e-12
4.663980640982619e-12
4.705469454423489e-12
4.746799544424130e-12
4.787969333216380e-12
4.828977243032096e-12
4.869821696103124e-12
4.910501114661308e-12
4.951013920938500e-12
4.991358537166550e-12
5.031533385577299e-12
5.071536888402602e-12
5.111367467874307e-12
5.151023546224253e-12
5.190503545684304e-12
5.229805888486299e-12
5.268928996862080e-12
5.307871293043508e-12
5.346631199262426e-12
5.385207137750680e-12
5.423597530740117e-12
5.461800800462592e-12
5.499815369149948e-12
5.537639659034032e-12
5.575272092346699e-12
5.612711091319790e-12
5.649955078185156e-12
5.687002475174648e-12
5.723851704520109e-12
5.760501188453390e-12
5.796949349206341e-12
5.833194609010807e-12
5.869235390098635e-12
5.905070114701679e-12
5.940697205051785e-12
5.976115083380795e-12
6.011322171920568e-12
6.046316892902947e-12
6.081097668559770e-12
6.115662921122904e-12
6.150011072824188e-12
6.184140545895466e-12
6.218049762568596e-12
6.251737145075420e-12
6.285201115647783e-12
6.318440096517538e-12
6.351452509916536e-12
6.384236778076623e-12
6.416791323229640e-12
6.449114567607443e-12
6.481204933441881e-12
6.513060842964797e-12
6.544680718408045e-12
6.576062982003471e-12
6.607206055982919e-12
6.638108362578239e-12
6.668768324021285e-12
6.699184362543897e-12
6.729354900377932e-12
6.759278359755233e-12
6.788953162907644e-12
6.818377732067019e-12
6.847550489465208e-12
6.876469857334054e-12
6.905134257905411e-12
6.933542113411123e-12
6.961691846083036e-12
6.989581878153001e-12
7.017210631852869e-12
7.044576529414484e-12
7.071677993069699e-12
7.098513445050359e-12
7.125081307588308e-12
7.151380002915399e-12
7.177407953263484e-12
7.203163580864406e-12
7.228645307950011e-12
7.253851556752154e-12
7.278780749502677e-12
7.303431308433431e-12
7.327801655776267e-12
7.351890213763030e-12
7.375695404625566e-12
7.399215650595728e-12
7.422449373905359e-12
7.445394996786311e-12
7.468050941470434e-12
7.490415630189574e-12
7.512487485175576e-12
7.534264928660293e-12
7.555746382875569e-12
7.576930270053255e-12
7.597815012425202e-12
7.618399032223254e-12
7.638680751679259e-12
7.658658593025066e-12
7.678330978492524e-12
7.697696330313482e-12
7.716753070719785e-12
7.735499621943286e-12
7.753934406215831e-12
7.772055845769266e-12
7.789862362835440e-12
7.807352379646203e-12
7.824524318433403e-12
7.841376601428889e-12
7.857907650864507e-12
7.874115888972101e-12
7.889999737983532e-12
7.905557620130638e-12
7.920787957645268e-12
7.935689172759275e-12
7.950259687704503e-12
7.964497924712797e-12
7.978402306016015e-12
7.991971253846001e-12
8.005203190434597e-12
8.018096538013660e-12
8.030649718815035e-12
8.042861155070565e-12
8.054729269012109e-12
8.066252482871506e-12
8.077429218880609e-12
8.088257899271262e-12
8.098736946275318e-12
8.108864782124624e-12
8.118639829051024e-12
8.128060509286373e-12
8.137125245062514e-12
8.145832458611298e-12
8.154180572164571e-12
8.162168007954184e-12
8.169793188211983e-12
8.177054535169817e-12
8.183950471059534e-12
8.190479418112981e-12
8.196639798562008e-12
8.202430034638465e-12
8.207848548574195e-12
8.212893762601051e-12
8.217564098950881e-12
8.221857979855528e-12
8.225773827546846e-12
8.229310064256682e-12
8.232465112216881e-12
8.235237393659295e-12
8.237625330815772e-12
8.239627345918156e-12
8.241241861198300e-12
8.242467298888051e-12
8.243302081219255e-12
8.243744630423763e-12
8.243793368733422e-12
8.243446718380081e-12
8.242703101595586e-12
8.241560940611788e-12
8.240018657660532e-12
8.238074674973671e-12
8.235727414783048e-12
8.232975299320517e-12
8.229816750817921e-12
8.226250191507109e-12
8.222274043619931e-12
8.217886729388236e-12
8.213086671043869e-12
8.207872290818679e-12
8.202242010944517e-12
8.196194253653230e-12
8.189727441176664e-12
8.182839995746670e-12
8.175530339595096e-12
8.167796894953789e-12
8.159638084054595e-12
8.151052329129366e-12
8.142038052409950e-12
8.132593676128193e-12
8.122717622515947e-12
8.112408313805056e-12
8.101664172227370e-12
8.090483620014736e-12
8.078865079399004e-12
8.066806972612020e-12
8.054307721885638e-12
8.041365749451699e-12
8.027979477542053e-12
8.014147328388554e-12
7.999867724223043e-12
7.985139087277369e-12
7.969959839783386e-12
7.954328403972936e-12
7.938243202077869e-12
7.921702656330034e-12
7.904705188961278e-12
7.887249222203450e-12
7.869333178288405e-12
7.850955479447978e-12
7.832114547914025e-12
7.812808805918396e-12
7.793036675692932e-12
7.772796579469487e-12
7.752086939479911e-12
7.730906177956045e-12
7.709252717129742e-12
7.687124979232848e-12
7.664521386497217e-12
7.641440361154692e-12
7.617880325437119e-12
7.593839701576354e-12
7.569316911804235e-12
7.544310378352616e-12
7.518818523453351e-12
7.492839769338278e-12
7.466372538239250e-12
7.439415252388115e-12
7.411966334016720e-12
7.384024205356913e-12
7.355587288640545e-12
7.326654006099466e-12
7.297222779965515e-12
7.267292032470549e-12
7.236860185846411e-12
7.205925662324951e-12
7.174486884138022e-12
7.142542273517467e-12
7.110090252695132e-12
7.077129243902867e-12
7.043657669372525e-12
7.009673951335949e-12
6.975176512024993e-12
6.940163773671501e-12
6.904634158507316e-12
6.868586088764291e-12
6.832017986674282e-12
6.794928274469124e-12
6.757315374380675e-12
6.719177708640780e-12
6.680513699481284e-12
6.641321769134036e-12
6.601600339830891e-12
6.561347833803689e-12
6.520562673284287e-12
6.479243280504525e-12
6.437388077696252e-12
6.394995487091316e-12
6.352063930921575e-12
6.308591831418862e-12
6.264577610815040e-12
6.220019691341949e-12
6.174916495231433e-12
6.129266444715346e-12
6.083067962025537e-12
6.036319469393858e-12
5.989019389052151e-12
5.941166143232262e-12
5.892758154166048e-12
5.843793844085346e-12
5.794271635222009e-12
5.744189949807895e-12
5.693547210074841e-12
5.642341838254692e-12
5.590572256579311e-12
5.538236887280527e-12
5.485334152590202e-12
5.431862474740193e-12
5.377820275962321e-12
5.323205978488449e-12
5.268018004550434e-12
5.212254776380107e-12
5.155914716209326e-12
5.098996246269956e-12
5.041497788793808e-12
4.983417766012751e-12
4.924754600158637e-12
4.865506713463305e-12
4.805672528158606e-12
4.745250466476396e-12
4.684238950648516e-12
4.622636402906808e-12
4.560441245483129e-12
4.497651900609332e-12
4.434266790517250e-12
4.370284337438751e-12
4.305702963605666e-12
4.240521091249844e-12
4.174737142603140e-12
4.108349539897408e-12
4.041356705364485e-12
3.973757061236220e-12
3.905549029744471e-12
3.836731033121072e-12
3.767301493597876e-12
3.697258833406747e-12
3.626601474779515e-12
3.555327839948026e-12
3.483436351144147e-12
3.410925430599705e-12
3.337793500546556e-12
3.264038983216560e-12
3.189660300841559e-12
3.114655875653385e-12
3.039024129883900e-12
2.962763485764962e-12
2.885872365528397e-12
2.808349191406065e-12
2.730192385629834e-12
2.651400370431511e-12
2.571971568042966e-12
2.491904400696054e-12
2.411197290622609e-12
2.329848660054496e-12
2.247856931223555e-12
2.165220526361619e-12
2.081937867700546e-12
1.998007377472205e-12
1.913427477908414e-12
1.828196591241047e-12
1.742313139701934e-12
1.655775545522922e-12
1.568582230935866e-12
1.480731618172627e-12
1.392222129465025e-12
1.303052187044936e-12
1.213220213144199e-12
1.122724629994646e-12
1.031563859828136e-12
9.397363248765351e-13
8.472404473716624e-13
7.540746495453875e-13
6.602373536295421e-13
5.657269818559961e-13
4.705419564565734e-13
3.746806996631318e-13
2.781416337075319e-13
1.809231808216148e-13
8.302376323721121e-14
-1.555816525813733e-14
-1.148174610755548e-13
-2.147340547956780e-13
-3.152858574364610e-13
-4.164507800158828e-13
-5.182067335519229e-13
-6.205316290625224e-13
-7.234033775656737e-13
-8.267998900793306e-13
-9.306990776214334e-13
-1.035078851210001e-12
-1.139917121862974e-12
-1.245191800598307e-12
-1.350880798433991e-12
-1.456962026387980e-12
-1.563413395478215e-12
-1.670212816722715e-12
-1.777338201139421e-12
-1.884767459746298e-12
-1.992478503561300e-12
-2.100449243602422e-12
-2.208657590887602e-12
-2.317081456434819e-12
-2.425698751262056e-12
-2.534487386387265e-12
-2.643425272828398e-12
-2.752490321603451e-12
-2.861660443730360e-12
-2.970913550227109e-12
-3.080227552111676e-12
-3.189580360402014e-12
-3.298949886116078e-12
-3.408314040271846e-12
-3.517650733887299e-12
-3.626937877980377e-12
-3.736153383569074e-12
-3.845275161671342e-12
-3.954281123305135e-12
-4.063149179488432e-12
-4.171857241239214e-12
-4.280383219575421e-12
-4.388705025515046e-12
-4.496800570076041e-12
-4.604647764276377e-12
-4.712224519133989e-12
-4.819508745666898e-12
-4.926478354893047e-12
-5.033111257830385e-12
-5.139385365496909e-12
-5.245278588910570e-12
-5.350768839089310e-12
-5.455834027051146e-12
-5.560452063814021e-12
-5.664600860395887e-12
-5.768258327814737e-12
-5.871402377088512e-12
-5.974010919235192e-12
-6.076061865272754e-12
-6.177533126219154e-12
-6.278402613092347e-12
-6.378648236910322e-12
-6.478247908691023e-12
-6.577179539452428e-12
-6.675421040212516e-12
-6.772950321989241e-12
-6.869745295800558e-12
-6.965783872664458e-12
-7.061043963598884e-12
-7.155503479621826e-12
-7.249140331751225e-12
-7.341932431005075e-12
-7.433857688401328e-12
-7.524894014957941e-12
-7.615019321692890e-12
-7.704211519624155e-12
-7.792448519769678e-12
-7.879708233147451e-12
-7.965968570775425e-12
-8.051207443671562e-12
-8.135402762853835e-12
-8.218532439340222e-12
-8.300574384148669e-12
-8.381506508297163e-12
-8.461306722803661e-12
-8.539952938686120e-12
-8.617423066962515e-12
-8.693695018650822e-12
-8.768746704768991e-12
-8.842556036335008e-12
-8.915100924366826e-12
-8.986359279882397e-12
-9.056309013899723e-12
-9.124928037436751e-12
-9.192194261511442e-12
-9.258085597141778e-12
-9.322579955345716e-12
-9.385655247141217e-12
-9.447289383546256e-12
-9.507460275578803e-12
-9.566145834256823e-12
-9.623323970598270e-12
-9.678972595621126e-12
-9.733069620343348e-12
-9.785592955782905e-12
-9.836520512957773e-12
-9.885830202885910e-12
-9.933499936585275e-12
-9.979507625073852e-12
-1.002383117936959e-11
-1.006644851049047e-11
-1.010733752945445e-11
-1.014647614727951e-11
-1.018384227498359e-11
-1.021941382358468e-11
-1.025316870410075e-11
-1.028508482754974e-11
-1.031514010494964e-11
-1.034331244731841e-11
-1.036957976567401e-11
-1.039391997103442e-11
-1.041631097441760e-11
-1.043673068684151e-11
-1.045515701932413e-11
-1.047156788288342e-11
-1.048594118853734e-11
-1.049825484730386e-11
-1.050848677020095e-11
-1.051661486824659e-11
-1.052261705245871e-11
-1.052647123385532e-11
-1.052815532345435e-11
-1.052764723227379e-11
-1.052492487133160e-11
-1.051996615164574e-11
-1.051274898423419e-11
-1.050325128011490e-11
-1.049145095030586e-11
-1.047732590582501e-11
-1.046085405769033e-11
-1.044201331691979e-11
-1.042078159453135e-11
-1.039713680154298e-11
-1.037105684897265e-11
-1.034251964783831e-11
-1.031150310915795e-11
-1.027798514394952e-11
-1.024194366323099e-11
-1.020335657802033e-11
-1.016220179933551e-11
-1.011845723819449e-11
-1.007210080561524e-11
-1.002311041261572e-11
-9.971463970213901e-12
-9.917139389427759e-12
-9.860114581275250e-12
-9.800367456774339e-12
-9.737875926943001e-12
-9.672617902799193e-12
-9.604571295360885e-12
-9.533714015646052e-12
-9.460023974672660e-12
-9.383479083458657e-12
-9.304057253022031e-12
-9.221736394380732e-12
-9.136494418552731e-12
-9.048309236556026e-12
-8.957158759408527e-12
-8.863020898128232e-12
-8.765873563733119e-12
-8.665694667241128e-12
-8.562462119670239e-12
-8.456153832038428e-12
-8.346747715363654e-12
-8.234221680663869e-12
-8.118553638957049e-12
-7.999721501261181e-12
-7.877703178594196e-12
-7.752476581974098e-12
-7.624019622418831e-12
-7.492310210946353e-12
-7.357326258574642e-12
-7.219045676321680e-12
-7.077446375205404e-12
-6.932506266243811e-12
-6.784203260454857e-12
-6.632515268856485e-12
-6.477420202466675e-12
-6.318895972303426e-12
-6.156920489384674e-12
-5.991471664728372e-12
-5.822527409352522e-12
-5.650065634275054e-12
-5.474064250513952e-12
-5.294501169087206e-12
-5.111354301012764e-12
-4.924601557308563e-12
-4.734220848992598e-12
-4.540190087082859e-12
-4.342487182597261e-12
-4.141090046553794e-12
-3.935976589970488e-12
-3.727124723865189e-12
-3.514512359255924e-12
-3.298117407160666e-12
-3.077917778597428e-12
-2.853891384584063e-12
-2.626016136138632e-12
-2.394269944279041e-12
-2.158630720023280e-12
-1.919076374389318e-12
-1.675584818395129e-12
-1.428133963058731e-12
-1.176701719398001e-12
-9.212659984309089e-13
-6.618047111754536e-13
-3.982957686495919e-13
-1.307170818713053e-13
1.409477197678753e-13
4.165834842857491e-13
6.959435371092235e-13
9.787754852916519e-13
1.264826935886423e-12
1.553845495946926e-12
1.845578772526437e-12
2.139774372678565e-12
2.436179903456589e-12
2.734542971913898e-12
3.034611185103880e-12
3.336132150079922e-12
3.638853473895300e-12
3.942522763603629e-12
4.246887626258184e-12
4.551695668912353e-12
4.856694498619527e-12
5.161631722433052e-12
5.466254947406394e-12
5.770311780592828e-12
6.073549829045895e-12
6.375716699818906e-12
6.676559999965250e-12
6.975827336538277e-12
7.273266316591452e-12
7.568624547178051e-12
7.861649635351610e-12
8.152089188165443e-12
8.439690812672940e-12
8.724202115927451e-12
9.005370704982438e-12
9.282944186891183e-12
9.556670168707214e-12
9.826296257483851e-12
1.009157006027448e-11
1.035223918413246e-11
1.060805123611124e-11
1.085875382326411e-11
1.110409455264460e-11
1.134382103130602e-11
1.157768086630176e-11
1.180542166468519e-11
1.202679103350974e-11
1.224153657982878e-11
1.244940591069565e-11
1.265014663316383e-11
1.284350635428664e-11
1.302923268111754e-11
1.320707322070983e-11
1.337677558011693e-11
1.353808736639224e-11
1.369075618658916e-11
1.383452964776109e-11
1.396915535696135e-11
1.409438092124341e-11
1.420995394766059e-11
1.431562204326627e-11
1.441113281511394e-11
1.449623387025690e-11
1.457067281574857e-11
1.463419725864232e-11
1.468655480599155e-11
1.472749306484965e-11
1.475675964227001e-11
1.477410214530601e-11
1.477926818101105e-11
1.477200535643850e-11
1.475206127864177e-11
1.471918355467423e-11
1.467311979158928e-11
1.461361759644031e-11
1.454042457628068e-11
1.445328833816382e-11
1.435195648914311e-11
1.423617663627189e-11
1.410569638660365e-11
1.396026334719165e-11
1.379962512508938e-11
1.362352932735019e-11
1.343172356102742e-11
1.322395543317457e-11
1.299997255084496e-11
1.275952252109198e-11
1.250235295096897e-11
1.222821144752943e-11
1.193684561782669e-11
1.162800306891406e-11
1.130143140784517e-11
1.095687824167309e-11
1.059409117745144e-11
1.021281782223353e-11
9.812805783072656e-12
9.393802667022400e-12
8.955556081136052e-12
8.497813632467010e-12
8.020322928068520e-12
7.522831574994231e-12
7.005087180297400e-12
6.466837351031285e-12
5.907829694249537e-12
5.327811817005425e-12
4.726531326352322e-12
4.103735829343627e-12
3.459172933032560e-12
2.792590244472837e-12
2.103735370717508e-12
1.392355918820484e-12
6.581994958346346e-13
-9.898556599671817e-14
-8.791270431098612e-13
-1.681320059581688e-12
-2.504527781775794e-12
-3.347713376056373e-12
-4.209840008787421e-12
-5.089870846332935e-12
-5.986769055057139e-12
-6.899497801323576e-12
-7.827020251496707e-12
-8.768299571939817e-12
-9.722298929017609e-12
-1.068798148909409e-11
-1.166431041853277e-11
-1.265024888369814e-11
-1.364476005095369e-11
-1.464680708666367e-11
-1.565535315719208e-11
-1.666936142890290e-11
-1.768779506816041e-11
-1.870961724132807e-11
-1.973379111477040e-11
-2.075927985485089e-11
-2.178504662793352e-11
-2.281005460038306e-11
-2.383326693856274e-11
-2.485364680883707e-11
-2.587015737756954e-11
-2.688176181112438e-11
-2.788742327586562e-11
-2.888610493815723e-11
-2.987676996436346e-11
-3.085838152084782e-11
-3.182990277397478e-11
-3.279029689010785e-11
-3.373852703561106e-11
-3.467355637684909e-11
-3.559434808018525e-11
-3.649986531198397e-11
-3.738907123860881e-11
-3.826092902642399e-11
-3.911440184179372e-11
-3.994845285108137e-11
-4.076204522065176e-11
-4.155414211686826e-11
-4.232370670609510e-11
-4.306970215469643e-11
-4.379109162903589e-11
-4.448683829547767e-11
-4.515590532038575e-11
-4.579725587012429e-11
-4.640985311105698e-11
-4.699266020954797e-11
-4.754464033196137e-11
-4.806475664466080e-11
-4.855197231401077e-11
-4.900525050637490e-11
-4.942355438811731e-11
-4.980584712560208e-11
-5.015109188519303e-11
-5.045825183325425e-11
-5.072629013614973e-11
-5.095416996024352e-11
-5.114085447189951e-11
-5.128530683748175e-11
-5.138649022335427e-11
-5.144336779588101e-11
-5.145490272142597e-11
-5.142005816635318e-11
-5.133779729702665e-11
-5.120708327981028e-11
-5.102687928106818e-11
-5.079614846716424e-11
-5.051385400446265e-11
-5.017895905932711e-11
-4.979042679812189e-11
-4.934722038721085e-11
-4.884830299295790e-11
-4.829263778172728e-11
-4.767918791988284e-11
-4.700691657378860e-11
-4.627478690980855e-11
-4.548176209430650e-11
-4.462680529364681e-11
-4.370887967419308e-11
-4.272694840230997e-11
-4.167997464436083e-11
-4.056692156670955e-11
-3.938675233572071e-11
-3.813843011775774e-11
-3.682091807918520e-11
-3.543317938636682e-11
-3.397417720566661e-11
-3.244287470344854e-11
-3.083823504607619e-11
-2.915922139991440e-11
-2.740479693132627e-11
-2.557392480667671e-11
-2.366556819232978e-11
-2.167869025464800e-11
-1.961225415999682e-11
-1.746522307473923e-11
-1.523656016524026e-11
-1.292522859786341e-11
-1.053019153897267e-11
-8.050412154932056e-12
-5.484853612104854e-12
-2.832479076856385e-12
-9.225171554933380e-14
2.735888490146429e-12
5.644782282952308e-12
8.624034704895736e-12
1.166323553526058e-11
1.475197455333446e-11
1.787984153840191e-11
2.103642626974978e-11
2.421131852666497e-11
2.739410808843117e-11
3.057438473433766e-11
3.374173824366812e-11
3.688575839571026e-11
3.999603496974856e-11
4.306215774506992e-11
4.607371650096041e-11
4.902030101670613e-11
5.189150107159388e-11
5.467690644490830e-11
5.736610691593623e-11
5.994869226396438e-11
6.241425226827694e-11
6.475237670816245e-11
6.695265536290524e-11
6.900467801179194e-11
7.089803443410915e-11
7.262231440914198e-11
7.416710771617702e-11
7.552200413450036e-11
7.667659344339837e-11
7.762046542215651e-11
7.834320985006124e-11
7.883441650639871e-11
7.908367517045478e-11
7.908057562151567e-11
7.881470763886750e-11
7.827566100179634e-11
7.745302548958803e-11
7.633639088152908e-11
7.491534695690502e-11
7.317948349500312e-11
7.111839027510774e-11
6.872165707650635e-11
6.597887367848463e-11
6.287962986032777e-11
5.941351540132350e-11
5.557012008075711e-11
5.133903367791473e-11
4.670984597208244e-11
4.167214674254498e-11
3.621552576859100e-11
3.032957282950383e-11
2.400387770457419e-11
1.722803017308353e-11
9.991620014317631e-12
2.289976306322688e-12
-5.803655152944277e-12
-1.415987526648478e-11
-2.264804524877714e-11
-3.113752631428918e-11
-3.949767967750147e-11
-4.759786655288809e-11
-5.530744815491916e-11
-6.249578569807265e-11
-6.903224039681914e-11
-7.478617346563338e-11
-7.962694611899358e-11
-8.342391957136993e-11
-8.604645503723847e-11
-8.736391373107206e-11
-8.724565686734571e-11
-8.556104566053362e-11
-8.217944132510999e-11
-7.697020507554751e-11
-6.980269812632291e-11
-6.054628169190680e-11
-4.907031698677792e-11
-3.524416522541224e-11
-1.893718762227261e-11
-1.874539184456125e-14
2.164180025140717e-11
4.617508809299768e-11
7.369803446037678e-11
1.040612704041882e-10
1.368739673227142e-10
1.717365541932594e-10
2.082494599930699e-10
2.460131136994355e-10
2.846279442896091e-10
3.236943807408717e-10
3.628128520304949e-10
4.015837871357507e-10
4.396076150339200e-10
4.764847647022555e-10
5.118156651180387e-10
5.452007452585492e-10
5.762404341010347e-10
6.045351606227977e-10
6.296853538010877e-10
6.512914426131841e-10
6.689538560363621e-10
6.822730230478849e-10
6.908493726250290e-10
6.942833337450661e-10
6.921753353852666e-10
6.841258065229036e-10
6.697351761352487e-10
6.486038731995676e-10
6.203323266931505e-10
5.845709016109072e-10
5.424408492404743e-10
4.967393941811869e-10
4.503549336517387e-10
4.061758648708581e-10
3.670905850572296e-10
3.359874914295848e-10
3.157549812065983e-10
3.092814516069947e-10
3.194552998494723e-10
3.491649231527460e-10
4.012987187355066e-10
4.787450838164637e-10
5.843924156143221e-10
7.211291113477868e-10
8.918435682356100e-10
1.099424183496411e-09
1.346759354349002e-09
1.636737478011884e-09
1.972246951703966e-09
2.356176172643985e-09
2.791413538050457e-09
3.280847445142304e-09
3.827366291137990e-09
4.433858473256332e-09
5.103212388716036e-09
5.838316434735806e-09
6.642151054827283e-09
7.522216063951178e-09
8.492493228405754e-09
9.567464951364634e-09
1.076161363600184e-08
1.208942168549244e-08
1.356537150300958e-08
1.520394549172812e-08
1.701962605482136e-08
1.902689559546379e-08
2.124023651682953e-08
2.367413122209267e-08
2.634306211442804e-08
2.926151159700840e-08
3.245796998015260e-08
3.605844188443605e-08
4.023039137040542e-08
4.514143446703563e-08
5.095918720329481e-08
5.785126560815749e-08
6.598528571059176e-08
7.552886353957073e-08
8.664961512406593e-08
9.951515649304885e-08
1.142931036754950e-07
1.311510727003685e-07
1.502566795966494e-07
1.717839019045214e-07
1.965152762470628e-07
2.263371785419861e-07
2.632525518724314e-07
3.092643393215510e-07
3.663754839724624e-07
4.365889289083156e-07
5.219095021162547e-07
6.243847547852765e-07
7.461046144343494e-07
8.891608241103600e-07
1.055645126860307e-06
1.247649265731213e-06
1.467264983769952e-06
1.717988163687791e-06
2.016331526212578e-06
2.385862974647549e-06
2.850220116357928e-06
3.433040558709200e-06
4.157961909066972e-06
5.048621774796041e-06
6.136305333114542e-06
7.486856961057877e-06
9.175878515371458e-06
1.128204340339084e-05
1.393518153341180e-05
1.730734793319465e-05
2.157192348136186e-05
2.691774079338938e-05
3.356934016457627e-05
4.175629039946221e-05
5.176810856194387e-05
6.433515074186135e-05
8.038449454597601e-05
1.008525054051729e-04
1.269730854800699e-04
1.603881676161611e-04
2.031168205025246e-04
2.573268407919472e-04
3.250419203921879e-04
4.098853317003633e-04
5.178934086817558e-04
6.542266274646375e-04
8.243561706242273e-04
1.035359162153935e-03
1.297779375465256e-03
1.618757142064715e-03
2.006792106968821e-03
2.470544688312927e-03
3.018747478581770e-03
3.660110949388927e-03
4.403255273296036e-03
5.256668190801002e-03
6.228685826699829e-03
7.327490274788811e-03
8.561113468391696e-03
9.937434206502158e-03
1.146415263939522e-02
1.314872510405978e-02
1.499824306392961e-02
1.701923538143025e-02
1.921735836679967e-02
2.159695893126502e-02
2.416050366734288e-02
2.690789426590984e-02
2.983570218111638e-02
3.293596433670463e-02
3.620843282671421e-02
3.962783694278995e-02
4.316967342118248e-02
4.679800901359944e-02
5.048580186294233e-02
5.419785653589636e-02
5.789600624379070e-02
6.154225733482035e-02
6.510178061767187e-02
6.854105932543765e-02
7.183557617959456e-02
7.496630437452902e-02
7.792047315992344e-02
8.068962283134559e-02
8.327545097496172e-02
8.568141892172559e-02
8.791223032660153e-02
8.997527345730674e-02
9.187470277113712e-02
9.362082377210044e-02
9.523180912575095e-02
9.671641222947289e-02
9.808218262386939e-02
9.933983593214324e-02
1.004949164146270e-01
1.015492607015056e-01
1.025121334140522e-01
1.033957149991611e-01
1.042120493098296e-01
1.049693639338126e-01
1.056717459570532e-01
1.063230746888576e-01
1.069267921963536e-01
1.074849740887989e-01
1.079994297715373e-01
1.084720889335042e-01
1.089061366952477e-01
1.093055050821276e-01
1.096741360188615e-01
1.100159714301670e-01
1.103349532407614e-01
1.106350233753623e-01
1.109196803463595e-01
1.111901998619323e-01
1.114471625777377e-01
1.116911489130769e-01
1.119227392872511e-01
1.121425141195613e-01
1.123510539364994e-01
1.125489846127612e-01
1.127370475647090e-01
1.129160023419605e-01
1.130866084941337e-01
1.132496255708461e-01
1.134058131217156e-01
1.135559265271599e-01
1.137005395821303e-01
1.138399782453550e-01
1.139745506530537e-01
1.141045649414461e-01
1.142303292467519e-01
1.143521517051908e-01
1.144703365460661e-01
1.145851316562694e-01
1.146967426078752e-01
1.148053739438512e-01
1.149112302071653e-01
1.150145159407853e-01
1.151154356876790e-01
1.152141845236258e-01
1.153108954049884e-01
1.154056762458150e-01
1.154986348909979e-01
1.155898791854299e-01
1.156795169740034e-01
1.157676560994767e-01
1.158543952747710e-01
1.159398031939777e-01
1.160239423906403e-01
1.161068753983018e-01
1.161886647505054e-01
1.162693729807945e-01
1.163490625321052e-01
1.164277884691286e-01
1.165055931370234e-01
1.165825176217242e-01
1.166586030091656e-01
1.167338903852824e-01
1.168084208360090e-01
1.168822345424526e-01
1.169553528660440e-01
1.170277793925584e-01
1.170995170119613e-01
1.171705686142180e-01
1.172409370892939e-01
1.173106253271543e-01
1.173796377805583e-01
1.174479925043589e-01
1.175157145570401e-01
1.175828290549672e-01
1.176493611145055e-01
1.177153358520205e-01
1.177807783838773e-01
1.178457138264414e-01
1.179101672960781e-01
1.179741639091527e-01
1.180377287820306e-01
1.181008870310770e-01
1.181636637726573e-01
1.182260840858551e-01
1.182881657407957e-01
1.183499104832010e-01
1.184113179337552e-01
1.184723877131424e-01
1.185331194420471e-01
1.185935127411534e-01
1.186535672311456e-01
1.187132825327079e-01
1.187726582665247e-01
1.188316940532801e-01
1.188903895136585e-01
1.189487442683441e-01
1.190067579380211e-01
1.190644303594701e-01
1.191217639199608e-01
1.191787626706437e-01
1.192354306912396e-01
1.192917720614690e-01
1.193477908610527e-01
1.194034911697113e-01
1.194588770671654e-01
1.195139526331358e-01
1.195687219473431e-01
1.196231890895080e-01
1.196773581393512e-01
1.197312331765932e-01
1.197848182802326e-01
1.198381169282898e-01
1.198911309080562e-01
1.199438617116755e-01
1.199963108312914e-01
1.200484797590477e-01
1.201003699870880e-01
1.201519830075562e-01
1.202033203125959e-01
1.202543833943507e-01
1.203051737449645e-01
1.203556928565810e-01
1.204059422213439e-01
1.204559233313969e-01
1.205056377165380e-01
1.205550875297922e-01
1.206042754364995e-01
1.206532041172050e-01
1.207018762524535e-01
1.207502945227901e-01
1.207984616087597e-01
1.208463801909072e-01
1.208940529497775e-01
1.209414825659157e-01
1.209886717198666e-01
1.210356230921752e-01
1.210823393633865e-01
1.211288232140175e-01
1.211750763243531e-01
1.212210967314135e-01
1.212668816429560e-01
1.213124282667374e-01
1.213577338105149e-01
1.214027954820454e-01
1.214476104890860e-01
1.214921760393938e-01
1.215364893407256e-01
1.215805476008387e-01
1.216243480274899e-01
1.216678878284364e-01
1.217111642114351e-01
1.217541745231201e-01
1.217969194998932e-01
1.218394033802873e-01
1.218816305641920e-01
1.219236054514973e-01
1.219653324420930e-01
1.220068159358689e-01
1.220480603327149e-01
1.220890700325207e-01
1.221298494351763e-01
1.221704029405715e-01
1.222107349485960e-01
1.222508498591398e-01
1.222907520720926e-01
1.223304459873443e-01
1.223699360047848e-01
1.224092265243038e-01
1.224483219457912e-01
1.224872266691369e-01
1.225259450942306e-01
1.225644816209623e-01
1.226028406492216e-01
1.226410265788986e-01
1.226790438098829e-01
1.227168967420645e-01
1.227545897753332e-01
1.227921273095787e-01
1.228295137012409e-01
1.228667516176367e-01
1.229038415318525e-01
1.229407837703308e-01
1.229775786595142e-01
1.230142265258449e-01
1.230507276957656e-01
1.230870824957186e-01
1.231232912521465e-01
1.231593542914916e-01
1.231952719401964e-01
1.232310445247034e-01
1.232666723714550e-01
1.233021558068937e-01
1.233374951574619e-01
1.233726907496022e-01
1.234077429097568e-01
1.234426519643684e-01
1.234774182398793e-01
1.235120420627321e-01
1.235465237593691e-01
1.235808636562328e-01
1.236150620797657e-01
1.236491193564103e-01
1.236830358126089e-01
1.237168117748040e-01
1.237504475694382e-01
1.237839435185426e-01
1.238172996349757e-01
1.238505154248719e-01
1.238835903473947e-01
1.239165238617079e-01
1.239493154269753e-01
1.239819645023604e-01
1.240144705470271e-01
1.240468330201390e-01
1.240790513808598e-01
1.241111250883532e-01
1.241430536017829e-01
1.241748363803127e-01
1.242064728831062e-01
1.242379625693271e-01
1.242693048981392e-01
1.243004993287061e-01
1.243315453201915e-01
1.243624423317592e-01
1.243931898225728e-01
1.244237872517961e-01
1.244542340785927e-01
1.244845297621263e-01
1.245146737615608e-01
1.245446655360597e-01
1.245745045447867e-01
1.246041902469057e-01
1.246337221056530e-01
1.246631002252671e-01
1.246923260438418e-01
1.247214011659103e-01
1.247503271960059e-01
1.247791057386617e-01
1.248077383984110e-01
1.248362267797869e-01
1.248645724873227e-01
1.248927771255516e-01
1.249208422990068e-01
1.249487696122215e-01
1.249765606697288e-01
1.250042170760622e-01
1.250317404357546e-01
1.250591323533394e-01
1.250863944333497e-01
1.251135282803188e-01
1.251405354987798e-01
1.251674176932660e-01
1.251941764683106e-01
1.252208134284468e-01
1.252473301782078e-01
1.252737283221268e-01
1.253000094647370e-01
1.253261752105717e-01
1.253522271641640e-01
1.253781669300471e-01
1.254039961127543e-01
1.254297163168187e-01
1.254553291467737e-01
1.254808362071523e-01
1.255062391024878e-01
1.255315394373133e-01
1.255567388161622e-01
1.255818388435677e-01
1.256068411240628e-01
1.256317472621809e-01
1.256565588624551e-01
1.256812775294187e-01
1.257059048676049e-01
1.257304424815468e-01
1.257548919757777e-01
1.257792549548307e-01
1.258035330232392e-01
1.258277277855363e-01
1.258518408462553e-01
1.258758738099292e-01
1.258998282810914e-01
1.259237058642750e-01
1.259475081640133e-01
1.259712367848394e-01
1.259948933312866e-01
1.260184794078881e-01
1.260419966191457e-01
1.260654462791088e-01
1.260888287014489e-01
1.261121439846261e-01
1.261353922271003e-01
1.261585735273315e-01
1.261816879837799e-01
1.262047356949054e-01
1.262277167591679e-01
1.262506312750275e-01
1.262734793409442e-01
1.262962610553781e-01
1.263189765167891e-01
1.263416258236371e-01
1.263642090743824e-01
1.263867263674847e-01
1.264091778014042e-01
1.264315634746009e-01
1.264538834855347e-01
1.264761379326657e-01
1.264983269144539e-01
1.265204505293592e-01
1.265425088758417e-01
1.265645020523615e-01
1.265864301573784e-01
1.266082932893526e-01
1.266300915467439e-01
1.266518250280125e-01
1.266734938316184e-01
1.266950980560214e-01
1.267166377996818e-01
1.267381131610593e-01
1.267595242386142e-01
1.267808711308063e-01
1.268021539360956e-01
1.268233727529423e-01
1.268445276798063e-01
1.268656188151475e-01
1.268866462574261e-01
1.269076101051020e-01
1.269285104566351e-01
1.269493474104857e-01
1.269701210651135e-01
1.269908315189787e-01
1.270114788705412e-01
1.270320632182611e-01
1.270525846605984e-01
1.270730432960130e-01
1.270934392229650e-01
1.271137725399144e-01
1.271340433453212e-01
1.271542517376454e-01
1.271743978153470e-01
1.271944816768860e-01
1.272145034207224e-01
1.272344631300537e-01
1.272543607989497e-01
1.272741963892197e-01
1.272939698626285e-01
1.273136811809409e-01
1.273333303059217e-01
1.273529171993359e-01
1.273724418229481e-01
1.273919041385233e-01
1.274113041078263e-01
1.274306416926218e-01
1.274499168546748e-01
1.274691295557500e-01
1.274882797576123e-01
1.275073674220264e-01
1.275263925107573e-01
1.275453549855697e-01
1.275642548082285e-01
1.275830919404985e-01
1.276018663441446e-01
1.276205779809315e-01
1.276392268126240e-01
1.276578128009871e-01
1.276763359077855e-01
1.276947960947841e-01
1.277131933237476e-01
1.277315275564410e-01
1.277497987546290e-01
1.277680068800765e-01
1.277861518945483e-01
1.278042337598091e-01
1.278222524376240e-01
1.278402078897576e-01
1.278581000779747e-01
1.278759289640403e-01
1.278936945097192e-01
1.279113966767761e-01
1.279290354269760e-01
1.279466107220835e-01
1.279641225238637e-01
1.279815707940812e-01
1.279989554945009e-01
1.280162765868877e-01
1.280335340330063e-01
1.280507277946216e-01
1.280678578334984e-01
1.280849241114015e-01
1.281019265900958e-01
1.281188652313461e-01
1.281357399969173e-01
1.281525508485740e-01
1.281692977480813e-01
1.281859806572039e-01
1.282025995377065e-01
1.282191543758945e-01
1.282356454114184e-01
1.282520730333890e-01
1.282684376328488e-01
1.282847396008404e-01
1.283009793284062e-01
1.283171572065888e-01
1.283332736264307e-01
1.283493289789744e-01
1.283653236552624e-01
1.283812580463373e-01
1.283971325432416e-01
1.284129475370178e-01
1.284287034187085e-01
1.284444005793560e-01
1.284600394100031e-01
1.284756203016922e-01
1.284911436454658e-01
1.285066098323665e-01
1.285220192534367e-01
1.285373722997190e-01
1.285526693622560e-01
1.285679108320900e-01
1.285830971002637e-01
1.285982285578197e-01
1.286133055958003e-01
1.286283286052481e-01
1.286432979772057e-01
1.286582141027156e-01
1.286730773728202e-01
1.286878881785622e-01
1.287026469109840e-01
1.287173539611281e-01
1.287320097200372e-01
1.287466145787536e-01
1.287611689283200e-01
1.287756731597788e-01
1.287901276641727e-01
1.288045328325439e-01
1.288188890559353e-01
1.288331967253891e-01
1.288474562319480e-01
1.288616679666546e-01
1.288758323205512e-01
1.288899496846804e-01
1.289040204500848e-01
1.289180450078069e-01
1.289320237488892e-01
1.289459570643742e-01
1.289598453453044e-01
1.289736889827224e-01
1.289874883676707e-01
1.290012438911918e-01
1.290149559443282e-01
1.290286249181225e-01
1.290422512036171e-01
1.290558351918547e-01
1.290693772738777e-01
1.290828778407286e-01
1.290963372834500e-01
1.291097559930844e-01
1.291231343606743e-01
1.291364727772622e-01
1.291497716338907e-01
1.291630313216023e-01
1.291762522314394e-01
1.291894347544447e-01
1.292025792816607e-01
1.292156862041298e-01
1.292287559128946e-01
1.292417887989976e-01
1.292547852534813e-01
1.292677456673883e-01
1.292806704317611e-01
1.292935599376422e-01
1.293064145760741e-01
1.293192347380994e-01
1.293320208147605e-01
1.293447731971001e-01
1.293574922761605e-01
1.293701784429844e-01
1.293828320886142e-01
1.293954536040925e-01
1.294080433804619e-01
1.294206018087647e-01
1.294331292800436e-01
1.294456261853411e-01
1.294580929156997e-01
1.294705298621619e-01
1.294829374157702e-01
1.294953159675672e-01
1.295076659085954e-01
1.295199876298973e-01
1.295322815225154e-01
1.295445479774923e-01
1.295567873858705e-01
1.295690001386924e-01
1.295811866270007e-01
1.295933472418378e-01
1.296054823742463e-01
1.296175924152686e-01
1.296296777559474e-01
1.296417387873251e-01
1.296537759004442e-01
1.296657894863474e-01
1.296777799360770e-01
1.296897476406757e-01
1.297016929911859e-01
1.297136163758396e-01
1.297255180328305e-01
1.297373979778958e-01
1.297492562087710e-01
1.297610927231915e-01
1.297729075188926e-01
1.297847005936098e-01
1.297964719450784e-01
1.298082215710338e-01
1.298199494692114e-01
1.298316556373467e-01
1.298433400731749e-01
1.298550027744315e-01
1.298666437388519e-01
1.298782629641714e-01
1.298898604481255e-01
1.299014361884495e-01
1.299129901828789e-01
1.299245224291489e-01
1.299360329249951e-01
1.299475216681528e-01
1.299589886563574e-01
1.299704338873442e-01
1.299818573588487e-01
1.299932590686063e-01
1.300046390143524e-01
1.300159971938222e-01
1.300273336047513e-01
1.300386482448750e-01
1.300499411119287e-01
1.300612122036478e-01
1.300724615177677e-01
1.300836890520238e-01
1.300948948041515e-01
1.301060787718861e-01
1.301172409529630e-01
1.301283813451177e-01
1.301394999460855e-01
1.301505967536019e-01
1.301616717654021e-01
1.301727249792216e-01
1.301837563927958e-01
1.301947660038601e-01
1.302057538101499e-01
1.302167198094005e-01
1.302276639993473e-01
1.302385863777258e-01
1.302494869422713e-01
1.302603656907193e-01
1.302712226208050e-01
1.302820577302639e-01
1.302928710168314e-01
1.303036624782429e-01
1.303144321122338e-01
1.303251799165394e-01
1.303359058888951e-01
1.303466100270364e-01
1.303572923286986e-01
1.303679527916171e-01
1.303785914135273e-01
1.303892081921646e-01
1.303998031252644e-01
1.304103762105621e-01
1.304209274457930e-01
1.304314568286925e-01
1.304419643569961e-01
1.304524500284392e-01
1.304629138407571e-01
1.304733557916851e-01
1.304837758789588e-01
1.304941741003135e-01
1.305045504534845e-01
1.305149049362073e-01
1.305252375462173e-01
1.305355482812498e-01
1.305458371390403e-01
1.305561041173241e-01
1.305663492138366e-01
1.305765724263132e-01
1.305867737524893e-01
1.305969531901003e-01
1.306071107368816e-01
1.306172463905686e-01
1.306273601488966e-01
1.306374520096011e-01
1.306475219704173e-01
1.306575700290809e-01
1.306675961833270e-01
1.306776004308912e-01
1.306875827695087e-01
1.306975431969150e-01
1.307074817108455e-01
1.307173983090356e-01
1.307272929892206e-01
1.307371657491360e-01
1.307470165865171e-01
1.307568454990994e-01
1.307666524846181e-01
1.307764375408088e-01
1.307862006654067e-01
1.307959418561474e-01
1.308056611107661e-01
1.308153584269983e-01
1.308250338025793e-01
1.308346872352446e-01
1.308443187227295e-01
1.308539282627694e-01
1.308635158530998e-01
1.308730814914559e-01
1.308826251883979e-01
1.308921470057845e-01
1.309016470182989e-01
1.309111253006246e-01
1.309205819274449e-01
1.309300169734432e-01
1.309394305133028e-01
1.309488226217071e-01
1.309581933733394e-01
1.309675428428831e-01
1.309768711050215e-01
1.309861782344381e-01
1.309954643058160e-01
1.310047293938388e-01
1.310139735731897e-01
1.310231969185521e-01
1.310323995046094e-01
1.310415814060449e-01
1.310507426975420e-01
1.310598834537840e-01
1.310690037494543e-01
1.310781036592363e-01
1.310871832578132e-01
1.310962426198684e-01
1.311052818200854e-01
1.311143009331474e-01
1.311233000337378e-01
1.311322791965400e-01
1.311412384962373e-01
1.311501780075131e-01
1.311590978050507e-01
1.311679979635335e-01
1.311768785576448e-01
1.311857396620680e-01
1.311945813514864e-01
1.312034037005834e-01
1.312122067840424e-01
1.312209906765467e-01
1.312297554527797e-01
1.312385011874247e-01
1.312472279551650e-01
1.312559358306841e-01
1.312646248886652e-01
1.312732952037918e-01
1.312819468507471e-01
1.312905799042146e-01
1.312991944388776e-01
1.313077905294195e-01
1.313163682505236e-01
1.313249276768732e-01
1.313334688831517e-01
1.313419919440425e-01
1.313504969342289e-01
1.313589839283943e-01
1.313674530012220e-01
1.313759042273954e-01
1.313843376815979e-01
1.313927534385127e-01
1.314011515728233e-01
1.314095321592130e-01
1.314178952723652e-01
1.314262409869631e-01
1.314345693776902e-01
1.314428805192299e-01
1.314511744862654e-01
1.314594513534802e-01
1.314677111955575e-01
1.314759540871808e-01
1.314841801030334e-01
1.314923893177986e-01
1.315005818061598e-01
1.315087576428004e-01
1.315169169024037e-01
1.315250596596530e-01
1.315331859892318e-01
1.315412959658233e-01
1.315493896641110e-01
1.315574671587781e-01
1.315655285245081e-01
1.315735738359843e-01
1.315816031678901e-01
1.315896165949087e-01
1.315976141917236e-01
1.316055960330180e-01
1.316135621934755e-01
1.316215127477793e-01
1.316294477706127e-01
1.316373673366592e-01
1.316452715206020e-01
1.316531603971246e-01
1.316610340409103e-01
1.316688925266424e-01
1.316767359290043e-01
1.316845643226794e-01
1.316923777823509e-01
1.317001763827024e-01
1.317079601984170e-01
1.317157293041782e-01
1.317234837746694e-01
1.317312236845738e-01
1.317389491085749e-01
1.317466601213559e-01
1.317543567976003e-01
1.317620392119914e-01
1.317697074392125e-01
1.317773615539471e-01
1.317850016308784e-01
1.317926277446898e-01
1.318002399664465e-01
1.318078383225021e-01
1.318154228090541e-01
1.318229934217352e-01
1.318305501561779e-01
1.318380930080149e-01
1.318456219728787e-01
1.318531370464019e-01
1.318606382242171e-01
1.318681255019570e-01
1.318755988752541e-01
1.318830583397411e-01
1.318905038910504e-01
1.318979355248149e-01
1.319053532366669e-01
1.319127570222392e-01
1.319201468771644e-01
1.319275227970749e-01
1.319348847776035e-01
1.319422328143827e-01
1.319495669030452e-01
1.319568870392235e-01
1.319641932185503e-01
1.319714854366580e-01
1.319787636891795e-01
1.319860279717471e-01
1.319932782799936e-01
1.320005146095515e-01
1.320077369560535e-01
1.320149453151321e-01
1.320221396824199e-01
1.320293200535496e-01
1.320364864241537e-01
1.320436387898648e-01
1.320507771463156e-01
1.320579014891386e-01
1.320650118139665e-01
1.320721081164318e-01
1.320791903921671e-01
1.320862586368051e-01
1.320933128459783e-01
1.321003530153193e-01
1.321073791404608e-01
1.321143912170353e-01
1.321213892406755e-01
1.321283732070139e-01
1.321353431116832e-01
1.321422989503158e-01
1.321492407185446e-01
1.321561684120019e-01
1.321630820263205e-01
1.321699815571330e-01
1.321768670000718e-01
1.321837383507698e-01
1.321905956048593e-01
1.321974387579731e-01
1.322042678057438e-01
1.322110827438039e-01
1.322178835677860e-01
1.322246702733228e-01
1.322314428560468e-01
1.322382013115906e-01
1.322449456355869e-01
1.322516758236683e-01
1.322583918714672e-01
1.322650937746164e-01
1.322717815287485e-01
1.322784551294960e-01
1.322851145724915e-01
1.322917598533677e-01
1.322983909677572e-01
1.323050079112924e-01
1.323116106796061e-01
1.323181992683309e-01
1.323247736730993e-01
1.323313338895440e-01
1.323378799132974e-01
1.323444117399924e-01
1.323509293652614e-01
1.323574327847370e-01
1.323639219940518e-01
1.323703969888385e-01
1.323768577647297e-01
1.323833043173579e-01
1.323897366423557e-01
1.323961547353558e-01
1.324025585919908e-01
1.324089482078931e-01
1.324153235786956e-01
1.324216847000306e-01
1.324280315675309e-01
1.324343641768291e-01
1.324406825235577e-01
1.324469866033494e-01
1.324532764118367e-01
1.324595519446522e-01
1.324658131974286e-01
1.324720601657984e-01
1.324782928453943e-01
1.324845112318488e-01
1.324907153207946e-01
1.324969051078642e-01
1.325030805886903e-01
1.325092417589054e-01
1.325153886141422e-01
1.325215211500332e-01
1.325276393622111e-01
1.325337432463084e-01
1.325398327981374e-01
1.325459080274075e-01
1.325519689673854e-01
1.325580156536192e-01
1.325640481216573e-01
1.325700664070479e-01
1.325760705453393e-01
1.325820605720799e-01
1.325880365228180e-01
1.325939984331018e-01
1.325999463384797e-01
1.326058802744999e-01
1.326118002767108e-01
1.326177063806606e-01
1.326235986218977e-01
1.326294770359703e-01
1.326353416584268e-01
1.326411925248154e-01
1.326470296706845e-01
1.326528531315823e-01
1.326586629430571e-01
1.326644591406573e-01
1.326702417599311e-01
1.326760108364269e-01
1.326817664056929e-01
1.326875085032775e-01
1.326932371647289e-01
1.326989524255954e-01
1.327046543214254e-01
1.327103428877671e-01
1.327160181601688e-01
1.327216801741789e-01
1.327273289653456e-01
1.327329645692173e-01
1.327385870213422e-01
1.327441963572686e-01
1.327497926125448e-01
1.327553758227192e-01
1.327609460233400e-01
1.327665032499556e-01
1.327720475381142e-01
1.327775789233641e-01
1.327830974412536e-01
1.327886031273310e-01
1.327940960171447e-01
1.327995761462429e-01
1.328050435501740e-01
1.328104982644861e-01
1.328159403247277e-01
1.328213697664470e-01
1.328267866251923e-01
1.328321909365120e-01
1.328375827359543e-01
1.328429620590675e-01
1.328483289413999e-01
1.328536834184998e-01
1.328590255259155e-01
1.328643552991954e-01
1.328696727738876e-01
1.328749779855407e-01
1.328802709697026e-01
1.328855517619220e-01
1.328908203977469e-01
1.328960769127258e-01
1.329013213424068e-01
1.329065537223384e-01
1.329117740880688e-01
1.329169824751462e-01
1.329221789191191e-01
1.329273634555357e-01
1.329325361199444e-01
1.329376969478933e-01
1.329428459749308e-01
1.329479832366052e-01
1.329531087684649e-01
1.329582226060580e-01
1.329633247849329e-01
1.329684153406380e-01
1.329734943087214e-01
1.329785617247316e-01
1.329836176242167e-01
1.329886620427252e-01
1.329936950158052e-01
1.329987165790051e-01
1.330037267678733e-01
1.330087256179579e-01
1.330137131648073e-01
1.330186894439699e-01
1.330236544909938e-01
1.330286083414274e-01
1.330335510308190e-01
1.330384825947169e-01
1.330434030686694e-01
1.330483124882248e-01
1.330532108889313e-01
1.330580983063374e-01
1.330629747759912e-01
1.330678403334412e-01
1.330726950142355e-01
1.330775388539225e-01
1.330823718880505e-01
1.330871941521677e-01
1.330920056818226e-01
1.330968065125633e-01
1.331015966799383e-01
1.331063762194957e-01
1.331111451667839e-01
1.331159035573511e-01
1.331206514267458e-01
1.331253888105161e-01
1.331301157442104e-01
1.331348322633770e-01
1.331395384035641e-01
1.331442342003201e-01
1.331489196891933e-01
1.331535949057320e-01
1.331582598854845e-01
1.331629146639990e-01
1.331675592768239e-01
1.331721937595075e-01
1.331768181475980e-01
1.331814324766438e-01
1.331860367821932e-01
1.331906310997945e-01
1.331952154649959e-01
1.331997899133457e-01
1.332043544803924e-01
1.332089092016841e-01
1.332134541127692e-01
1.332179892491959e-01
1.332225146465126e-01
1.332270303402676e-01
1.332315363660091e-01
1.332360327592855e-01
1.332405195556451e-01
1.332449967906361e-01
1.332494644998068e-01
1.332539227187057e-01
1.332583714828809e-01
1.332628108278807e-01
1.332672407892535e-01
1.332716614025475e-01
1.332760727033112e-01
1.332804747270926e-01
1.332848675094402e-01
1.332892510859023e-01
1.332936254920271e-01
1.332979907633630e-01
1.333023469354582e-01
1.333066940438611e-01
1.333110321241199e-01
1.333153612117829e-01
1.333196813423985e-01
1.333239925515150e-01
1.333282948746806e-01
1.333325883474436e-01
1.333368730053524e-01
1.333411488839553e-01
1.333454160188004e-01
1.333496744454362e-01
1.333539241994110e-01
1.333581653162730e-01
1.333623978315706e-01
1.333666217808519e-01
1.333708371996654e-01
1.333750441235594e-01
1.333792425880821e-01
1.333834326287818e-01
1.333876142812069e-01
1.333917875809056e-01
1.333959525634262e-01
1.334001092643171e-01
1.334042577191265e-01
1.334083979634027e-01
1.334125300326940e-01
1.334166539625488e-01
1.334207697885154e-01
1.334248775461419e-01
1.334289772709768e-01
1.334330689985683e-01
1.334371527644647e-01
1.334412286042144e-01
1.334452965533655e-01
1.334493566474665e-01
1.334534089220657e-01
1.334574534127112e-01
1.334614901549515e-01
1.334655191843348e-01
1.334695405364094e-01
1.334735542467236e-01
1.334775603508258e-01
1.334815588842641e-01
1.334855498825870e-01
1.334895333813427e-01
1.334935094160796e-01
1.334974780223458e-01
1.335014392356897e-01
1.335053930916597e-01
1.335093396258040e-01
1.335132788736709e-01
1.335172108708087e-01
1.335211356527657e-01
1.335250532550902e-01
1.335289637133306e-01
1.335328670630350e-01
1.335367633397518e-01
1.335406525790294e-01
1.335445348164160e-01
1.335484100874598e-01
1.335522784277093e-01
1.335561398727127e-01
1.335599944580183e-01
1.335638422191744e-01
1.335676831917292e-01
1.335715174112312e-01
1.335753449132286e-01
1.335791657332697e-01
1.335829799060355e-01
1.335867874532303e-01
1.335905883865686e-01
1.335943827175081e-01
1.335981704575065e-01
1.336019516180213e-01
1.336057262105102e-01
1.336094942464310e-01
1.336132557372411e-01
1.336170106943983e-01
1.336207591293601e-01
1.336245010535844e-01
1.336282364785286e-01
1.336319654156504e-01
1.336356878764075e-01
1.336394038722576e-01
1.336431134146581e-01
1.336468165150670e-01
1.336505131849416e-01
1.336542034357397e-01
1.336578872789190e-01
1.336615647259371e-01
1.336652357882516e-01
1.336689004773201e-01
1.336725588046004e-01
1.336762107815500e-01
1.336798564196266e-01
1.336834957302879e-01
1.336871287249914e-01
1.336907554151949e-01
1.336943758123559e-01
1.336979899279322e-01
1.337015977733813e-01
1.337051993601610e-01
1.337087946997288e-01
1.337123838035423e-01
1.337159666830594e-01
1.337195433497374e-01
1.337231138150343e-01
1.337266780904074e-01
1.337302361873146e-01
1.337337881172135e-01
1.337373338915616e-01
1.337408735218167e-01
1.337444070194364e-01
1.337479343958783e-01
1.337514556626001e-01
1.337549708310594e-01
1.337584799127139e-01
1.337619829190212e-01
1.337654798614389e-01
1.337689707514247e-01
1.337724556004363e-01
1.337759344199312e-01
1.337794072213672e-01
1.337828740162018e-01
1.337863348158927e-01
1.337897896318976e-01
1.337932384756741e-01
1.337966813586798e-01
1.338001182923725e-01
1.338035492882096e-01
1.338069743576490e-01
1.338103935121481e-01
1.338138067631647e-01
1.338172141221564e-01
1.338206156005809e-01
1.338240112098957e-01
1.338274009615586e-01
1.338307848670272e-01
1.338341629377591e-01
1.338375351852120e-01
1.338409016208434e-01
1.338442622561112e-01
1.338476171024728e-01
1.338509661713860e-01
1.338543094743083e-01
1.338576470226976e-01
1.338609788280112e-01
1.338643049017070e-01
1.338676252552426e-01
1.338709399000755e-01
1.338742488476635e-01
1.338775521094642e-01
1.338808496969353e-01
1.338841416215343e-01
1.338874278947189e-01
1.338907085279468e-01
1.338939835326756e-01
1.338972529203630e-01
1.339005167024666e-01
1.339037748904440e-01
1.339070274957529e-01
1.339102745298510e-01
1.339135160041958e-01
1.339167519302450e-01
1.339199823194563e-01
1.339232071832873e-01
1.339264265331956e-01
1.339296403806390e-01
1.339328487370750e-01
1.339360516139612e-01
1.339392490227554e-01
1.339424409749152e-01
1.339456274818981e-01
1.339488085551620e-01
1.339519842061643e-01
1.339551544463627e-01
1.339583192872150e-01
1.339614787401787e-01
1.339646328167114e-01
1.339677815282709e-01
1.339709248863148e-01
1.339740629023006e-01
1.339771955876861e-01
1.339803229539289e-01
1.339834450124866e-01
1.339865617748169e-01
1.339896732523775e-01
1.339927794566259e-01
1.339958803990198e-01
1.339989760910168e-01
1.340020665440747e-01
1.340051517696510e-01
1.340082317792034e-01
1.340113065841896e-01
1.340143761960670e-01
1.340174406262936e-01
1.340204998863267e-01
1.340235539876242e-01
1.340266029416437e-01
1.340296467598427e-01
1.340326854536790e-01
1.340357190346102e-01
1.340387475140938e-01
1.340417709035877e-01
1.340447892145493e-01
1.340478024584365e-01
1.340508106467067e-01
1.340538137908177e-01
1.340568119022270e-01
1.340598049923924e-01
1.340627930727714e-01
1.340657761548218e-01
1.340687542500011e-01
1.340717273697671e-01
1.340746955255773e-01
1.340776587288894e-01
1.340806169911610e-01
1.340835703238498e-01
1.340865187384134e-01
1.340894622463095e-01
1.340924008589957e-01
1.340953345879297e-01
1.340982634445691e-01
1.341011874403715e-01
1.341041065867946e-01
1.341070208952960e-01
1.341099303773334e-01
1.341128350443644e-01
1.341157349078467e-01
1.341186299792379e-01
1.341215202699957e-01
1.341244057915776e-01
1.341272865554414e-01
1.341301625730446e-01
1.341330338558450e-01
1.341359004153002e-01
1.341387622628677e-01
1.341416194100054e-01
1.341444718681707e-01
1.341473196488213e-01
1.341501627634150e-01
1.341530012234093e-01
1.341558350402618e-01
1.341586642254303e-01
1.341614887903723e-01
1.341643087465456e-01
1.341671241054077e-01
1.341699348784163e-01
1.341727410770290e-01
1.341755427127035e-01
1.341783397968974e-01
1.341811323410685e-01
1.341839203566742e-01
1.341867038551722e-01
1.341894828480203e-01
1.341922573466760e-01
1.341950273625970e-01
1.341977929072410e-01
1.342005539920655e-01
1.342033106285282e-01
1.342060628280868e-01
1.342088106021989e-01
1.342115539623222e-01
1.342142929199142e-01
1.342170274864327e-01
1.342197576733353e-01
1.342224834920795e-01
1.342252049541232e-01
1.342279220709239e-01
1.342306348539392e-01
1.342333433146269e-01
1.342360474644444e-01
1.342387473148496e-01
1.342414428773000e-01
1.342441341632533e-01
1.342468211841670e-01
1.342495039514990e-01
1.342521824767068e-01
1.342548567712480e-01
1.342575268465803e-01
1.342601927141613e-01
1.342628543854487e-01
1.342655118719002e-01
1.342681651849733e-01
1.342708143361257e-01
1.342734593368151e-01
1.342761001984991e-01
1.342787369326353e-01
1.342813695506815e-01
1.342839980640951e-01
1.342866224843339e-01
1.342892428228556e-01
1.342918590911177e-01
1.342944713005779e-01
1.342970794626939e-01
1.342996835889232e-01
1.343022836907236e-01
1.343048797795527e-01
1.343074718668681e-01
1.343100599641275e-01
1.343126440827885e-01
1.343152242343087e-01
1.343178004301459e-01
1.343203726817576e-01
1.343229410006015e-01
1.343255053981352e-01
1.343280658858164e-01
1.343306224751027e-01
1.343331751774517e-01
1.343357240043212e-01
1.343382689671687e-01
1.343408100774520e-01
1.343433473466285e-01
1.343458807861561e-01
1.343484104074922e-01
1.343509362220947e-01
1.343534582414210e-01
1.343559764769290e-01
1.343584909400761e-01
1.343610016423200e-01
1.343635085951184e-01
1.343660118099290e-01
1.343685112982094e-01
1.343710070714171e-01
1.343734991410100e-01
1.343759875184455e-01
1.343784722151814e-01
1.343809532426753e-01
1.343834306123848e-01
1.343859043357676e-01
1.343883744242814e-01
1.343908408893837e-01
1.343933037425322e-01
1.343957629951845e-01
1.343982186587984e-01
1.344006707448314e-01
1.344031192647412e-01
1.344055642299855e-01
1.344080056520218e-01
1.344104435423078e-01
1.344128779123012e-01
1.344153087734596e-01
1.344177361372407e-01
1.344201600151020e-01
1.344225804185013e-01
1.344249973588962e-01
1.344274108477443e-01
1.344298208965033e-01
1.344322275166308e-01
1.344346307195844e-01
1.344370305168218e-01
1.344394269198007e-01
1.344418199399787e-01
1.344442095888134e-01
1.344465958777625e-01
1.344489788182836e-01
1.344513584218343e-01
1.344537346998724e-01
1.344561076638554e-01
1.344584773252410e-01
1.344608436954869e-01
1.344632067860506e-01
1.344655666083899e-01
1.344679231739623e-01
1.344702764942256e-01
1.344726265806373e-01
1.344749734446551e-01
1.344773170977366e-01
1.344796575513396e-01
1.344819948169216e-01
1.344843289059402e-01
1.344866598298532e-01
1.344889876001181e-01
1.344913122281926e-01
1.344936337255344e-01
1.344959521036011e-01
1.344982673738503e-01
1.345005795477398e-01
1.345028886367270e-01
1.345051946522697e-01
1.345074976058255e-01
1.345097975088521e-01
1.345120943728070e-01
1.345143882091481e-01
1.345166790293328e-01
1.345189668448188e-01
1.345212516670638e-01
1.345235335075255e-01
1.345258123776614e-01
1.345280882889292e-01
1.345303612527865e-01
1.345326312806911e-01
1.345348983841005e-01
1.345371625744724e-01
1.345394238632644e-01
1.345416822619341e-01
1.345439377819393e-01
1.345461904347376e-01
1.345484402317865e-01
1.345506871845438e-01
1.345529313044671e-01
1.345551726030140e-01
1.345574110916422e-01
1.345596467818093e-01
1.345618796849730e-01
1.345641098125908e-01
1.345663371761206e-01
1.345685617870198e-01
1.345707836567462e-01
1.345730027967573e-01
1.345752192185109e-01
1.345774329334646e-01
1.345796439530759e-01
1.345818522888026e-01
1.345840579521023e-01
1.345862609544327e-01
1.345884613072514e-01
1.345906590220159e-01
1.345928541101841e-01
1.345950465832135e-01
1.345972364525617e-01
1.345994237296865e-01
1.346016084260454e-01
1.346037905530961e-01
1.346059701222962e-01
1.346081471451035e-01
1.346103216329754e-01
1.346124935973697e-01
1.346146630497441e-01
1.346168300015561e-01
1.346189944642634e-01
1.346211564493236e-01
1.346233159681944e-01
1.346254730323335e-01
1.346276276531984e-01
1.346297798422469e-01
1.346319296109365e-01
1.346340769707249e-01
1.346362219330698e-01
1.346383645094288e-01
1.346405047112595e-01
1.346426425500196e-01
1.346447780371667e-01
1.346469111841585e-01
1.346490420024526e-01
1.346511705035067e-01
1.346532966987784e-01
1.346554205997253e-01
1.346575422178051e-01
1.346596615644755e-01
1.346617786511939e-01
1.346638934894183e-01
1.346660060906061e-01
1.346681164662150e-01
1.346702246277026e-01
1.346723305865267e-01
1.346744343541448e-01
1.346765359420146e-01
1.346786353615937e-01
1.346807326243398e-01
1.346828277417104e-01
1.346849207251634e-01
1.346870115861563e-01
1.346891003361466e-01
1.346911869865922e-01
1.346932715489506e-01
1.346953540346795e-01
1.346974344552365e-01
1.346995128220793e-01
1.347015891466655e-01
1.347036634404528e-01
1.347057357148987e-01
1.347078059814610e-01
1.347098742515972e-01
1.347119405367651e-01
1.347140048484222e-01
1.347160671980263e-01
1.347181275970349e-01
1.347201860569058e-01
1.347222425890965e-01
1.347242972050646e-01
1.347263499162679e-01
1.347284007341640e-01
1.347304496702105e-01
1.347324967358650e-01
1.347345419425853e-01
1.347365853018289e-01
1.347386268250536e-01
1.347406665237168e-01
1.347427044092764e-01
1.347447404931898e-01
1.347467747869149e-01
1.347488073019091e-01
1.347508380496302e-01
1.347528670415358e-01
1.347548942890836e-01
1.347569198037311e-01
1.347589435969361e-01
1.347609656801562e-01
1.347629860648489e-01
1.347650047624721e-01
1.347670217844661e-01
1.347690371386354e-01
1.347710508246722e-01
1.347730628411707e-01
1.347750731867255e-01
1.347770818599309e-01
1.347790888593813e-01
1.347810941836711e-01
1.347830978313947e-01
1.347850998011466e-01
1.347871000915211e-01
1.347890987011127e-01
1.347910956285156e-01
1.347930908723244e-01
1.347950844311335e-01
1.347970763035372e-01
1.347990664881299e-01
1.348010549835061e-01
1.348030417882601e-01
1.348050269009864e-01
1.348070103202794e-01
1.348089920447334e-01
1.348109720729428e-01
1.348129504035022e-01
1.348149270350058e-01
1.348169019660480e-01
1.348188751952234e-01
1.348208467211262e-01
1.348228165423509e-01
1.348247846574919e-01
1.348267510651436e-01
1.348287157639003e-01
1.348306787523566e-01
1.348326400291067e-01
1.348345995927452e-01
1.348365574418663e-01
1.348385135750645e-01
1.348404679909343e-01
1.348424206880700e-01
1.348443716650659e-01
1.348463209205166e-01
1.348482684530164e-01
1.348502142611597e-01
1.348521583435409e-01
1.348541006987545e-01
1.348560413253947e-01
1.348579802220562e-01
1.348599173873331e-01
1.348618528198200e-01
1.348637865181112e-01
1.348657184808012e-01
1.348676487064843e-01
1.348695771937549e-01
1.348715039412075e-01
1.348734289474365e-01
1.348753522110362e-01
1.348772737306010e-01
1.348791935047255e-01
1.348811115320039e-01
1.348830278110306e-01
1.348849423404001e-01
1.348868551187068e-01
1.348887661445451e-01
1.348906754165093e-01
1.348925829331940e-01
1.348944886931934e-01
1.348963926951020e-01
1.348982949375142e-01
1.349001954190243e-01
1.349020941382269e-01
1.349039910937163e-01
1.349058862840868e-01
1.349077797079330e-01
1.349096713638492e-01
1.349115612504298e-01
1.349134493662691e-01
1.349153357099618e-01
1.349172202801020e-01
1.349191030752842e-01
1.349209840941029e-01
1.349228633351524e-01
1.349247407970271e-01
1.349266164783214e-01
1.349284903776298e-01
1.349303624935466e-01
1.349322328246663e-01
1.349341013695832e-01
1.349359681268917e-01
1.349378330951863e-01
1.349396962730614e-01
1.349415576591113e-01
1.349434172519304e-01
1.349452750501132e-01
1.349471310522541e-01
1.349489852569474e-01
1.349508376627876e-01
1.349526882683691e-01
1.349545370722862e-01
1.349563840731334e-01
1.349582292695051e-01
1.349600726599957e-01
1.349619142431996e-01
1.349637540177111e-01
1.349655919821247e-01
1.349674281350349e-01
1.349692624750359e-01
1.349710950007222e-01
1.349729257106882e-01
1.349747546035283e-01
1.349765816778370e-01
1.349784069322085e-01
1.349802303652373e-01
1.349820519755179e-01
1.349838717616446e-01
1.349856897222118e-01
1.349875058558139e-01
1.349893201610454e-01
1.349911326365005e-01
1.349929432807739e-01
1.349947520924597e-01
1.349965590701525e-01
1.349983642124466e-01
1.350001675179364e-01
1.350019689852165e-01
1.350037686128810e-01
1.350055663995245e-01
1.350073623437414e-01
1.350091564441260e-01
1.350109486992727e-01
1.350127391077761e-01
1.350145276682304e-01
1.350163143792301e-01
1.350180992393695e-01
1.350198822472431e-01
1.350216634014453e-01
1.350234427005705e-01
1.350252201432130e-01
1.350269957279673e-01
1.350287694534278e-01
1.350305413181890e-01
1.350323113208451e-01
1.350340794599905e-01
1.350358457342199e-01
1.350376101421273e-01
1.350393726823075e-01
1.350411333533545e-01
1.350428921538631e-01
1.350446490824274e-01
1.350464041376419e-01
1.350481573181011e-01
1.350499086223993e-01
1.350516580491309e-01
1.350534055968903e-01
1.350551512642720e-01
1.350568950498703e-01
1.350586369522796e-01
1.350603769700944e-01
1.350621151019090e-01
1.350638513463178e-01
1.350655857019153e-01
1.350673181672959e-01
1.350690487410539e-01
1.350707774217837e-01
1.350725042080798e-01
1.350742290985366e-01
1.350759520917484e-01
1.350776731863097e-01
1.350793923808148e-01
1.350811096738583e-01
1.350828250640344e-01
1.350845385499376e-01
1.350862501301622e-01
1.350879598033028e-01
1.350896675679536e-01
1.350913734227091e-01
1.350930773661637e-01
1.350947793969118e-01
1.350964795135478e-01
1.350981777146661e-01
1.350998739988611e-01
1.351015683647272e-01
1.351032608108588e-01
1.351049513358503e-01
1.351066399382962e-01
1.351083266167907e-01
1.351100113699284e-01
1.351116941963036e-01
1.351133750945107e-01
1.351150540631441e-01
1.351167311007983e-01
1.351184062060676e-01
1.351200793775464e-01
1.351217506138292e-01
1.351234199135103e-01
1.351250872751842e-01
1.351267526974452e-01
1.351284161788878e-01
1.351300777181063e-01
1.351317373136951e-01
1.351333949642488e-01
1.351350506683615e-01
1.351367044246279e-01
1.351383562316422e-01
1.351400060879989e-01
1.351416539922923e-01
1.351432999431169e-01
1.351449439390671e-01
1.351465859787373e-01
1.351482260607219e-01
1.351498641836152e-01
1.351515003460118e-01
1.351531345465059e-01
1.351547667836920e-01
1.351563970561646e-01
1.351580253625179e-01
1.351596517013464e-01
1.351612760712445e-01
1.351628984708067e-01
1.351645188986272e-01
1.351661373533006e-01
1.351677538334212e-01
1.351693683375834e-01
1.351709808643816e-01
1.351725914124102e-01
1.351741999802637e-01
1.351758065665364e-01
1.351774111698227e-01
1.351790137887171e-01
1.351806144218139e-01
1.351822130677076e-01
1.351838097249925e-01
1.351854043922630e-01
1.351869970681136e-01
1.351885877511387e-01
1.351901764399326e-01
1.351917631330897e-01
1.351933478292045e-01
1.351949305268714e-01
1.351965112246848e-01
1.351980899212390e-01
1.351996666151285e-01
1.352012413049477e-01
1.352028139892909e-01
1.352043846667526e-01
1.352059533359272e-01
1.352075199954091e-01
1.352090846437927e-01
1.352106472796724e-01
1.352122079016426e-01
1.352137665082977e-01
1.352153230982320e-01
1.352168776700401e-01
1.352184302223163e-01
1.352199807536550e-01
1.352215292626506e-01
1.352230757478975e-01
1.352246202079901e-01
1.352261626415229e-01
1.352277030470902e-01
1.352292414232864e-01
1.352307777687059e-01
1.352323120819432e-01
1.352338443615926e-01
1.352353746062485e-01
1.352369028145053e-01
1.352384289849576e-01
1.352399531161995e-01
1.352414752068256e-01
1.352429952554303e-01
1.352445132606079e-01
1.352460292209529e-01
1.352475431350596e-01
1.352490550015225e-01
1.352505648189359e-01
1.352520725858944e-01
1.352535783009921e-01
1.352550819628237e-01
1.352565835699834e-01
1.352580831210658e-01
1.352595806146651e-01
1.352610760493757e-01
1.352625694237922e-01
1.352640607365089e-01
1.352655499861201e-01
1.352670371712204e-01
1.352685222904040e-01
1.352700053422655e-01
1.352714863253991e-01
1.352729652383994e-01
1.352744420798606e-01
1.352759168483773e-01
1.352773895425438e-01
1.352788601609545e-01
1.352803287022039e-01
1.352817951648862e-01
1.352832595475960e-01
1.352847218489276e-01
1.352861820674755e-01
1.352876402018340e-01
1.352890962505975e-01
1.352905502123604e-01
1.352920020857172e-01
1.352934518692623e-01
1.352948995615900e-01
1.352963451612947e-01
1.352977886669709e-01
1.352992300772130e-01
1.353006693906153e-01
1.353021066057722e-01
1.353035417212783e-01
1.353049747357278e-01
1.353064056477152e-01
1.353078344558349e-01
1.353092611586812e-01
1.353106857548486e-01
1.353121082429315e-01
1.353135286215243e-01
1.353149468892213e-01
1.353163630446171e-01
1.353177770863059e-01
1.353191890128823e-01
1.353205988229405e-01
1.353220065150751e-01
1.353234120878803e-01
1.353248155399507e-01
1.353262168698806e-01
1.353276160762643e-01
1.353290131576965e-01
1.353304081127713e-01
1.353318009400832e-01
1.353331916382267e-01
1.353345802057961e-01
1.353359666413858e-01
1.353373509435902e-01
1.353387331110038e-01
1.353401131422209e-01
1.353414910358360e-01
1.353428667904434e-01
1.353442404046376e-01
1.353456118770129e-01
1.353469812061637e-01
1.353483483906845e-01
1.353497134291697e-01
1.353510763202136e-01
1.353524370624107e-01
1.353537956543554e-01
1.353551520946420e-01
1.353565063818650e-01
1.353578585146188e-01
1.353592084914978e-01
1.353605563110963e-01
1.353619019720088e-01
1.353632454728297e-01
1.353645868121534e-01
1.353659259885743e-01
1.353672630006867e-01
1.353685978470852e-01
1.353699305263641e-01
1.353712610371178e-01
1.353725893779406e-01
1.353739155474271e-01
1.353752395441716e-01
1.353765613667685e-01
1.353778810138123e-01
1.353791984838972e-01
1.353805137756178e-01
1.353818268875684e-01
1.353831378183434e-01
1.353844465665373e-01
1.353857531307443e-01
1.353870575095590e-01
1.353883597015758e-01
1.353896597053890e-01
1.353909575195930e-01
1.353922531427824e-01
1.353935465735513e-01
1.353948378104943e-01
1.353961268522057e-01
1.353974136972800e-01
1.353986983443116e-01
1.353999807918949e-01
1.354012610386242e-01
1.354025390830939e-01
1.354038149238986e-01
1.354050885596325e-01
1.354063599888901e-01
1.354076292102658e-01
1.354088962223539e-01
1.354101610237489e-01
1.354114236130453e-01
1.354126839888373e-01
1.354139421497194e-01
1.354151980942861e-01
1.354164518211316e-01
1.354177033288504e-01
1.354189526160369e-01
1.354201996812856e-01
1.354214445231907e-01
1.354226871403468e-01
1.354239275313482e-01
1.354251656947893e-01
1.354264016292645e-01
1.354276353333682e-01
1.354288668056949e-01
1.354300960448389e-01
1.354313230493946e-01
1.354325478179565e-01
1.354337703491189e-01
1.354349906414763e-01
1.354362086936230e-01
1.354374245041535e-01
1.354386380716621e-01
1.354398493947432e-01
1.354410584719913e-01
1.354422653020008e-01
1.354434698833661e-01
1.354446722146815e-01
1.354458722945414e-01
1.354470701215403e-01
1.354482656942727e-01
1.354494590113327e-01
1.354506500713150e-01
1.354518388728138e-01
1.354530254144237e-01
1.354542096947389e-01
1.354553917123539e-01
1.354565714658631e-01
1.354577489538609e-01
1.354589241749417e-01
1.354600971276999e-01
1.354612678107299e-01
1.354624362226261e-01
1.354636023619829e-01
1.354647662273947e-01
1.354659278174560e-01
1.354670871307610e-01
1.354682441659043e-01
1.354693989214802e-01
1.354705513960831e-01
1.354717015883075e-01
1.354728494967477e-01
1.354739951199981e-01
1.354751384566532e-01
1.354762795053073e-01
1.354774182645548e-01
1.354785547329902e-01
1.354796889092078e-01
1.354808207918021e-01
1.354819503793675e-01
1.354830776704983e-01
1.354842026637889e-01
1.354853253578338e-01
1.354864457512274e-01
1.354875638425641e-01
1.354886796304382e-01
1.354897931134442e-01
1.354909042901765e-01
1.354920131592295e-01
1.354931197191975e-01
1.354942239686750e-01
1.354953259062564e-01
1.354964255305361e-01
1.354975228401085e-01
1.354986178335680e-01
1.354997105095090e-01
1.355008008665259e-01
1.355018889032131e-01
1.355029746181650e-01
1.355040580099760e-01
1.355051390772405e-01
1.355062178185530e-01
1.355072942325077e-01
1.355083683176992e-01
1.355094400727218e-01
1.355105094961700e-01
1.355115765866380e-01
1.355126413427204e-01
1.355137037630116e-01
1.355147638461058e-01
1.355158215905976e-01
1.355168769950814e-01
1.355179300581515e-01
1.355189807784023e-01
1.355200291544283e-01
1.355210751848239e-01
1.355221188681834e-01
1.355231602031013e-01
1.355241991881719e-01
1.355252358219897e-01
1.355262701031491e-01
1.355273020302444e-01
1.355283316018701e-01
1.355293588166206e-01
1.355303836730903e-01
1.355314061698736e-01
1.355324263055648e-01
1.355334440787584e-01
1.355344594880489e-01
1.355354725320305e-01
1.355364832092977e-01
1.355374915184449e-01
1.355384974580665e-01
1.355395010267569e-01
1.355405022231106e-01
1.355415010457218e-01
1.355424974931851e-01
1.355434915640947e-01
1.355444832570452e-01
1.355454725706309e-01
1.355464595034463e-01
1.355474440540856e-01
1.355484262211434e-01
1.355494060032141e-01
1.355503833988919e-01
1.355513584067714e-01
1.355523310254469e-01
1.355533012535129e-01
1.355542690895638e-01
1.355552345321938e-01
1.355561975799976e-01
1.355571582315694e-01
1.355581164855036e-01
1.355590723403947e-01
1.355600257948371e-01
1.355609768474252e-01
1.355619254967533e-01
1.355628717414158e-01
1.355638155800073e-01
1.355647570111221e-01
1.355656960333545e-01
1.355666326452990e-01
1.355675668455500e-01
1.355684986327018e-01
1.355694280053490e-01
1.355703549620859e-01
1.355712795015068e-01
1.355722016222063e-01
1.355731213227786e-01
1.355740386018183e-01
1.355749534579197e-01
1.355758658896772e-01
1.355767758956852e-01
1.355776834745381e-01
1.355785886248303e-01
1.355794913451563e-01
1.355803916341104e-01
1.355812894902870e-01
1.355821849122806e-01
1.355830778986854e-01
1.355839684480961e-01
1.355848565591068e-01
1.355857422303121e-01
1.355866254603064e-01
1.355875062476840e-01
1.355883845910393e-01
1.355892604889668e-01
1.355901339400608e-01
1.355910049429158e-01
1.355918734961262e-01
1.355927395982864e-01
1.355936032479907e-01
1.355944644438336e-01
1.355953231844094e-01
1.355961794683126e-01
1.355970332941376e-01
1.355978846604788e-01
1.355987335659306e-01
1.355995800090873e-01
1.356004239885435e-01
1.356012655028934e-01
1.356021045507315e-01
1.356029411306523e-01
1.356037752412500e-01
1.356046068811191e-01
1.356054360488541e-01
1.356062627430492e-01
1.356070869622990e-01
1.356079087051978e-01
1.356087279703400e-01
1.356095447563200e-01
1.356103590617322e-01
1.356111708851711e-01
1.356119802252310e-01
1.356127870805063e-01
1.356135914495915e-01
1.356143933310809e-01
1.356151927235689e-01
1.356159896256500e-01
1.356167840359185e-01
1.356175759529689e-01
1.356183653753955e-01
1.356191523017928e-01
1.356199367307551e-01
1.356207186608769e-01
1.356214980907526e-01
1.356222750189765e-01
1.356230494441431e-01
1.356238213648468e-01
1.356245907796819e-01
1.356253576872430e-01
1.356261220861242e-01
1.356268839749202e-01
1.356276433522253e-01
1.356284002166338e-01
1.356291545667403e-01
1.356299064011390e-01
1.356306557184244e-01
1.356314025171910e-01
1.356321467960330e-01
1.356328885535449e-01
1.356336277883212e-01
1.356343644989561e-01
1.356350986840442e-01
1.356358303421797e-01
1.356365594719572e-01
1.356372860719711e-01
1.356380101408156e-01
1.356387316770853e-01
1.356394506793745e-01
1.356401671462776e-01
1.356408810763891e-01
1.356415924683033e-01
1.356423013206146e-01
1.356430076319175e-01
1.356437114008064e-01
1.356444126258755e-01
1.356451113057195e-01
1.356458074389326e-01
1.356465010241092e-01
1.356471920598438e-01
1.356478805447308e-01
1.356485664773645e-01
1.356492498563394e-01
1.356499306802499e-01
1.356506089476904e-01
1.356512846572552e-01
1.356519578075388e-01
1.356526283971356e-01
1.356532964246400e-01
1.356539618886463e-01
1.356546247877491e-01
1.356552851205427e-01
1.356559428856214e-01
1.356565980815798e-01
1.356572507070121e-01
1.356579007605129e-01
1.356585482406764e-01
1.356591931460972e-01
1.356598354753696e-01
1.356604752270880e-01
1.356611123998468e-01
1.356617469922405e-01
1.356623790028633e-01
1.356630084303098e-01
1.356636352731743e-01
1.356642595300513e-01
1.356648811995351e-01
1.356655002802201e-01
1.356661167707008e-01
1.356667306695716e-01
1.356673419754267e-01
1.356679506868607e-01
1.356685568024680e-01
1.356691603208429e-01
1.356697612405799e-01
1.356703595602733e-01
1.356709552785177e-01
1.356715483939072e-01
1.356721389050365e-01
1.356727268104998e-01
1.356733121088916e-01
1.356738947988063e-01
1.356744748788382e-01
1.356750523475818e-01
1.356756272036316e-01
1.356761994455818e-01
1.356767690720269e-01
1.356773360815613e-01
1.356779004727794e-01
1.356784622442756e-01
1.356790213946443e-01
1.356795779224799e-01
1.356801318263768e-01
1.356806831049294e-01
1.356812317567321e-01
1.356817777803794e-01
1.356823211744656e-01
1.356828619375851e-01
1.356834000683323e-01
1.356839355653016e-01
1.356844684270875e-01
1.356849986522843e-01
1.356855262394865e-01
1.356860511872884e-01
1.356865734942844e-01
1.356870931590690e-01
1.356876101802365e-01
1.356881245563814e-01
1.356886362860980e-01
1.356891453679808e-01
1.356896518006241e-01
1.356901555826224e-01
1.356906567125701e-01
1.356911551890616e-01
1.356916510106912e-01
1.356921441760533e-01
1.356926346837425e-01
1.356931225323530e-01
1.356936077204793e-01
1.356940902467159e-01
1.356945701096569e-01
1.356950473078970e-01
1.356955218400305e-01
1.356959937046517e-01
1.356964629003552e-01
1.356969294257353e-01
1.356973932793863e-01
1.356978544599028e-01
1.356983129658791e-01
1.356987687959096e-01
1.356992219485887e-01
1.356996724225108e-01
1.357001202162704e-01
1.357005653284618e-01
1.357010077576793e-01
1.357014475025176e-01
1.357018845615708e-01
1.357023189334335e-01
1.357027506167001e-01
1.357031796099648e-01
1.357036059118222e-01
1.357040295208667e-01
1.357044504356926e-01
1.357048686548944e-01
1.357052841770664e-01
1.357056970008030e-01
1.357061071246988e-01
1.357065145473480e-01
1.357069192673450e-01
1.357073212832844e-01
1.357077205937604e-01
1.357081171973674e-01
1.357085110927000e-01
1.357089022783524e-01
1.357092907529191e-01
1.357096765149945e-01
1.357100595631730e-01
1.357104398960489e-01
1.357108175122168e-01
1.357111924102710e-01
1.357115645888058e-01
1.357119340464158e-01
1.357123007816952e-01
1.357126647932386e-01
1.357130260796403e-01
1.357133846394947e-01
1.357137404713962e-01
1.357140935739392e-01
1.357144439457182e-01
1.357147915853274e-01
1.357151364913614e-01
1.357154786624146e-01
1.357158180970812e-01
1.357161547939558e-01
1.357164887516328e-01
1.357168199687064e-01
1.357171484437713e-01
1.357174741754216e-01
1.357177971622519e-01
1.357181174028566e-01
1.357184348958300e-01
1.357187496397666e-01
1.357190616332607e-01
1.357193708749068e-01
1.357196773632993e-01
1.357199810970325e-01
1.357202820747009e-01
1.357205802948989e-01
1.357208757562209e-01
1.357211684572612e-01
1.357214583966143e-01
1.357217455728747e-01
1.357220299846366e-01
1.357223116304944e-01
1.357225905090427e-01
1.357228666188758e-01
1.357231399585881e-01
1.357234105267739e-01
1.357236783220278e-01
1.357239433429441e-01
1.357242055881172e-01
1.357244650561416e-01
1.357247217456115e-01
1.357249756551214e-01
1.357252267832658e-01
1.357254751286390e-01
1.357257206898354e-01
1.357259634654495e-01
1.357262034540756e-01
1.357264406543081e-01
1.357266750647415e-01
1.357269066839701e-01
1.357271355105883e-01
1.357273615431906e-01
1.357275847803714e-01
1.357278052207249e-01
1.357280228628458e-01
1.357282377053283e-01
1.357284497467669e-01
1.357286589857559e-01
1.357288654208898e-01
1.357290690507630e-01
1.357292698739699e-01
1.357294678891048e-01
1.357296630947622e-01
1.357298554895364e-01
1.357300450720220e-01
1.357302318408133e-01
1.357304157945046e-01
1.357305969316904e-01
1.357307752509651e-01
1.357309507509231e-01
1.357311234301589e-01
1.357312932872667e-01
1.357314603208410e-01
1.357316245294763e-01
1.357317859117668e-01
1.357319444663071e-01
1.357321001916915e-01
1.357322530865143e-01
1.357324031493702e-01
1.357325503788533e-01
1.357326947735582e-01
1.357328363320792e-01
1.357329750530108e-01
1.357331109349472e-01
1.357332439764830e-01
1.357333741762126e-01
1.357335015327303e-01
1.357336260446306e-01
1.357337477105078e-01
1.357338665289563e-01
1.357339824985706e-01
1.357340956179451e-01
1.357342058856741e-01
1.357343133003521e-01
1.357344178605735e-01
1.357345195649326e-01
1.357346184120239e-01
1.357347144004418e-01
1.357348075287807e-01
1.357348977956349e-01
1.357349851995990e-01
1.357350697392672e-01
1.357351514132339e-01
1.357352302200938e-01
1.357353061584410e-01
1.357353792268699e-01
1.357354494239751e-01
1.357355167483509e-01
1.357355811985917e-01
1.357356427732919e-01
1.357357014710459e-01
1.357357572904482e-01
1.357358102300930e-01
1.357358602885749e-01
1.357359074644882e-01
1.357359517564273e-01
1.357359931629867e-01
1.357360316827607e-01
1.357360673143437e-01
1.357361000563301e-01
1.357361299073144e-01
1.357361568658910e-01
1.357361809306541e-01
1.357362021001984e-01
1.357362203731181e-01
1.357362357480076e-01
1.357362482234614e-01
1.357362577980739e-01
1.357362644704393e-01
1.357362682391523e-01
1.357362691028072e-01
1.357362670599983e-01
1.357362621093201e-01
1.357362542493670e-01
1.357362434787333e-01
1.357362297960135e-01
1.357362131998021e-01
1.357361936886933e-01
1.357361712612816e-01
1.357361459161613e-01
1.357361176519270e-01
1.357360864671730e-01
1.357360523604937e-01
1.357360153304835e-01
1.357359753757368e-01
1.357359324948480e-01
1.357358866864115e-01
1.357358379490217e-01
1.357357862812731e-01
1.357357316817600e-01
1.357356741490768e-01
1.357356136818179e-01
1.357355502785777e-01
1.357354839379507e-01
1.357354146585312e-01
1.357353424389137e-01
1.357352672776925e-01
1.357351891734620e-01
1.357351081248167e-01
1.357350241303509e-01
1.357349371886591e-01
1.357348472983357e-01
1.357347544579750e-01
1.357346586661714e-01
1.357345599215194e-01
1.357344582226135e-01
1.357343535680478e-01
1.357342459564169e-01
1.357341353863152e-01
1.357340218563371e-01
1.357339053650770e-01
1.357337859111292e-01
1.357336634930883e-01
1.357335381095485e-01
1.357334097591043e-01
1.357332784403501e-01
1.357331441518803e-01
1.357330068922893e-01
1.357328666601715e-01
1.357327234541213e-01
1.357325772727331e-01
1.357324281146013e-01
1.357322759783204e-01
1.357321208624846e-01
1.357319627656885e-01
1.357318016865264e-01
1.357316376235927e-01
1.357314705754818e-01
1.357313005407882e-01
1.357311275181062e-01
1.357309515060303e-01
1.357307725031548e-01
1.357305905080741e-01
1.357304055193827e-01
1.357302175356749e-01
1.357300265555451e-01
1.357298325775879e-01
1.357296356003974e-01
1.357294356225683e-01
1.357292326426948e-01
1.357290266593713e-01
1.357288176711924e-01
1.357286056767522e-01
1.357283906746454e-01
1.357281726634662e-01
1.357279516418092e-01
1.357277276082686e-01
1.357275005614388e-01
1.357272704999144e-01
1.357270374222897e-01
1.357268013271590e-01
1.357265622131169e-01
1.357263200787576e-01
1.357260749226756e-01
1.357258267434654e-01
1.357255755397212e-01
1.357253213100376e-01
1.357250640530089e-01
1.357248037672295e-01
1.357245404512938e-01
1.357242741037962e-01
1.357240047233311e-01
1.357237323084930e-01
1.357234568578762e-01
1.357231783700751e-01
1.357228968436842e-01
1.357226122772978e-01
1.357223246695103e-01
1.357220340189162e-01
1.357217403241098e-01
1.357214435836856e-01
1.357211437962379e-01
1.357208409603612e-01
1.357205350746498e-01
1.357202261376982e-01
1.357199141481007e-01
1.357195991044518e-01
1.357192810053459e-01
1.357189598493774e-01
1.357186356351406e-01
1.357183083612300e-01
1.357179780262400e-01
1.357176446287650e-01
1.357173081673993e-01
1.357169686407374e-01
1.357166260473738e-01
1.357162803859027e-01
1.357159316549186e-01
1.357155798530159e-01
1.357152249787890e-01
1.357148670308323e-01
1.357145060077402e-01
1.357141419081071e-01
1.357137747305275e-01
1.357134044735956e-01
1.357130311359060e-01
1.357126547160530e-01
1.357122752126310e-01
1.357118926242344e-01
1.357115069494577e-01
1.357111181868952e-01
1.357107263351414e-01
1.357103313927905e-01
1.357099333584371e-01
1.357095322306756e-01
1.357091280081003e-01
1.357087206893056e-01
1.357083102728860e-01
1.357078967574359e-01
1.357074801415496e-01
1.357070604238216e-01
1.357066376028462e-01
1.357062116772179e-01
1.357057826455311e-01
1.357053505063801e-01
1.357049152583594e-01
1.357044769000634e-01
1.357040354300865e-01
1.357035908470230e-01
1.357031431494675e-01
1.357026923360142e-01
1.357022384052576e-01
1.357017813557921e-01
1.357013211862121e-01
1.357008578951120e-01
1.357003914810862e-01
1.356999219427291e-01
1.356994492786351e-01
1.356989734873986e-01
1.356984945676140e-01
1.356980125178758e-01
1.356975273367783e-01
1.356970390229159e-01
1.356965475748830e-01
1.356960529912740e-01
1.356955552706834e-01
1.356950544117055e-01
1.356945504129347e-01
1.356940432729655e-01
1.356935329903922e-01
1.356930195638092e-01
1.356925029918110e-01
1.356919832729920e-01
1.356914604059465e-01
1.356909343892690e-01
1.356904052215538e-01
1.356898729013954e-01
1.356893374273881e-01
1.356887987981264e-01
1.356882570122047e-01
1.356877120682173e-01
1.356871639647587e-01
1.356866127004233e-01
1.356860582738055e-01
1.356855006834997e-01
1.356849399281002e-01
1.356843760062016e-01
1.356838089163981e-01
1.356832386572842e-01
1.356826652274543e-01
1.356820886255028e-01
1.356815088500241e-01
1.356809258996127e-01
1.356803397728628e-01
1.356797504683689e-01
1.356791579847255e-01
1.356785623205269e-01
1.356779634743674e-01
1.356773614448416e-01
1.356767562305439e-01
1.356761478300685e-01
1.356755362420100e-01
1.356749214649628e-01
1.356743034975211e-01
1.356736823382795e-01
1.356730579858323e-01
1.356724304387740e-01
1.356717996956990e-01
1.356711657552016e-01
1.356705286158762e-01
1.356698882763173e-01
1.356692447351192e-01
1.356685979908764e-01
1.356679480421833e-01
1.356672948876342e-01
1.356666385258236e-01
1.356659789553459e-01
1.356653161747955e-01
1.356646501827667e-01
1.356639809778540e-01
1.356633085586518e-01
1.356626329237545e-01
1.356619540717565e-01
1.356612720012521e-01
1.356605867108359e-01
1.356598981991022e-01
1.356592064646453e-01
1.356585115060598e-01
1.356578133219399e-01
1.356571119108802e-01
1.356564072714750e-01
1.356556994023187e-01
1.356549883020057e-01
1.356542739691304e-01
1.356535564022873e-01
1.356528356000706e-01
1.356521115610750e-01
1.356513842838946e-01
1.356506537671240e-01
1.356499200093575e-01
1.356491830091895e-01
1.356484427652145e-01
1.356476992760269e-01
1.356469525402209e-01
1.356462025563912e-01
1.356454493231319e-01
1.356446928390377e-01
1.356439331027028e-01
1.356431701127216e-01
1.356424038676887e-01
1.356416343661983e-01
1.356408616068449e-01
1.356400855882228e-01
1.356393063089265e-01
1.356385237675504e-01
1.356377379626889e-01
1.356369488929363e-01
1.356361565568872e-01
1.356353609531358e-01
1.356345620802766e-01
1.356337599369040e-01
1.356329545216124e-01
1.356321458329963e-01
1.356313338696499e-01
1.356305186301677e-01
1.356297001131442e-01
1.356288783171736e-01
1.356280532408505e-01
1.356272248827692e-01
1.356263932415241e-01
1.356255583157096e-01
1.356247201039202e-01
1.356238786047501e-01
1.356230338167939e-01
1.356221857386460e-01
1.356213343689007e-01
1.356204797061524e-01
1.356196217489956e-01
1.356187604960246e-01
1.356178959458338e-01
1.356170280970177e-01
1.356161569481707e-01
1.356152824978871e-01
1.356144047447614e-01
1.356135236873879e-01
1.356126393243612e-01
1.356117516542754e-01
1.356108606757252e-01
1.356099663873048e-01
1.356090687876087e-01
1.356081678752313e-01
1.356072636487669e-01
1.356063561068101e-01
1.356054452479551e-01
1.356045310707964e-01
1.356036135739284e-01
1.356026927559456e-01
1.356017686154422e-01
1.356008411510127e-01
1.355999103612515e-01
1.355989762447530e-01
1.355980388001116e-01
1.355970980259218e-01
1.355961539207778e-01
1.355952064832742e-01
1.355942557120053e-01
1.355933016055655e-01
1.355923441625493e-01
1.355913833815509e-01
1.355904192611650e-01
1.355894517999857e-01
1.355884809966076e-01
1.355875068496250e-01
1.355865293576324e-01
1.355855485192241e-01
1.355845643329945e-01
1.355835767975382e-01
1.355825859114493e-01
1.355815916733225e-01
1.355805940817519e-01
1.355795931353322e-01
1.355785888326576e-01
1.355775811723226e-01
1.355765701529215e-01
1.355755557730489e-01
1.355745380312990e-01
1.355735169262663e-01
1.355724924565451e-01
1.355714646207300e-01
1.355704334174152e-01
1.355693988451953e-01
1.355683609026645e-01
1.355673195884173e-01
1.355662749010481e-01
1.355652268391513e-01
1.355641754013214e-01
1.355631205861526e-01
1.355620623922395e-01
1.355610008181763e-01
1.355599358625576e-01
1.355588675239777e-01
1.355577958010310e-01
1.355567206923119e-01
1.355556421964149e-01
1.355545603119343e-01
1.355534750374646e-01
1.355523863716000e-01
1.355512943129351e-01
1.355501988600643e-01
1.355491000115819e-01
1.355479977660823e-01
1.355468921221600e-01
1.355457830784093e-01
1.355446706334247e-01
1.355435547858006e-01
1.355424355341313e-01
1.355413128770113e-01
1.355401868130349e-01
1.355390573407966e-01
1.355379244588908e-01
1.355367881659119e-01
1.355356484604542e-01
1.355345053411122e-01
1.355333588064803e-01
1.355322088551529e-01
1.355310554857244e-01
1.355298986967892e-01
1.355287384869416e-01
1.355275748547762e-01
1.355264077988872e-01
1.355252373178692e-01
1.355240634103165e-01
1.355228860748235e-01
1.355217053099846e-01
1.355205211143942e-01
1.355193334866467e-01
1.355181424253365e-01
1.355169479290581e-01
1.355157499964058e-01
1.355145486259740e-01
1.355133438163571e-01
1.355121355661496e-01
1.355109238739458e-01
1.355097087383402e-01
1.355084901579271e-01
1.355072681313009e-01
1.355060426570561e-01
1.355048137337870e-01
1.355035813600881e-01
1.355023455345538e-01
1.355011062557784e-01
1.354998635223564e-01
1.354986173328821e-01
1.354973676859500e-01
1.354961145801545e-01
1.354948580140899e-01
1.354935979863507e-01
1.354923344955313e-01
1.354910675402261e-01
1.354897971190294e-01
1.354885232305358e-01
1.354872458733395e-01
1.354859650460351e-01
1.354846807472168e-01
1.354833929754791e-01
1.354821017294164e-01
1.354808070076232e-01
1.354795088086937e-01
1.354782071312224e-01
1.354769019738038e-01
1.354755933350322e-01
1.354742812135020e-01
1.354729656078076e-01
1.354716465165434e-01
1.354703239383039e-01
1.354689978716833e-01
1.354676683152763e-01
1.354663352676770e-01
1.354649987274800e-01
)
;

boundaryField
{
    inlet
    {
        type            fixedValue;
        value           uniform 0;
    }
    outlet
    {
        type            zeroGradient;
    }
    wall
    {
        type            empty;
    }
}


// ************************************************************************* //
