/*--------------------------------*- C++ -*----------------------------------*\
  =========                 |
  \\      /  F ield         | OpenFOAM: The Open Source CFD Toolbox
   \\    /   O peration     | Website:  https://openfoam.org
    \\  /    A nd           | Version:  7
     \\/     M anipulation  |
\*---------------------------------------------------------------------------*/
FoamFile
{
    version     2.0;
    format      ascii;
    class       volScalarField;
    location    "1";
    object       H2;
}
// * * * * * * * * * * * * * * * * * * * * * * * * * * * * * * * * * * * * * //

dimensions      [0 0 0 0 0 0 0];

internalField   nonuniform List<scalar>
4335
(
2.647698694865353e-13
-1.456646280115910e-11
-2.929546366655659e-11
-4.392246599666672e-11
-5.844770306145028e-11
-7.287140813086803e-11
-8.719381447488077e-11
-1.014151553634493e-10
-1.155356640665344e-10
-1.295555738540967e-10
-1.434751179960972e-10
-1.572945297624966e-10
-1.710140424232557e-10
-1.846338892483353e-10
-1.981543035076961e-10
-2.115755184712989e-10
-2.248977674091046e-10
-2.381212835910739e-10
-2.512463002871675e-10
-2.642730507673462e-10
-2.772017683015709e-10
-2.900326861598024e-10
-3.027660376120013e-10
-3.154020559281286e-10
-3.279409743781449e-10
-3.403830262320111e-10
-3.527284447596879e-10
-3.649774632311361e-10
-3.771303149163165e-10
-3.891872330851899e-10
-4.011484510077171e-10
-4.130142019538588e-10
-4.247847191935759e-10
-4.364602359968291e-10
-4.480409856335792e-10
-4.595272013737869e-10
-4.709191164874131e-10
-4.822169642444185e-10
-4.934209779147640e-10
-5.045313907684103e-10
-5.155484360753182e-10
-5.264723471054485e-10
-5.373033571287619e-10
-5.480416994152193e-10
-5.586876072347813e-10
-5.692413138574089e-10
-5.797030525530628e-10
-5.900730565917037e-10
-6.003515592432925e-10
-6.105387937777899e-10
-6.206349934651568e-10
-6.306403915753539e-10
-6.405552213783419e-10
-6.503797161440816e-10
-6.601141091425340e-10
-6.697586336436596e-10
-6.793135229174195e-10
-6.887790102337742e-10
-6.981553288626845e-10
-7.074427120741114e-10
-7.166413931380153e-10
-7.257516053243575e-10
-7.347735819030984e-10
-7.437075561441990e-10
-7.525537613176198e-10
-7.613124306933218e-10
-7.699837975412658e-10
-7.785680951314125e-10
-7.870655567337227e-10
-7.954764156181571e-10
-8.038009050546766e-10
-8.120392583132420e-10
-8.201917086638140e-10
-8.282584893763535e-10
-8.362398337208211e-10
-8.441359749671777e-10
-8.519471463853842e-10
-8.596735812454010e-10
-8.673155128171892e-10
-8.748731743707096e-10
-8.823467991759228e-10
-8.897366205027897e-10
-8.970428716212712e-10
-9.042657858013277e-10
-9.114055963129206e-10
-9.184625364260098e-10
-9.254368394105569e-10
-9.323287385365225e-10
-9.391384670738669e-10
-9.458662582925514e-10
-9.525123454625365e-10
-9.590769618537836e-10
-9.655603407362526e-10
-9.719627153799044e-10
-9.782843190547005e-10
-9.845253850306011e-10
-9.906861465775669e-10
-9.967668369655591e-10
-1.002767689464538e-09
-1.008688937344465e-09
-1.014530813875301e-09
-1.020293552327006e-09
-1.025977385969540e-09
-1.031582548072866e-09
-1.037109271906944e-09
-1.042557790741734e-09
-1.047928337847196e-09
-1.053221146493294e-09
-1.058436449949986e-09
-1.063574481487233e-09
-1.068635474374997e-09
-1.073619661883238e-09
-1.078527277281917e-09
-1.083358553840995e-09
-1.088113724830433e-09
-1.092793023520190e-09
-1.097396683180228e-09
-1.101924937080509e-09
-1.106378018490992e-09
-1.110756160681638e-09
-1.115059596922409e-09
-1.119288560483265e-09
-1.123443284634166e-09
-1.127524002645074e-09
-1.131530947785949e-09
-1.135464353326753e-09
-1.139324452537445e-09
-1.143111478687987e-09
-1.146825665048339e-09
-1.150467244888463e-09
-1.154036451478319e-09
-1.157533518087867e-09
-1.160958677987069e-09
-1.164312164445885e-09
-1.167594210734277e-09
-1.170805050122205e-09
-1.173944915879629e-09
-1.177014041276511e-09
-1.180012659582810e-09
-1.182941004068490e-09
-1.185799308003509e-09
-1.188587804657828e-09
-1.191306727301409e-09
-1.193956309204212e-09
-1.196536783636198e-09
-1.199048383867328e-09
-1.201491343167563e-09
-1.203865894806862e-09
-1.206172272055188e-09
-1.208410708182501e-09
-1.210581436458761e-09
-1.212684690153930e-09
-1.214720702537968e-09
-1.216689706880836e-09
-1.218591936452495e-09
-1.220427624522905e-09
-1.222197004362028e-09
-1.223900309239824e-09
-1.225537772426254e-09
-1.227109627191279e-09
-1.228616106804859e-09
-1.230057444536955e-09
-1.231433873657529e-09
-1.232745627436540e-09
-1.233992939143950e-09
-1.235176042049719e-09
-1.236295169423809e-09
-1.237350554536179e-09
-1.238342430656792e-09
-1.239271031055607e-09
-1.240136589002585e-09
-1.240939337767687e-09
-1.241679510620874e-09
-1.242357340832107e-09
-1.242973061671346e-09
-1.243526906408552e-09
-1.244019108313687e-09
-1.244449900656710e-09
-1.244819516707583e-09
-1.245128189736266e-09
-1.245376153012721e-09
-1.245563639806907e-09
-1.245690883388786e-09
-1.245758117028318e-09
-1.245765573995465e-09
-1.245713487560187e-09
-1.245602090992445e-09
-1.245431617562199e-09
-1.245202300539411e-09
-1.244914373194041e-09
-1.244568068796050e-09
-1.244163620615398e-09
-1.243701261922048e-09
-1.243181225985958e-09
-1.242603746077091e-09
-1.241969055465406e-09
-1.241277387420865e-09
-1.240528975213429e-09
-1.239724052113057e-09
-1.238862851389712e-09
-1.237945606313354e-09
-1.236972550153943e-09
-1.235943916181441e-09
-1.234859937665807e-09
-1.233720847877004e-09
-1.232526880084991e-09
-1.231278267559730e-09
-1.229975243571182e-09
-1.228618041389305e-09
-1.227206894284064e-09
-1.225742035525416e-09
-1.224223698383324e-09
-1.222652116127749e-09
-1.221027522028650e-09
-1.219350149355989e-09
-1.217620231379726e-09
-1.215838001369823e-09
-1.214003692596240e-09
-1.212117538328938e-09
-1.210179771837877e-09
-1.208190626393019e-09
-1.206150335264324e-09
-1.204059131721754e-09
-1.201917249035267e-09
-1.199724920474827e-09
-1.197482379310393e-09
-1.195189858811926e-09
-1.192847592249386e-09
-1.190455812892736e-09
-1.188014754011935e-09
-1.185524648876945e-09
-1.182985730757725e-09
-1.180398232924238e-09
-1.177762388646442e-09
-1.175078431194301e-09
-1.172346593837773e-09
-1.169567109846821e-09
-1.166740212491404e-09
-1.163866135041484e-09
-1.160945110767021e-09
-1.157977372937976e-09
-1.154963154824310e-09
-1.151902689695984e-09
-1.148796210822958e-09
-1.145643951475193e-09
-1.142446144922651e-09
-1.139203024435291e-09
-1.135914823283075e-09
-1.132581774735963e-09
-1.129204112063916e-09
-1.125782068536895e-09
-1.122315877424861e-09
-1.118805771997775e-09
-1.115251985525596e-09
-1.111654751278287e-09
-1.108014302525808e-09
-1.104330872538119e-09
-1.100604694585182e-09
-1.096836001936956e-09
-1.093025027863404e-09
-1.089172005634485e-09
-1.085277168520161e-09
-1.081340749790392e-09
-1.077362982715140e-09
-1.073344100564364e-09
-1.069284336608026e-09
-1.065183924116087e-09
-1.061043096358506e-09
-1.056862086605246e-09
-1.052641128126266e-09
-1.048380454191528e-09
-1.044080298070992e-09
-1.039740893034620e-09
-1.035362472352371e-09
-1.030945269294208e-09
-1.026489517130089e-09
-1.021995449129977e-09
-1.017463298563832e-09
-1.012893298701615e-09
-1.008285682813286e-09
-1.003640684168807e-09
-9.989585360381375e-10
-9.942394716912396e-10
-9.894837243980734e-10
-9.846915274285993e-10
-9.798631140527792e-10
-9.749987175405726e-10
-9.700985711619408e-10
-9.651629081868453e-10
-9.601919618852458e-10
-9.551859655271037e-10
-9.501451523823796e-10
-9.450697557210343e-10
-9.399600088130281e-10
-9.348161449283223e-10
-9.296383973368783e-10
-9.244269993086559e-10
-9.191821841136164e-10
-9.139041850217201e-10
-9.085932353029281e-10
-9.032495682272009e-10
-8.978734170645002e-10
-8.924650150847852e-10
-8.870245955580187e-10
-8.815523917541597e-10
-8.760486369431697e-10
-8.705135643950092e-10
-8.649474073796398e-10
-8.593503991670218e-10
-8.537227730271152e-10
-8.480647622298816e-10
-8.423766000452818e-10
-8.366585197432766e-10
-8.309107545938267e-10
-8.251335378668931e-10
-8.193271028324354e-10
-8.134916827604151e-10
-8.076275109207944e-10
-8.017348205835317e-10
-7.958138450185898e-10
-7.898648174959288e-10
-7.838879712855082e-10
-7.778835396572897e-10
-7.718517558812356e-10
-7.657928532273045e-10
-7.597070649654580e-10
-7.535946243656576e-10
-7.474557646978619e-10
-7.412907192320338e-10
-7.350997212381342e-10
-7.288830039861232e-10
-7.226408007459609e-10
-7.163733447876090e-10
-7.100808693810267e-10
-7.037636077961775e-10
-6.974217933030200e-10
-6.910556591715166e-10
-6.846654386716264e-10
-6.782513650733120e-10
-6.718136716465313e-10
-6.653525916612484e-10
-6.588683583874220e-10
-6.523612050950141e-10
-6.458313650539849e-10
-6.392790715342942e-10
-6.327045578059042e-10
-6.261080571387762e-10
-6.194898028028691e-10
-6.128500280681451e-10
-6.061889662045644e-10
-5.995068504820869e-10
-5.928039141706748e-10
-5.860803905402897e-10
-5.793365128608897e-10
-5.725725144024378e-10
-5.657886284348935e-10
-5.589850882282178e-10
-5.521621270523733e-10
-5.453199781773181e-10
-5.384588748730136e-10
-5.315790504094218e-10
-5.246807380565025e-10
-5.177641710842174e-10
-5.108295827625263e-10
-5.038772063613900e-10
-4.969072751507703e-10
-4.899200224006269e-10
-4.829156813809207e-10
-4.758944853616123e-10
-4.688566676126636e-10
-4.618024614040344e-10
-4.547321000056866e-10
-4.476458166875797e-10
-4.405438447196747e-10
-4.334264173719334e-10
-4.262937679143153e-10
-4.191461296167815e-10
-4.119837357492937e-10
-4.048068195818116e-10
-3.976156143842959e-10
-3.904103534267087e-10
-3.831912699790095e-10
-3.759585973111603e-10
-3.687125686931207e-10
-3.614534173948515e-10
-3.541813766863134e-10
-3.468966798374673e-10
-3.395995601182763e-10
-3.322902507986976e-10
-3.249689851486943e-10
-3.176359964382262e-10
-3.102915179372539e-10
-3.029357829157394e-10
-2.955690246436435e-10
-2.881914763909247e-10
-2.808033714275459e-10
-2.734049430234670e-10
-2.659964244486487e-10
-2.585780489730527e-10
-2.511500498666402e-10
-2.437126603993694e-10
-2.362661138412045e-10
-2.288106434621029e-10
-2.213464825320267e-10
-2.138738643209376e-10
-2.063930220987954e-10
-1.989041891355619e-10
-1.914075987011967e-10
-1.839034840656596e-10
-1.763920784989159e-10
-1.688736152709206e-10
-1.613483276516393e-10
-1.538164489110301e-10
-1.462782123190540e-10
-1.387338511456706e-10
-1.311835986608454e-10
-1.236276881345332e-10
-1.160663528366997e-10
-1.084998260373043e-10
-1.009283410063042e-10
-9.335213101366391e-11
-8.577142932934413e-11
-7.818646922330569e-11
-7.059748396550689e-11
-6.300470682591099e-11
-5.540837107447628e-11
-4.780870998116603e-11
-4.020595681594229e-11
-3.260034484876209e-11
-2.499210734958870e-11
-1.738147758838040e-11
-9.768688835100491e-12
-2.153974359708488e-12
5.462432567832287e-12
1.308029867756374e-11
2.069939069952535e-11
2.831947536375548e-11
3.594031940029336e-11
4.356168953917772e-11
5.118335251044921e-11
5.880507504414563e-11
6.642662387030617e-11
7.404776571897150e-11
8.166826732017941e-11
8.928789540396959e-11
9.690641670038125e-11
1.045235979394536e-10
1.121392058512259e-10
1.197530071657373e-10
1.273647686130271e-10
1.349742569231344e-10
1.425812388260985e-10
1.501854810519586e-10
1.577867503307540e-10
1.653848133925238e-10
1.729794369673077e-10
1.805703877851436e-10
1.881574325760720e-10
1.957403380701322e-10
2.033188709973620e-10
2.108927980878021e-10
2.184618860714911e-10
2.260259016784682e-10
2.335846116387727e-10
2.411377826824439e-10
2.486851815395209e-10
2.562265749400430e-10
2.637617296140493e-10
2.712904122915791e-10
2.788123897026721e-10
2.863274285773661e-10
2.938352956457017e-10
3.013357576377180e-10
3.088285812834530e-10
3.163135333129473e-10
3.237903804562401e-10
3.312588894433691e-10
3.387188270043751e-10
3.461699598692972e-10
3.536120547681733e-10
3.610448784310439e-10
3.684681975879482e-10
3.758817789689242e-10
3.832853893040129e-10
3.906787953232520e-10
3.980617637566809e-10
4.054340613343401e-10
4.127954547862674e-10
4.201457108425022e-10
4.274845962330849e-10
4.348118776880529e-10
4.421273219374470e-10
4.494306957113061e-10
4.567217657396683e-10
4.640002987525745e-10
4.712660614800627e-10
4.785188206521720e-10
4.857583429989429e-10
4.929843952504134e-10
5.001967441366228e-10
5.073951563876114e-10
5.145793987334171e-10
5.217492379040794e-10
5.289044406296387e-10
5.360447736401328e-10
5.431700036656010e-10
5.502798974360839e-10
5.573742216816192e-10
5.644527431322468e-10
5.715152285180058e-10
5.785614445689353e-10
5.855911580150748e-10
5.926041355864633e-10
5.996001440131400e-10
6.065789500251443e-10
6.135403203525152e-10
6.204840217252917e-10
6.274098208735141e-10
6.343174845272205e-10
6.412067794164505e-10
6.480774722712433e-10
6.549293298216379e-10
6.617621187976739e-10
6.685756059293904e-10
6.753695579468264e-10
6.821437415800214e-10
6.888979235590145e-10
6.956318706138448e-10
7.023453494745517e-10
7.090381268711746e-10
7.157099695337521e-10
7.223606441923239e-10
7.289899175769292e-10
7.355975564176075e-10
7.421833274443968e-10
7.487469973873380e-10
7.552883329764685e-10
7.618071009418291e-10
7.683030680134587e-10
7.747760009213955e-10
7.812256663956796e-10
7.876518311663508e-10
7.940542619634467e-10
8.004327255170078e-10
8.067869885570731e-10
8.131168178136806e-10
8.194219800168719e-10
8.257022418966845e-10
8.319573701831570e-10
8.381871316063308e-10
8.443912928962440e-10
8.505696207829351e-10
8.567218819964437e-10
8.628478432668102e-10
8.689472713240723e-10
8.750199328982693e-10
8.810655947194420e-10
8.870840235176280e-10
8.930749860228667e-10
8.990382489651984e-10
9.049735790746612e-10
9.108807430812945e-10
9.167595077151382e-10
9.226096397062309e-10
9.284309057846115e-10
9.342230726803201e-10
9.399859071233956e-10
9.457191758438767e-10
9.514226455718038e-10
9.570960830372151e-10
9.627392549701489e-10
9.683519281006469e-10
9.739338691587468e-10
9.794848448744875e-10
9.850046219779095e-10
9.904929671990512e-10
9.959496472679512e-10
1.001374428914649e-09
1.006767078869186e-09
1.012127363861599e-09
1.017455050621926e-09
1.022749905880209e-09
1.028011696366488e-09
1.033240188810798e-09
1.038435149943183e-09
1.043596346493679e-09
1.048723545192326e-09
1.053816512769163e-09
1.058875015954230e-09
1.063898821477565e-09
1.068887696069209e-09
1.073841406459201e-09
1.078759719377578e-09
1.083642401554381e-09
1.088489219719649e-09
1.093299940603421e-09
1.098074330935737e-09
1.102812157446635e-09
1.107513186866154e-09
1.112177185924335e-09
1.116803921351216e-09
1.121393159876836e-09
1.125944668231235e-09
1.130458213144452e-09
1.134933561346526e-09
1.139370479567496e-09
1.143768734537401e-09
1.148128092986282e-09
1.152448321644176e-09
1.156729187241124e-09
1.160970456507163e-09
1.165171896172334e-09
1.169333272966677e-09
1.173454353620229e-09
1.177534904863030e-09
1.181574693425121e-09
1.185573486036538e-09
1.189531049427322e-09
1.193447150327513e-09
1.197321555467149e-09
1.201154031576269e-09
1.204944345384913e-09
1.208692263623120e-09
1.212397553020929e-09
1.216059980308381e-09
1.219679312215512e-09
1.223255315472363e-09
1.226787756808974e-09
1.230276402955382e-09
1.233721020641628e-09
1.237121376597751e-09
1.240477237553790e-09
1.243788370239784e-09
1.247054541385772e-09
1.250275517721793e-09
1.253451065977888e-09
1.256580952884095e-09
1.259664945170453e-09
1.262702809567001e-09
1.265694312803779e-09
1.268639221610826e-09
1.271537302718181e-09
1.274388322855883e-09
1.277192048753973e-09
1.279948247142487e-09
1.282656684751466e-09
1.285317128310950e-09
1.287929344550978e-09
1.290493100201587e-09
1.293008161992819e-09
1.295474296654712e-09
1.297891270917305e-09
1.300258851510637e-09
1.302576805164749e-09
1.304844898609678e-09
1.307062898575465e-09
1.309230571792147e-09
1.311347684989766e-09
1.313414004898359e-09
1.315429298247966e-09
1.317393331768627e-09
1.319305872190379e-09
1.321166686243264e-09
1.322975540657319e-09
1.324732202162584e-09
1.326436437489100e-09
1.328088013366903e-09
1.329686696526034e-09
1.331232253696532e-09
1.332724451608437e-09
1.334163056991786e-09
1.335547836576621e-09
1.336878557092979e-09
1.338154985270900e-09
1.339376887840424e-09
1.340544031531589e-09
1.341656183074435e-09
1.342713109199001e-09
1.343714576635326e-09
1.344660352113449e-09
1.345550202363410e-09
1.346383894115248e-09
1.347161194099001e-09
1.347881869044710e-09
1.348545685682413e-09
1.349152410742151e-09
1.349701810953961e-09
1.350193653047883e-09
1.350627703753956e-09
1.351003729802220e-09
1.351321497922714e-09
1.351580774845477e-09
1.351781327300548e-09
1.351922922017966e-09
1.352005325727771e-09
1.352028305160002e-09
1.351991627044698e-09
1.351895058111898e-09
1.351738365091641e-09
1.351521314713968e-09
1.351243673708916e-09
1.350905208806526e-09
1.350505686736836e-09
1.350044874229885e-09
1.349522538015713e-09
1.348938444824359e-09
1.348292361385863e-09
1.347584054430263e-09
1.346813290687599e-09
1.345979836887910e-09
1.345083459761234e-09
1.344123926037612e-09
1.343101002447083e-09
1.342014455719685e-09
1.340864052585459e-09
1.339649559774442e-09
1.338370744016675e-09
1.337027372042197e-09
1.335619210581046e-09
1.334146026363262e-09
1.332607586118886e-09
1.331003656577954e-09
1.329334004470507e-09
1.327598396526584e-09
1.325796599476224e-09
1.323928380049466e-09
1.321993504976351e-09
1.319991740986915e-09
1.317922854811200e-09
1.315786613179245e-09
1.313582782821087e-09
1.311311130466767e-09
1.308971422846325e-09
1.306563426689798e-09
1.304086908727227e-09
1.301541635688650e-09
1.298927374304107e-09
1.296243891303637e-09
1.293490953417279e-09
1.290668327375073e-09
1.287775779907057e-09
1.284813077743271e-09
1.281779987613754e-09
1.278676276248546e-09
1.275501710377685e-09
1.272256056731211e-09
1.268939082039162e-09
1.265550553031578e-09
1.262090236438500e-09
1.258557898989965e-09
1.254953307416012e-09
1.251276228446682e-09
1.247526428812013e-09
1.243703675242044e-09
1.239807734466815e-09
1.235838373216366e-09
1.231795358220733e-09
1.227678456209959e-09
1.223487433914081e-09
1.219222058063138e-09
1.214882095387171e-09
1.210467312616218e-09
1.205977476480318e-09
1.201412353709511e-09
1.196771711033836e-09
1.192055315183332e-09
1.187262932888038e-09
1.182394330877994e-09
1.177449275883238e-09
1.172427534633810e-09
1.167328873859750e-09
1.162153060291096e-09
1.156899860657887e-09
1.151569041690164e-09
1.146160370117964e-09
1.140673612671327e-09
1.135108536080294e-09
1.129464907074901e-09
1.123742492385190e-09
1.117941058741199e-09
1.112060372872967e-09
1.106100201510533e-09
1.100060311383937e-09
1.093940469223219e-09
1.087740441758417e-09
1.081459995719570e-09
1.075098897836718e-09
1.068656914839899e-09
1.062133813459153e-09
1.055529360424520e-09
1.048843322466039e-09
1.042075466313748e-09
1.035225558697688e-09
1.028293366347896e-09
1.021278655994412e-09
1.014181194367278e-09
1.007000748196528e-09
9.997370842122050e-10
9.923899691443476e-10
9.849591697229939e-10
9.774444526781842e-10
9.698455847399588e-10
9.621623326383539e-10
9.543944631034105e-10
9.465417428651684e-10
9.386039386536649e-10
9.305808171989410e-10
9.224721452310358e-10
9.142776894799881e-10
9.059972166758362e-10
8.976304935486199e-10
8.891772868283797e-10
8.806373632451533e-10
8.720104895289808e-10
8.632964324099014e-10
8.544949586179529e-10
8.456058348831752e-10
8.366288279356091e-10
8.275637045052927e-10
8.184102313222644e-10
8.091681751165648e-10
7.998373026182310e-10
7.904173805573045e-10
7.809081756638243e-10
7.713094546678291e-10
7.616209842993571e-10
7.518425312884493e-10
7.419738623651427e-10
7.320147442594783e-10
7.219649437014959e-10
7.118242274212339e-10
7.015923621487301e-10
6.912691146140245e-10
6.808542515471581e-10
6.703475396781680e-10
6.597487457370939e-10
6.490576364539778e-10
6.382739785588543e-10
6.273975387817641e-10
6.164280838527485e-10
6.053653805018445e-10
5.942091954590932e-10
5.829592954545325e-10
5.716154472182006e-10
5.601774174801378e-10
5.486449729703849e-10
5.370178804189788e-10
5.252959065559604e-10
5.134788181113684e-10
5.015663818152404e-10
4.895583643976166e-10
4.774545325885383e-10
4.652546531180416e-10
4.529584927161683e-10
4.405658181129566e-10
4.280763960384443e-10
4.154899932226716e-10
4.028063763956789e-10
3.900253122875038e-10
3.771465676281878e-10
3.641699091477666e-10
3.510951035762835e-10
3.379219176437730e-10
3.246501180802773e-10
3.112794716158374e-10
2.978097449804895e-10
2.842407049042723e-10
2.705721251363183e-10
2.568052674729335e-10
2.429447137402200e-10
2.289954949860701e-10
2.149626422583726e-10
2.008511866050163e-10
1.866661590738952e-10
1.724125907128963e-10
1.580955125699120e-10
1.437199556928365e-10
1.292909511295530e-10
1.148135299279556e-10
1.002927231359368e-10
8.573356180138357e-11
7.114107697218814e-11
5.652029969624475e-11
4.187626102143661e-11
2.721399199565801e-11
1.253852366679934e-11
-2.145112917246787e-12
-1.683188670859372e-11
-3.151676665934708e-11
-4.619472172161831e-11
-6.086072084751854e-11
-7.550973298915546e-11
-9.013672709863673e-11
-1.047366721280755e-10
-1.193045370295773e-10
-1.338352907552537e-10
-1.483239022572159e-10
-1.627653404875715e-10
-1.771545743984282e-10
-1.914865729418972e-10
-2.057563050700897e-10
-2.199587397351116e-10
-2.340888458890761e-10
-2.481415924840907e-10
-2.621119484722631e-10
-2.759948828057045e-10
-2.897853644365262e-10
-3.034783623168342e-10
-3.170688453987411e-10
-3.305517826343550e-10
-3.439221429757852e-10
-3.571748953751377e-10
-3.703050087845289e-10
-3.833074521560646e-10
-3.961771944418529e-10
-4.089092045940064e-10
-4.214984515646328e-10
-4.339399043058388e-10
-4.462285317697396e-10
-4.583593029084417e-10
-4.703271866740533e-10
-4.821271520186867e-10
-4.937541678944483e-10
-5.052032032534492e-10
-5.164692270478002e-10
-5.275472082296092e-10
-5.384321157509845e-10
-5.491189185640380e-10
-5.596025856208769e-10
-5.698780858736116e-10
-5.799403882743529e-10
-5.897844617752090e-10
-5.994052753282883e-10
-6.087977978857024e-10
-6.179569983995585e-10
-6.268778458219685e-10
-6.355553091050394e-10
-6.439843572008830e-10
-6.521599590616076e-10
-6.600770836393217e-10
-6.677306998861355e-10
-6.751157767541600e-10
-6.822272831955019e-10
-6.890601881622733e-10
-6.956094606065823e-10
-7.018700694805376e-10
-7.078369837362497e-10
-7.135051723258286e-10
-7.188696042013823e-10
-7.239252483150218e-10
-7.286670736188554e-10
-7.330900490649926e-10
-7.371891436055432e-10
-7.409593261926170e-10
-7.443955657783225e-10
-7.474928313147703e-10
-7.502460917540692e-10
-7.526503160483280e-10
-7.547004731496575e-10
-7.563915320101668e-10
-7.577184615819645e-10
-7.586762308171609e-10
-7.592598086678653e-10
-7.594641640861868e-10
-7.592842660242354e-10
-7.587150834341199e-10
-7.577515852679501e-10
-7.563887404778358e-10
-7.546215180158858e-10
-7.524448868342099e-10
-7.498538158849179e-10
-7.468432741201185e-10
-7.434082304919213e-10
-7.395436539524364e-10
-7.352445134537725e-10
-7.305057779480398e-10
-7.253224163873477e-10
-7.196893977238044e-10
-7.136016909095203e-10
-7.070542648966052e-10
-7.000420886371686e-10
-6.925601310833187e-10
-6.846033611871662e-10
-6.761667479008196e-10
-6.672452601763884e-10
-6.578338669659842e-10
-6.479275372217142e-10
-6.375212398956875e-10
-6.266099439400143e-10
-6.151886183068058e-10
-6.032522319481684e-10
-5.907957538162131e-10
-5.778141528630524e-10
-5.643023980407893e-10
-5.502554583015367e-10
-5.356683025974055e-10
-5.205358998805022e-10
-5.048532191029370e-10
-4.886152292168246e-10
-4.718168991742654e-10
-4.544531979273736e-10
-4.365190944282604e-10
-4.180095576290310e-10
-3.989195564817992e-10
-3.792440599386728e-10
-3.589780369517584e-10
-3.381164564731673e-10
-3.166542874550125e-10
-2.945864988493976e-10
-2.719080596084377e-10
-2.486139386842394e-10
-2.246991050289094e-10
-2.001585275945597e-10
-1.749871753333004e-10
-1.491800171972433e-10
-1.227320221384956e-10
-9.563815910916284e-11
-6.789339706136106e-11
-3.949270494719335e-11
-1.043105171877203e-11
1.929659367178917e-11
4.969526227238490e-11
8.076998513090899e-11
1.125257932952451e-10
1.449677178132908e-10
1.781007897329336e-10
2.119300401020585e-10
2.464604999685612e-10
2.816972003803371e-10
3.176451723852663e-10
3.543094470312503e-10
3.916950553661735e-10
4.298070284379180e-10
4.686503972943926e-10
5.082301929834790e-10
5.485514465530621e-10
5.896191890510432e-10
6.314384515253073e-10
6.740142650237400e-10
7.173516605942362e-10
7.614556692846927e-10
8.063313221429949e-10
8.519836502170268e-10
8.984176845546919e-10
9.456384562038670e-10
9.936509962124499e-10
1.042460335628337e-09
1.092071505499413e-09
1.142489536873561e-09
1.193719460798685e-09
1.245766308322664e-09
1.298635110493392e-09
1.352330898358769e-09
1.406858702966677e-09
1.462223555365002e-09
1.518430486601639e-09
1.575484527724487e-09
1.633390709781421e-09
1.692154063820348e-09
1.751779620889149e-09
1.812272412035709e-09
1.873637468307924e-09
1.935879820753695e-09
1.999004500420903e-09
2.063016538357429e-09
2.127920965611184e-09
2.193722813230047e-09
2.260427112261894e-09
2.328038893754646e-09
2.396563188756179e-09
2.466005028314384e-09
2.536369443477133e-09
2.607661465292351e-09
2.679886124807903e-09
2.753048453071698e-09
2.827153481131616e-09
2.902206240035550e-09
2.978211760831388e-09
3.055175074567002e-09
3.133101212290312e-09
3.211995205049209e-09
3.291862083891572e-09
3.372706879865294e-09
3.454534624018264e-09
3.537350795498238e-09
3.621171179750411e-09
3.706021868517334e-09
3.791929401641434e-09
3.878920318965146e-09
3.967021160330908e-09
4.056258465581124e-09
4.146658774558295e-09
4.238248627104827e-09
4.331054563063157e-09
4.425103122275720e-09
4.520420844584954e-09
4.617034269833259e-09
4.714969937863145e-09
4.814254388517012e-09
4.914914161637296e-09
5.016975797066436e-09
5.120465834646855e-09
5.225410814221014e-09
5.331837275631312e-09
5.439771758720238e-09
5.549240803330204e-09
5.660270949303645e-09
5.772888736482985e-09
5.887120704710688e-09
6.002993393829149e-09
6.120533343680860e-09
6.239767094108232e-09
6.360721184953701e-09
6.483422156059687e-09
6.607896547268659e-09
6.734170898423006e-09
6.862271749365228e-09
6.992225639937732e-09
7.124059109982952e-09
7.257798699343311e-09
7.393470947861277e-09
7.531102395379236e-09
7.670719581739695e-09
7.812349046785055e-09
7.956017330357754e-09
8.101750972300210e-09
8.249576512454895e-09
8.399520490664230e-09
8.551609446770612e-09
8.705869920616556e-09
8.862328452044438e-09
9.021011580896754e-09
9.181945847015866e-09
9.345157790244246e-09
9.510673950424331e-09
9.678520867398562e-09
9.848725081009412e-09
1.002131313109924e-08
1.019631155751056e-08
1.037374690008573e-08
1.055364569866718e-08
1.073603449309749e-08
1.092093982321895e-08
1.110838822887409e-08
1.129840624990527e-08
1.149102042615495e-08
1.168625729746559e-08
1.188414340367960e-08
1.208470528463949e-08
1.228796948018759e-08
1.249396253016643e-08
1.270271097441836e-08
1.291424135278585e-08
1.312858020511135e-08
1.334575407123729e-08
1.356578949100617e-08
1.378871300426030e-08
1.401455115084219e-08
1.424333047059433e-08
1.447507750335898e-08
1.470981878897880e-08
1.494758086729607e-08
1.518839027815328e-08
1.543227356139292e-08
1.567925725685731e-08
1.592936790438895e-08
1.618263204383027e-08
1.643907621502378e-08
1.669872695781178e-08
1.696161081203678e-08
1.722775431754127e-08
1.749718401416750e-08
1.776992644175817e-08
1.804600814015551e-08
1.832545564920203e-08
1.860829550874024e-08
1.889455425861243e-08
1.918425843866111e-08
1.947743458872871e-08
1.977410924865775e-08
2.007430895829052e-08
2.037806025746952e-08
2.068538968603727e-08
2.099632378383606e-08
2.131088909070840e-08
2.162911214649671e-08
2.195101949104345e-08
2.227663766419113e-08
2.260599320578201e-08
2.293911265565872e-08
2.327602255366342e-08
2.361674943963881e-08
2.396132015437189e-08
2.430989594940427e-08
2.466298361635672e-08
2.502114470761242e-08
2.538494077555479e-08
2.575493337256722e-08
2.613168405103305e-08
2.651575436333574e-08
2.690770586185845e-08
2.730810009898474e-08
2.771749862709766e-08
2.813646299858088e-08
2.856555476581775e-08
2.900533548119142e-08
2.945636669708547e-08
2.991920996588303e-08
3.039442683996757e-08
3.088257887172245e-08
3.138422761353102e-08
3.189993461777677e-08
3.243026143684280e-08
3.297576962311275e-08
3.353702072896968e-08
3.411457630679694e-08
3.470899790897834e-08
3.532084708789679e-08
3.595068539593595e-08
3.659907438547888e-08
3.726657560890907e-08
3.795375061860988e-08
3.866116096696468e-08
3.938936820635702e-08
4.013893388916987e-08
4.091041956778697e-08
4.170438679459130e-08
4.252139712196619e-08
4.336201210229563e-08
4.422679328796235e-08
4.511630223135014e-08
4.603110048484191e-08
4.697174960082124e-08
4.793881113167174e-08
4.893284662977602e-08
4.995441764751844e-08
5.100408573728159e-08
5.208241245144909e-08
5.318995934240458e-08
5.432728796253087e-08
5.549495986421156e-08
5.669353659983005e-08
5.792357972176997e-08
5.918565078241409e-08
6.048031133414607e-08
6.180812292934958e-08
6.316964712040697e-08
6.456544545970300e-08
6.599607949961995e-08
6.746211079254155e-08
6.896410089085151e-08
7.050261134693246e-08
7.207820371316813e-08
7.369143954194186e-08
7.534288038563743e-08
7.703308779663738e-08
7.876262332732548e-08
8.053204853008553e-08
8.234192495729997e-08
8.419281416135266e-08
8.608527769462690e-08
8.801987710950608e-08
8.999717395837404e-08
9.201772979361314e-08
9.408210616760779e-08
9.619086463273975e-08
9.834456674139448e-08
1.005437740459538e-07
1.027890480988015e-07
1.050809504523216e-07
1.074200426588962e-07
1.098068862709094e-07
1.122420428407444e-07
1.147260739207846e-07
1.172595410634141e-07
1.198430058210149e-07
1.224770297459716e-07
1.251621743906656e-07
1.278990013074824e-07
1.306880720488051e-07
1.335299481670160e-07
1.364251912144996e-07
1.393743627436380e-07
1.423780243068151e-07
1.454367374564144e-07
1.485510637448192e-07
1.517215647244137e-07
1.549488019475796e-07
1.582333369667019e-07
1.615757313341624e-07
1.649765466023443e-07
1.684363443236335e-07
1.719556860504110e-07
1.755351333350616e-07
1.791752477299672e-07
1.828765907875118e-07
1.866397240600789e-07
1.904652091000518e-07
1.943536074598147e-07
1.983054806917493e-07
2.023213903482407e-07
2.064028080592494e-07
2.105579314968448e-07
2.147979729650800e-07
2.191341589879640e-07
2.235777160895111e-07
2.281398707937312e-07
2.328318496246375e-07
2.376648791062434e-07
2.426501857625573e-07
2.477989961175964e-07
2.531225366953689e-07
2.586320340198896e-07
2.643387146151679e-07
2.702538050052173e-07
2.763885317140499e-07
2.827541212656778e-07
2.893618001841148e-07
2.962227949933699e-07
3.033483322174566e-07
3.107496383803891e-07
3.184379400061736e-07
3.264244636188302e-07
3.347204357423650e-07
3.433370829007921e-07
3.522856316181260e-07
3.615773084183743e-07
3.712233398255511e-07
3.812349523636689e-07
3.916233725567422e-07
4.023998269287779e-07
4.135755420037910e-07
4.251617443057962e-07
4.371696603588000e-07
4.496105166868173e-07
4.624955398138603e-07
4.758359562639411e-07
4.896429925610754e-07
5.039278752292684e-07
5.187018307925392e-07
5.339760857748888e-07
5.497618667003446e-07
5.660704000929070e-07
5.829129124765921e-07
6.003006303754164e-07
6.182447803133834e-07
6.367565888145093e-07
6.558472824028063e-07
6.755280876022868e-07
6.958102309369678e-07
7.167049389308511e-07
7.382234381079596e-07
7.603769549922890e-07
7.831767161078677e-07
8.066339479787085e-07
8.307631246240314e-07
8.556228080581840e-07
8.813033337887196e-07
9.078957387821841e-07
9.354910600050905e-07
9.641803344239921e-07
9.940545990054232e-07
1.025204890715902e-06
1.057722246521977e-06
1.091697703390165e-06
1.127222298286998e-06
1.164387068179037e-06
1.203283050032788e-06
1.244001280814803e-06
1.286632797491595e-06
1.331268637029707e-06
1.377999836395672e-06
1.426917432556023e-06
1.478112462477308e-06
1.531675963126032e-06
1.587698971468757e-06
1.646272524471987e-06
1.707487659102253e-06
1.771435412326137e-06
1.838206821110122e-06
1.907892922420778e-06
1.980584753224601e-06
2.056373586533538e-06
2.135355275837265e-06
2.217629828067778e-06
2.303297400539035e-06
2.392458150564852e-06
2.485212235459150e-06
2.581659812535760e-06
2.681901039108582e-06
2.786036072491493e-06
2.894165069998371e-06
3.006388188943122e-06
3.122805586639565e-06
3.243517420401607e-06
3.368623847543157e-06
3.498225025377995e-06
3.632421111220129e-06
3.771312262383337e-06
3.914998636181531e-06
4.063580389928623e-06
4.217157680938417e-06
4.375830666524829e-06
4.539699504001733e-06
4.708864350683051e-06
4.883425363882576e-06
5.063482700914225e-06
5.249136519091925e-06
5.440486975729408e-06
5.637646049615268e-06
5.841073926015682e-06
6.051627547422161e-06
6.270185439841432e-06
6.497626129280058e-06
6.734828141744826e-06
6.982670003242226e-06
7.242030239779178e-06
7.513787377362166e-06
7.798819941997923e-06
8.098006459693201e-06
8.412225456454519e-06
8.742355458288626e-06
9.089274991202190e-06
9.453862581201886e-06
9.836996754294484e-06
1.023955603648647e-05
1.066241895378471e-05
1.110646403219555e-05
1.157256979772599e-05
1.206161477638273e-05
1.257447749417218e-05
1.311203647710128e-05
1.367517025117643e-05
1.426475734240443e-05
1.488167627679197e-05
1.552680558034570e-05
1.620103381677106e-05
1.690574238970245e-05
1.764301956311498e-05
1.841500819570835e-05
1.922385114618258e-05
2.007169127323837e-05
2.096067143557513e-05
2.189293449189339e-05
2.287062330089273e-05
2.389588072127344e-05
2.497084961173558e-05
2.609767283097921e-05
2.727849323770469e-05
2.851545369061148e-05
2.981106760587345e-05
3.117042798960765e-05
3.259972459315980e-05
3.410515118796593e-05
3.569290154545985e-05
3.736916943707729e-05
3.914014863425234e-05
4.101203290842033e-05
4.299101603101616e-05
4.508329177347479e-05
4.729505390723169e-05
4.963249620372068e-05
5.210181243437786e-05
5.470921991929945e-05
5.746318870627254e-05
6.037627496949806e-05
6.346146638455217e-05
6.673175062701190e-05
7.020011537245180e-05
7.387954829644883e-05
7.778303606893936e-05
8.192354256601846e-05
8.631400905501550e-05
9.096737583462537e-05
9.589658320354724e-05
1.011145714604805e-04
1.066342809041208e-04
1.124698864050231e-04
1.186470077222199e-04
1.251974677938637e-04
1.321531508445082e-04
1.395459410987116e-04
1.474077227810328e-04
1.557703801160225e-04
1.646665531123211e-04
1.741322971501532e-04
1.842046319092515e-04
1.949207286604180e-04
2.063202829365494e-04
2.184450738233146e-04
2.313369170146480e-04
2.450311859880871e-04
2.595483667943423e-04
2.749068489725875e-04
2.911314586317399e-04
3.082943542163894e-04
3.264888159147387e-04
3.458063824738735e-04
3.662732807221631e-04
3.878405182982639e-04
4.105132700658081e-04
4.342954586367811e-04
4.590696055379325e-04
4.848766602634073e-04
5.119946559391294e-04
5.401721334682908e-04
5.692269128465585e-04
5.991572703682111e-04
6.300362352720497e-04
6.615235508310804e-04
6.935042568750477e-04
7.258634257471263e-04
7.584951737988126e-04
7.913052399258173e-04
8.242120688385048e-04
8.571464171946174e-04
8.900492488818402e-04
9.228675487280068e-04
9.555476000219801e-04
9.880252679481311e-04
1.020212889766877e-03
1.051982125933377e-03
1.083142175336081e-03
1.113413109781011e-03
1.142395914534284e-03
1.169545361046960e-03
1.194156147142920e-03
1.215376867562426e-03
1.232264596912207e-03
1.243882901739257e-03
1.249430865315384e-03
1.248354666214341e-03
1.240524348033609e-03
1.226284218419903e-03
1.206388086883049e-03
1.181952465194207e-03
1.154347957135297e-03
1.125051458897505e-03
1.095494918144654e-03
1.066933660033725e-03
1.040347753252401e-03
1.016403919205657e-03
9.954603170681821e-04
9.776254191624077e-04
9.627672011819606e-04
9.506233086912627e-04
9.408686885710321e-04
9.331380239137995e-04
9.271520753941103e-04
9.225977364945984e-04
9.190673830786529e-04
9.163209917212802e-04
9.141702628779489e-04
9.124297619750399e-04
9.109774701024084e-04
9.097450454845317e-04
9.086512741947805e-04
9.076092626982553e-04
9.065335262223870e-04
9.053765948124551e-04
9.041322431369808e-04
9.027963133063702e-04
9.013639248744937e-04
8.998279392803514e-04
8.981807780525504e-04
8.964158039999076e-04
8.945362043213100e-04
8.925510111252054e-04
8.904693339875396e-04
8.883002824842582e-04
8.860529661913084e-04
8.837364946846361e-04
8.813593976333363e-04
8.789272976619546e-04
8.764449083862102e-04
8.739169431127109e-04
8.713481151480626e-04
8.687431377988740e-04
8.661067236122266e-04
8.634432638100680e-04
8.607563309172735e-04
8.580493689713633e-04
8.553258220098596e-04
8.525891340702826e-04
8.498427491901531e-04
8.470900961392915e-04
8.443339387176515e-04
8.415761331436312e-04
8.388184703692178e-04
8.360627413464017e-04
8.333107370271718e-04
8.305642483635145e-04
8.278250348820312e-04
8.250944029175757e-04
8.223733184446020e-04
8.196627391599152e-04
8.169636227603235e-04
8.142769269426312e-04
8.116036094036446e-04
8.089445751077914e-04
8.063003830134301e-04
8.036714525928592e-04
8.010582029331784e-04
7.984610531214855e-04
7.958804222448826e-04
7.933167293785144e-04
7.907703424647693e-04
7.882414613219401e-04
7.857302512654218e-04
7.832368776106095e-04
7.807615056728976e-04
7.783043007676825e-04
7.758654270816840e-04
7.734449568921287e-04
7.710428040312780e-04
7.686588666454629e-04
7.662930428810143e-04
7.639452308842625e-04
7.616153288015396e-04
7.593032433115273e-04
7.570090585588902e-04
7.547330263093559e-04
7.524754048900043e-04
7.502364526279189e-04
7.480164278501810e-04
7.458155888838733e-04
7.436341489060569e-04
7.414719281213907e-04
7.393285443955516e-04
7.372036139219933e-04
7.350967528941711e-04
7.330075775055387e-04
7.309357039495495e-04
7.288807484196595e-04
7.268423271093206e-04
7.248200562119887e-04
7.228135519211173e-04
7.208224304301600e-04
7.188463079325722e-04
7.168848010663339e-04
7.149376136172137e-04
7.130046404366962e-04
7.110858017139864e-04
7.091810176382870e-04
7.072902083988009e-04
7.054132941847322e-04
7.035501951852840e-04
7.017008315896594e-04
6.998651235870618e-04
6.980429913666941e-04
6.962343551177605e-04
6.944391350294633e-04
6.926572512910074e-04
6.908886210323372e-04
6.891331252763522e-04
6.873906214905325e-04
6.856609667378949e-04
6.839440180814569e-04
6.822396325842354e-04
6.805476673092471e-04
6.788679793195092e-04
6.772004256780379e-04
6.755448634478514e-04
6.739011496919657e-04
6.722691414733986e-04
6.706486958551669e-04
6.690396699141459e-04
6.674419322606077e-04
6.658553839516690e-04
6.642799317086387e-04
6.627154822528246e-04
6.611619423055365e-04
6.596192185880816e-04
6.580872178217686e-04
6.565658467279063e-04
6.550550120278029e-04
6.535546204427674e-04
6.520645786941082e-04
6.505847935031329e-04
6.491151715911510e-04
6.476556190000521e-04
6.462060305265103e-04
6.447662917232142e-04
6.433362878685052e-04
6.419159042407248e-04
6.405050261182142e-04
6.391035387793158e-04
6.377113275023703e-04
6.363282775657199e-04
6.349542742477063e-04
6.335892028266699e-04
6.322329485809534e-04
6.308853967888975e-04
6.295464327295682e-04
6.282159676848602e-04
6.268940076498392e-04
6.255805801777587e-04
6.242757128218697e-04
6.229794331354253e-04
6.216917686716775e-04
6.204127469838790e-04
6.191423956252820e-04
6.178807421491388e-04
6.166278141087018e-04
6.153836390572229e-04
6.141482445479550e-04
6.129216581341505e-04
6.117039042525634e-04
6.104949312711712e-04
6.092946089676655e-04
6.081028034987727e-04
6.069193810212183e-04
6.057442076917285e-04
6.045771496670288e-04
6.034180731038451e-04
6.022668441589031e-04
6.011233289889284e-04
5.999873937506474e-04
5.988589046007855e-04
5.977377276960684e-04
5.966237291932223e-04
5.955167752489728e-04
5.944167320200456e-04
5.933234656631666e-04
5.922368423350614e-04
5.911567281924562e-04
5.900829893920764e-04
5.890154920906485e-04
5.879541024448973e-04
5.868986866115494e-04
5.858491107473302e-04
5.848052410089654e-04
5.837669435531813e-04
5.827340845367035e-04
5.817065312672132e-04
5.806841957957930e-04
5.796670482967852e-04
5.786550628290079e-04
5.776482134512788e-04
5.766464742224165e-04
5.756498192012379e-04
5.746582224465615e-04
5.736716580172051e-04
5.726900999719862e-04
5.717135223697235e-04
5.707418992692341e-04
5.697752047293367e-04
5.688134128088485e-04
5.678564975665874e-04
5.669044330613718e-04
5.659571933520190e-04
5.650147524973476e-04
5.640770845561753e-04
5.631441635873194e-04
5.622159636495984e-04
5.612924588018298e-04
5.603736231028320e-04
5.594594306114224e-04
5.585498553864194e-04
5.576448714866406e-04
5.567444529709036e-04
5.558485740287438e-04
5.549572180113868e-04
5.540703832857799e-04
5.531880696107435e-04
5.523102767450981e-04
5.514370044476648e-04
5.505682524772643e-04
5.497040205927178e-04
5.488443085528458e-04
5.479891161164689e-04
5.471384430424086e-04
5.462922890894849e-04
5.454506540165192e-04
5.446135375823319e-04
5.437809395457444e-04
5.429528596655770e-04
5.421292977006507e-04
5.413102534097865e-04
5.404957265518046e-04
5.396857168855266e-04
5.388802241697728e-04
5.380792481633641e-04
5.372827886251217e-04
5.364908453138658e-04
5.357034179884176e-04
5.349205064075977e-04
5.341421103302274e-04
5.333682294288599e-04
5.325988497989714e-04
5.318339292836040e-04
5.310734222004428e-04
5.303172828671737e-04
5.295654656014821e-04
5.288179247210533e-04
5.280746145435732e-04
5.273354893867270e-04
5.266005035682002e-04
5.258696114056785e-04
5.251427672168469e-04
5.244199253193916e-04
5.237010400309976e-04
5.229860656693509e-04
5.222749565521363e-04
5.215676669970399e-04
5.208641513217470e-04
5.201643638439429e-04
5.194682588813133e-04
5.187757907515439e-04
5.180869137723199e-04
5.174015822613270e-04
5.167197505362502e-04
5.160413729147757e-04
5.153664037145885e-04
5.146947972533746e-04
5.140265078488190e-04
5.133614898186075e-04
5.126996974804254e-04
5.120410851519583e-04
5.113856071508918e-04
5.107332177949111e-04
5.100838714017022e-04
5.094375222889502e-04
5.087941247743406e-04
5.081536331755592e-04
5.075160018102910e-04
5.068811849962222e-04
5.062491370510379e-04
5.056198122924233e-04
5.049931650380645e-04
5.043691496056465e-04
5.037477203128552e-04
5.031288314773757e-04
5.025124374168941e-04
5.018984924490955e-04
5.012869508916651e-04
5.006777670622889e-04
5.000708952786521e-04
4.994662898584406e-04
4.988639051193397e-04
4.982636953790345e-04
4.976656149552111e-04
4.970696181663966e-04
4.964756671266768e-04
4.958837507996306e-04
4.952938639249774e-04
4.947060012424368e-04
4.941201574917279e-04
4.935363274125703e-04
4.929545057446833e-04
4.923746872277865e-04
4.917968666015991e-04
4.912210386058407e-04
4.906471979802305e-04
4.900753394644879e-04
4.895054577983324e-04
4.889375477214836e-04
4.883716039736604e-04
4.878076212945828e-04
4.872455944239697e-04
4.866855181015408e-04
4.861273870670153e-04
4.855711960601128e-04
4.850169398205527e-04
4.844646130880543e-04
4.839142106023371e-04
4.833657271031202e-04
4.828191573301234e-04
4.822744960230660e-04
4.817317379216671e-04
4.811908777656466e-04
4.806519102947236e-04
4.801148302486176e-04
4.795796323670479e-04
4.790463113897339e-04
4.785148620563952e-04
4.779852791067509e-04
4.774575572805209e-04
4.769316913174240e-04
4.764076759571800e-04
4.758855059395082e-04
4.753651760041279e-04
4.748466808907587e-04
4.743300153391200e-04
4.738151740889310e-04
4.733021518799113e-04
4.727909434517800e-04
4.722815435442569e-04
4.717739468970611e-04
4.712681482499123e-04
4.707641423425296e-04
4.702619239146326e-04
4.697614877059407e-04
4.692628284561730e-04
4.687659409050494e-04
4.682708197922889e-04
4.677774598576114e-04
4.672858562368716e-04
4.667960063792202e-04
4.663079085711216e-04
4.658215611001942e-04
4.653369622540575e-04
4.648541103203301e-04
4.643730035866311e-04
4.638936403405795e-04
4.634160188697940e-04
4.629401374618939e-04
4.624659944044978e-04
4.619935879852252e-04
4.615229164916946e-04
4.610539782115249e-04
4.605867714323354e-04
4.601212944417447e-04
4.596575455273722e-04
4.591955229768366e-04
4.587352250777567e-04
4.582766501177517e-04
4.578197963844404e-04
4.573646621654419e-04
4.569112457483752e-04
4.564595454208591e-04
4.560095594705126e-04
4.555612861849546e-04
4.551147238518043e-04
4.546698707586803e-04
4.542267251932019e-04
4.537852854429879e-04
4.533455497956572e-04
4.529075165388289e-04
4.524711839601217e-04
4.520365503471550e-04
4.516036139875473e-04
4.511723731689178e-04
4.507428261788856e-04
4.503149713050693e-04
4.498888068350880e-04
4.494643310565607e-04
4.490415422571064e-04
4.486204387243441e-04
4.482010187458925e-04
4.477832806093709e-04
4.473672226023979e-04
4.469528430125927e-04
4.465401401275742e-04
4.461291122349614e-04
4.457197576223733e-04
4.453120745774286e-04
4.449060613877465e-04
4.445017163409458e-04
4.440990377246457e-04
4.436980238264649e-04
4.432986724575083e-04
4.429009765095321e-04
4.425049259721402e-04
4.421105107974275e-04
4.417177209374879e-04
4.413265463444160e-04
4.409369769703063e-04
4.405490027672531e-04
4.401626136873508e-04
4.397777996826937e-04
4.393945507053763e-04
4.390128567074930e-04
4.386327076411381e-04
4.382540934584062e-04
4.378770041113914e-04
4.375014295521883e-04
4.371273597328914e-04
4.367547846055947e-04
4.363836941223930e-04
4.360140782353804e-04
4.356459268966515e-04
4.352792300583006e-04
4.349139776724221e-04
4.345501596911105e-04
4.341877660664599e-04
4.338267867505650e-04
4.334672116955202e-04
4.331090308534197e-04
4.327522341763579e-04
4.323968116164293e-04
4.320427531257284e-04
4.316900486563493e-04
4.313386881603867e-04
4.309886615899348e-04
4.306399588970879e-04
4.302925700339407e-04
4.299464849525874e-04
4.296016936051224e-04
4.292581859436402e-04
4.289159519202350e-04
4.285749814870014e-04
4.282352645960336e-04
4.278967911994262e-04
4.275595512492734e-04
4.272235346976699e-04
4.268887314967097e-04
4.265551315984874e-04
4.262227249550974e-04
4.258915015186340e-04
4.255614512411917e-04
4.252325640748649e-04
4.249048299717480e-04
4.245782388839353e-04
4.242527807635211e-04
4.239284455626001e-04
4.236052232332665e-04
4.232831037276146e-04
4.229620769977392e-04
4.226421329957341e-04
4.223232616736942e-04
4.220054529837135e-04
4.216886968778868e-04
4.213729833083082e-04
4.210583022270722e-04
4.207446435862732e-04
4.204319973380055e-04
4.201203534343637e-04
4.198097018274419e-04
4.195000324693347e-04
4.191913353121366e-04
4.188836003079416e-04
4.185768174088445e-04
4.182709765669394e-04
4.179660677343210e-04
4.176620808630835e-04
4.173590059053212e-04
4.170568328131287e-04
4.167555515386003e-04
4.164551520338304e-04
4.161556242509134e-04
4.158569581419436e-04
4.155591436590156e-04
4.152621707542237e-04
4.149660293796621e-04
4.146707094874255e-04
4.143762010296081e-04
4.140824939583044e-04
4.137895782256087e-04
4.134974437836156e-04
4.132060805844191e-04
4.129154785801140e-04
4.126256277227945e-04
4.123365179645549e-04
4.120481392574899e-04
4.117604815536937e-04
4.114735348052606e-04
4.111872889642852e-04
4.109017339828617e-04
4.106168598130846e-04
4.103326564070483e-04
4.100491137168472e-04
4.097662216945757e-04
4.094839702923281e-04
4.092023494621989e-04
4.089213491562824e-04
4.086409593266731e-04
4.083611699254653e-04
4.080819709047536e-04
4.078033522863712e-04
4.075253078151601e-04
4.072478367559207e-04
4.069709388201494e-04
4.066946137193426e-04
4.064188611649965e-04
4.061436808686073e-04
4.058690725416717e-04
4.055950358956856e-04
4.053215706421456e-04
4.050486764925479e-04
4.047763531583891e-04
4.045046003511652e-04
4.042334177823727e-04
4.039628051635078e-04
4.036927622060669e-04
4.034232886215464e-04
4.031543841214426e-04
4.028860484172517e-04
4.026182812204702e-04
4.023510822425943e-04
4.020844511951204e-04
4.018183877895449e-04
4.015528917373639e-04
4.012879627500740e-04
4.010236005391713e-04
4.007598048161522e-04
4.004965752925131e-04
4.002339116797503e-04
3.999718136893601e-04
3.997102810328389e-04
3.994493134216830e-04
3.991889105673886e-04
3.989290721814521e-04
3.986697979753700e-04
3.984110876606383e-04
3.981529409487537e-04
3.978953575512122e-04
3.976383371795104e-04
3.973818795451444e-04
3.971259843596107e-04
3.968706513344055e-04
3.966158801810252e-04
3.963616706109662e-04
3.961080223357247e-04
3.958549350667971e-04
3.956024085156796e-04
3.953504423938687e-04
3.950990364128607e-04
3.948481902841518e-04
3.945979037192385e-04
3.943481764296170e-04
3.940990081267837e-04
3.938503985222350e-04
3.936023473274670e-04
3.933548542539763e-04
3.931079190132589e-04
3.928615413168115e-04
3.926157208761301e-04
3.923704574027113e-04
3.921257506080512e-04
3.918816002036464e-04
3.916380059009929e-04
3.913949674115873e-04
3.911524844469258e-04
3.909105567185047e-04
3.906691839378204e-04
3.904283658163693e-04
3.901881020656476e-04
3.899483923971517e-04
3.897092365223778e-04
3.894706341528224e-04
3.892325849999817e-04
3.889950887753521e-04
3.887581451904300e-04
3.885217539567116e-04
3.882859147856932e-04
3.880506273888712e-04
3.878158914777420e-04
3.875817067638018e-04
3.873480729585471e-04
3.871149897734739e-04
3.868824569200789e-04
3.866504741098584e-04
3.864190410543084e-04
3.861881574649255e-04
3.859578230532059e-04
3.857280375306461e-04
3.854988006087422e-04
3.852701119989907e-04
3.850419714128879e-04
3.848143785619300e-04
3.845873331576136e-04
3.843608349114347e-04
3.841348835348899e-04
3.839094787394753e-04
3.836846202366876e-04
3.834603077380227e-04
3.832365409549771e-04
3.830133195990472e-04
3.827906433817292e-04
3.825685120145195e-04
3.823469252089144e-04
3.821258826764102e-04
3.819053841285035e-04
3.816854292766902e-04
3.814660178324669e-04
3.812471495073298e-04
3.810288240127755e-04
3.808110407918994e-04
3.805937982141951e-04
3.803770943807554e-04
3.801609273926730e-04
3.799452953510408e-04
3.797301963569517e-04
3.795156285114986e-04
3.793015899157741e-04
3.790880786708711e-04
3.788750928778826e-04
3.786626306379011e-04
3.784506900520197e-04
3.782392692213313e-04
3.780283662469284e-04
3.778179792299040e-04
3.776081062713509e-04
3.773987454723620e-04
3.771898949340300e-04
3.769815527574479e-04
3.767737170437083e-04
3.765663858939042e-04
3.763595574091284e-04
3.761532296904737e-04
3.759474008390329e-04
3.757420689558990e-04
3.755372321421645e-04
3.753328884989225e-04
3.751290361272656e-04
3.749256731282869e-04
3.747227976030790e-04
3.745204076527349e-04
3.743185013783473e-04
3.741170768810090e-04
3.739161322618129e-04
3.737156656218519e-04
3.735156750622186e-04
3.733161586840061e-04
3.731171145883072e-04
3.729185408762144e-04
3.727204356488208e-04
3.725227970072193e-04
3.723256230525025e-04
3.721289118857633e-04
3.719326616080946e-04
3.717368703205891e-04
3.715415361243398e-04
3.713466571204394e-04
3.711522314099808e-04
3.709582570940567e-04
3.707647322737602e-04
3.705716550501838e-04
3.703790235244204e-04
3.701868357975629e-04
3.699950899707042e-04
3.698037841449370e-04
3.696129164213542e-04
3.694224849010485e-04
3.692324876851129e-04
3.690429228746401e-04
3.688537885707230e-04
3.686650828744544e-04
3.684768038869271e-04
3.682889497092341e-04
3.681015184424680e-04
3.679145081877216e-04
3.677279170460879e-04
3.675417431186596e-04
3.673559845065297e-04
3.671706393107908e-04
3.669857056325359e-04
3.668011815728578e-04
3.666170652328491e-04
3.664333547136030e-04
3.662500481162120e-04
3.660671435417693e-04
3.658846390913673e-04
3.657025328660991e-04
3.655208229670574e-04
3.653395074953350e-04
3.651585845520249e-04
3.649780522382198e-04
3.647979086550125e-04
3.646181519034960e-04
3.644387800847629e-04
3.642597912999062e-04
3.640811836500185e-04
3.639029552361929e-04
3.637251041595222e-04
3.635476285210990e-04
3.633705264220163e-04
3.631937959633669e-04
3.630174352462435e-04
3.628414423717393e-04
3.626658154409466e-04
3.624905525549586e-04
3.623156518148680e-04
3.621411113217677e-04
3.619669291767504e-04
3.617931034809090e-04
3.616196323353364e-04
3.614465138411253e-04
3.612737460993685e-04
3.611013272111591e-04
3.609292552775895e-04
3.607575283997528e-04
3.605861446787419e-04
3.604151022156494e-04
3.602443991115682e-04
3.600740335514829e-04
3.599040047570534e-04
3.597343126491388e-04
3.595649571616956e-04
3.593959382286805e-04
3.592272557840498e-04
3.590589097617601e-04
3.588909000957680e-04
3.587232267200300e-04
3.585558895685026e-04
3.583888885751424e-04
3.582222236739058e-04
3.580558947987494e-04
3.578899018836297e-04
3.577242448625034e-04
3.575589236693267e-04
3.573939382380565e-04
3.572292885026490e-04
3.570649743970610e-04
3.569009958552489e-04
3.567373528111690e-04
3.565740451987783e-04
3.564110729520330e-04
3.562484360048897e-04
3.560861342913049e-04
3.559241677452353e-04
3.557625363006371e-04
3.556012398914671e-04
3.554402784516818e-04
3.552796519152378e-04
3.551193602160914e-04
3.549594032881992e-04
3.547997810655178e-04
3.546404934820036e-04
3.544815404716133e-04
3.543229219683034e-04
3.541646379060303e-04
3.540066882187506e-04
3.538490728404209e-04
3.536917917049976e-04
3.535348447464373e-04
3.533782318986966e-04
3.532219530957320e-04
3.530660082714998e-04
3.529103973599567e-04
3.527551202950594e-04
3.526001770107642e-04
3.524455674410276e-04
3.522912915198063e-04
3.521373491810567e-04
3.519837403587354e-04
3.518304649867989e-04
3.516775229992037e-04
3.515249143299065e-04
3.513726389128635e-04
3.512206966820315e-04
3.510690875713670e-04
3.509178115148263e-04
3.507668684463662e-04
3.506162582999432e-04
3.504659810095136e-04
3.503160365090342e-04
3.501664247324614e-04
3.500171456137517e-04
3.498681990868616e-04
3.497195850857479e-04
3.495713035443668e-04
3.494233543966749e-04
3.492757375766289e-04
3.491284530181852e-04
3.489815006553003e-04
3.488348804219307e-04
3.486885922520331e-04
3.485426360795638e-04
3.483970118384795e-04
3.482517194627367e-04
3.481067588862920e-04
3.479621300431017e-04
3.478178328671225e-04
3.476738672923110e-04
3.475302332526235e-04
3.473869306820166e-04
3.472439595144470e-04
3.471013196838711e-04
3.469590111242453e-04
3.468170337695263e-04
3.466753875536707e-04
3.465340724106348e-04
3.463930882743753e-04
3.462524350788487e-04
3.461121127580115e-04
3.459721212458202e-04
3.458324604762313e-04
3.456931303832015e-04
3.455541309006872e-04
3.454154619626449e-04
3.452771235030312e-04
3.451391154558025e-04
3.450014377549155e-04
3.448640903343266e-04
3.447270731279925e-04
3.445903860698696e-04
3.444540290939143e-04
3.443180021340835e-04
3.441823051243334e-04
3.440469379986205e-04
3.439119006909016e-04
3.437771931351330e-04
3.436428152617966e-04
3.435087667325380e-04
3.433750467533066e-04
3.432416544859102e-04
3.431085890921571e-04
3.429758497338555e-04
3.428434355728135e-04
3.427113457708390e-04
3.425795794897405e-04
3.424481358913259e-04
3.423170141374033e-04
3.421862133897810e-04
3.420557328102669e-04
3.419255715606693e-04
3.417957288027963e-04
3.416662036984560e-04
3.415369954094564e-04
3.414081030976059e-04
3.412795259247125e-04
3.411512630525843e-04
3.410233136430294e-04
3.408956768578560e-04
3.407683518588722e-04
3.406413378078861e-04
3.405146338667058e-04
3.403882391971395e-04
3.402621529609954e-04
3.401363743200815e-04
3.400109024362059e-04
3.398857364711769e-04
3.397608755868024e-04
3.396363189448907e-04
3.395120657072499e-04
3.393881150356881e-04
3.392644660920134e-04
3.391411180380339e-04
3.390180700355579e-04
3.388953212463933e-04
3.387728708323484e-04
3.386507179552313e-04
3.385288617768500e-04
3.384073014590128e-04
3.382860361635277e-04
3.381650650522029e-04
3.380443872868465e-04
3.379240020292667e-04
3.378039084412715e-04
3.376841056846691e-04
3.375645929212675e-04
3.374453693128751e-04
3.373264340212998e-04
3.372077862083498e-04
3.370894250358332e-04
3.369713496655583e-04
3.368535592593329e-04
3.367360529789654e-04
3.366188299862638e-04
3.365018894430363e-04
3.363852305110909e-04
3.362688523522359e-04
3.361527541282794e-04
3.360369350010294e-04
3.359213941322941e-04
3.358061306838816e-04
3.356911438176001e-04
3.355764326952576e-04
3.354619964786624e-04
3.353478343296226e-04
3.352339454099461e-04
3.351203288814413e-04
3.350069839059163e-04
3.348939096451791e-04
3.347811052610378e-04
3.346685699153006e-04
3.345563027697757e-04
3.344443029862711e-04
3.343325697265950e-04
3.342211021525556e-04
3.341098994259608e-04
3.339989607086190e-04
3.338882851623381e-04
3.337778719489264e-04
3.336677202301919e-04
3.335578291679429e-04
3.334481979239873e-04
3.333388256601333e-04
3.332297115381891e-04
3.331208547199628e-04
3.330122543672625e-04
3.329039096418964e-04
3.327958197056726e-04
3.326879837203991e-04
3.325804008478841e-04
3.324730702499359e-04
3.323659910883624e-04
3.322591625249719e-04
3.321525837215723e-04
3.320462538399720e-04
3.319401720419789e-04
3.318343374894013e-04
3.317287493440471e-04
3.316234067677248e-04
3.315183089222421e-04
3.314134549694074e-04
3.313088440710288e-04
3.312044753889144e-04
3.311003480848723e-04
3.309964613207106e-04
3.308928142582376e-04
3.307894060592611e-04
3.306862358855895e-04
3.305833028990309e-04
3.304806062613934e-04
3.303781451344850e-04
3.302759186801140e-04
3.301739260600885e-04
3.300721664362165e-04
3.299706389703063e-04
3.298693428241659e-04
3.297682771596035e-04
3.296674411384272e-04
3.295668339224452e-04
3.294664546734655e-04
3.293663025532962e-04
3.292663767237456e-04
3.291666763466217e-04
3.290672005837327e-04
3.289679485968866e-04
3.288689195478918e-04
3.287701125985562e-04
3.286715269106879e-04
3.285731616460951e-04
3.284750159665860e-04
3.283770890339687e-04
3.282793800100512e-04
3.281818880566417e-04
3.280846123355484e-04
3.279875520085793e-04
3.278907062375427e-04
3.277940741842466e-04
3.276976550104991e-04
3.276014478781084e-04
3.275054519488826e-04
3.274096663846299e-04
3.273140903471583e-04
3.272187229982761e-04
3.271235634997912e-04
3.270286110135119e-04
3.269338647012462e-04
3.268393237248024e-04
3.267449872459885e-04
3.266508544266126e-04
3.265569244284830e-04
3.264631964134076e-04
3.263696695431946e-04
3.262763429796523e-04
3.261832158845887e-04
3.260902874198118e-04
3.259975567471300e-04
3.259050230283512e-04
3.258126854252836e-04
3.257205430997353e-04
3.256285952135146e-04
3.255368409284293e-04
3.254452794062878e-04
3.253539098088981e-04
3.252627312980685e-04
3.251717430356069e-04
3.250809441833215e-04
3.249903339030205e-04
3.248999113565120e-04
3.248096757056041e-04
3.247196261121050e-04
3.246297617378227e-04
3.245400817445653e-04
3.244505852941411e-04
3.243612715483582e-04
3.242721396690246e-04
3.241831888179485e-04
3.240944181569381e-04
3.240058268478014e-04
3.239174140523466e-04
3.238291789323819e-04
3.237411206497152e-04
3.236532383661548e-04
3.235655312435088e-04
3.234779984435854e-04
3.233906391281926e-04
3.233034524591386e-04
3.232164375982314e-04
3.231295937072793e-04
3.230429199480904e-04
3.229564154824728e-04
3.228700794722346e-04
3.227839110791839e-04
3.226979094651289e-04
3.226120737918777e-04
3.225264032212384e-04
3.224408969150192e-04
3.223555540350281e-04
3.222703737430734e-04
3.221853552009631e-04
3.221004975705054e-04
3.220158000135084e-04
3.219312616917801e-04
3.218468817671289e-04
3.217626594013627e-04
3.216785937562897e-04
3.215946839937180e-04
3.215109292754559e-04
3.214273287633112e-04
3.213438816190923e-04
3.212605870046073e-04
3.211774440816642e-04
3.210944520120712e-04
3.210116099576364e-04
3.209289170801679e-04
3.208463725623992e-04
3.207639759001650e-04
3.206817268303270e-04
3.205996250959468e-04
3.205176704400856e-04
3.204358626058052e-04
3.203542013361670e-04
3.202726863742327e-04
3.201913174630635e-04
3.201100943457211e-04
3.200290167652671e-04
3.199480844647628e-04
3.198672971872699e-04
3.197866546758499e-04
3.197061566735642e-04
3.196258029234744e-04
3.195455931686421e-04
3.194655271521287e-04
3.193856046169957e-04
3.193058253063047e-04
3.192261889631172e-04
3.191466953304946e-04
3.190673441514987e-04
3.189881351691907e-04
3.189090681266323e-04
3.188301427668850e-04
3.187513588330102e-04
3.186727160680696e-04
3.185942142151246e-04
3.185158530172368e-04
3.184376322174677e-04
3.183595515588787e-04
3.182816107845314e-04
3.182038096374873e-04
3.181261478608080e-04
3.180486251975549e-04
3.179712413907896e-04
3.178939961835736e-04
3.178168893189684e-04
3.177399205400356e-04
3.176630895898366e-04
3.175863962114330e-04
3.175098401478862e-04
3.174334211422578e-04
3.173571389376094e-04
3.172809932770024e-04
3.172049839034984e-04
3.171291105601588e-04
3.170533729900452e-04
3.169777709362191e-04
3.169023041417421e-04
3.168269723496756e-04
3.167517753030812e-04
3.166767127450204e-04
3.166017844185547e-04
3.165269900667456e-04
3.164523294326545e-04
3.163778022593432e-04
3.163034082898731e-04
3.162291472673056e-04
3.161550189347024e-04
3.160810230351249e-04
3.160071593116346e-04
3.159334275072931e-04
3.158598273651619e-04
3.157863586283025e-04
3.157130210397764e-04
3.156398143426451e-04
3.155667382799702e-04
3.154937925948132e-04
3.154209770302355e-04
3.153482913292988e-04
3.152757352350645e-04
3.152033084905941e-04
3.151310108389492e-04
3.150588420231914e-04
3.149868017863819e-04
3.149148898715825e-04
3.148431060218547e-04
3.147714499802599e-04
3.146999214898597e-04
3.146285202937155e-04
3.145572461348890e-04
3.144860987564416e-04
3.144150779014348e-04
3.143441833129303e-04
3.142734147339894e-04
3.142027719076737e-04
3.141322545770447e-04
3.140618624851639e-04
3.139915953750929e-04
3.139214529898932e-04
3.138514350726263e-04
3.137815413663537e-04
3.137117716141368e-04
3.136421255590374e-04
3.135726029441168e-04
3.135032035124366e-04
3.134339270070583e-04
3.133647731710434e-04
3.132957417474534e-04
3.132268324793499e-04
3.131580451097944e-04
3.130893793818484e-04
3.130208350385733e-04
3.129524118230309e-04
3.128841094782824e-04
3.128159277473895e-04
3.127478663734136e-04
3.126799250994165e-04
3.126121036684594e-04
3.125444018236039e-04
3.124768193079116e-04
3.124093558644440e-04
3.123420112362625e-04
3.122747851664287e-04
3.122076773980043e-04
3.121406876740505e-04
3.120738157376289e-04
3.120070613318012e-04
3.119404241996288e-04
3.118739040841731e-04
3.118075007284959e-04
3.117412138756584e-04
3.116750432687224e-04
3.116089886507492e-04
3.115430497648005e-04
3.114772263539376e-04
3.114115181612223e-04
3.113459249297158e-04
3.112804464024799e-04
3.112150823225759e-04
3.111498324330654e-04
3.110846964770101e-04
3.110196741974712e-04
3.109547653375104e-04
3.108899696401892e-04
3.108252868485691e-04
3.107607167057116e-04
3.106962589546783e-04
3.106319133385307e-04
3.105676796003302e-04
3.105035574831384e-04
3.104395467300169e-04
3.103756470840270e-04
3.103118582882304e-04
3.102481800856887e-04
3.101846122194631e-04
3.101211544326154e-04
3.100578064682070e-04
3.099945680692995e-04
3.099314389789543e-04
3.098684189402329e-04
3.098055076961971e-04
3.097427049899080e-04
3.096800105644274e-04
3.096174241628168e-04
3.095549455281377e-04
3.094925744034515e-04
3.094303105318198e-04
3.093681536563042e-04
3.093061035199661e-04
3.092441598658671e-04
3.091823224370687e-04
3.091205909766323e-04
3.090589652276195e-04
3.089974449330919e-04
3.089360298361110e-04
3.088747196797382e-04
3.088135142070351e-04
3.087524131610632e-04
3.086914162848840e-04
3.086305233215591e-04
3.085697340141499e-04
3.085090481057180e-04
3.084484653393249e-04
3.083879854580321e-04
3.083276082049012e-04
3.082673333229935e-04
3.082071605553708e-04
3.081470896450945e-04
3.080871203352260e-04
3.080272523688270e-04
3.079674854889588e-04
3.079078194386833e-04
3.078482539610616e-04
3.077887887991554e-04
3.077294236960263e-04
3.076701583947357e-04
3.076109926383451e-04
3.075519261699161e-04
3.074929587325102e-04
3.074340900691889e-04
3.073753199230137e-04
3.073166480370462e-04
3.072580741543478e-04
3.071995980179800e-04
3.071412193710046e-04
3.070829379564827e-04
3.070247535174762e-04
3.069666657970463e-04
3.069086745382548e-04
3.068507794841630e-04
3.067929803778325e-04
3.067352769623249e-04
3.066776689807016e-04
3.066201561760241e-04
3.065627382913541e-04
3.065054150697529e-04
3.064481862542821e-04
3.063910515880033e-04
3.063340108139779e-04
3.062770636752675e-04
3.062202099149335e-04
3.061634492760376e-04
3.061067815016412e-04
3.060502063348058e-04
3.059937235185930e-04
3.059373327960642e-04
3.058810339102810e-04
3.058248266043050e-04
3.057687106211976e-04
3.057126857040203e-04
3.056567515958347e-04
3.056009080397023e-04
3.055451547786846e-04
3.054894915558431e-04
3.054339181142393e-04
3.053784341969349e-04
3.053230395469911e-04
3.052677339074697e-04
3.052125170214321e-04
3.051573886319398e-04
3.051023484820543e-04
3.050473963148373e-04
3.049925318733501e-04
3.049377549006543e-04
3.048830651398114e-04
3.048284623338830e-04
3.047739462259304e-04
3.047195165590155e-04
3.046651730761994e-04
3.046109155205440e-04
3.045567436351105e-04
3.045026571629605e-04
3.044486558471557e-04
3.043947394307574e-04
3.043409076568272e-04
3.042871602684266e-04
3.042334970086172e-04
3.041799176204604e-04
3.041264218470178e-04
3.040730094313509e-04
3.040196801165213e-04
3.039664336455903e-04
3.039132697616196e-04
3.038601882076706e-04
3.038071887268049e-04
3.037542710620840e-04
3.037014349565695e-04
3.036486801533227e-04
3.035960063954054e-04
3.035434134258789e-04
3.034909009878048e-04
3.034384688242446e-04
3.033861166782598e-04
3.033338442929120e-04
3.032816514112626e-04
3.032295377763733e-04
3.031775031313054e-04
3.031255472191205e-04
3.030736697828802e-04
3.030218705656459e-04
3.029701493104792e-04
3.029185057604416e-04
3.028669396585946e-04
3.028154507479998e-04
3.027640387717185e-04
3.027127034728125e-04
3.026614445943431e-04
3.026102618793719e-04
3.025591550709605e-04
3.025081239121702e-04
3.024571681460627e-04
3.024062875156995e-04
3.023554817641421e-04
3.023047506344520e-04
3.022540938696907e-04
3.022035112129198e-04
3.021530024072007e-04
3.021025671955950e-04
3.020522053211642e-04
3.020019165269699e-04
3.019517005560734e-04
3.019015571515364e-04
3.018514860564204e-04
3.018014870137869e-04
3.017515597666974e-04
3.017017040582133e-04
3.016519196313964e-04
3.016022062293080e-04
3.015525635950097e-04
3.015029914715629e-04
3.014534896020294e-04
3.014040577294704e-04
3.013546955969476e-04
3.013054029475224e-04
3.012561795242565e-04
3.012070250702112e-04
3.011579393284482e-04
3.011089220420290e-04
3.010599729540149e-04
3.010110918074677e-04
3.009622783454487e-04
3.009135323110196e-04
3.008648534472418e-04
3.008162414971769e-04
3.007676962038863e-04
3.007192173104317e-04
3.006708045598744e-04
3.006224576952760e-04
3.005741764596981e-04
3.005259605962021e-04
3.004778098478497e-04
3.004297239577022e-04
3.003817026688213e-04
3.003337457242683e-04
3.002858528671050e-04
3.002380238403927e-04
3.001902583871930e-04
3.001425562505673e-04
3.000949171735774e-04
3.000473408992845e-04
2.999998271707503e-04
2.999523757310363e-04
2.999049863232040e-04
2.998576586903149e-04
2.998103925754306e-04
2.997631877216124e-04
2.997160438719221e-04
2.996689607694211e-04
2.996219381571708e-04
2.995749757782329e-04
2.995280733756688e-04
2.994812306925400e-04
2.994344474719082e-04
2.993877234568347e-04
2.993410583903812e-04
2.992944520156091e-04
2.992479040755800e-04
2.992014143133552e-04
2.991549824719965e-04
2.991086082945653e-04
2.990622915241232e-04
2.990160319037315e-04
2.989698291764520e-04
2.989236830853460e-04
2.988775933734750e-04
2.988315597839008e-04
2.987855820596846e-04
2.987396599438881e-04
2.986937931795728e-04
2.986479815098001e-04
2.986022246776317e-04
2.985565224261289e-04
2.985108744983534e-04
2.984652806373667e-04
2.984197405862303e-04
2.983742540880056e-04
2.983288208857543e-04
2.982834407225377e-04
2.982381133414176e-04
2.981928384854553e-04
2.981476158977124e-04
2.981024453212503e-04
2.980573264991307e-04
2.980122591744151e-04
2.979672430901649e-04
2.979222779894417e-04
2.978773636153070e-04
2.978324997108222e-04
2.977876860190491e-04
2.977429222830490e-04
2.976982082458834e-04
2.976535436506139e-04
2.976089282403020e-04
2.975643617580093e-04
2.975198439467972e-04
2.974753745497272e-04
2.974309533098609e-04
2.973865799702598e-04
2.973422542739855e-04
2.972979759640993e-04
2.972537447836629e-04
2.972095604757378e-04
2.971654227833854e-04
2.971213314496674e-04
2.970772862176451e-04
2.970332868303802e-04
2.969893330309342e-04
2.969454245623685e-04
2.969015611677447e-04
2.968577425901244e-04
2.968139685725690e-04
2.967702388581400e-04
2.967265531898990e-04
2.966829113109075e-04
2.966393129642269e-04
2.965957578929189e-04
2.965522458400450e-04
2.965087765486665e-04
2.964653497618452e-04
2.964219652226425e-04
2.963786226741198e-04
2.963353218593388e-04
2.962920625213609e-04
2.962488444032478e-04
2.962056672480607e-04
2.961625307988614e-04
2.961194347987113e-04
2.960763789906720e-04
2.960333631178049e-04
2.959903869231716e-04
2.959474501498335e-04
2.959045525408523e-04
2.958616938392894e-04
2.958188737882063e-04
2.957760921306646e-04
2.957333486097258e-04
2.956906429684515e-04
2.956479749499029e-04
2.956053442971419e-04
2.955627507532298e-04
2.955201940616061e-04
2.954776740458258e-04
2.954351907081926e-04
2.953927440751959e-04
2.953503341733253e-04
2.953079610290701e-04
2.952656246689201e-04
2.952233251193644e-04
2.951810624068927e-04
2.951388365579944e-04
2.950966475991591e-04
2.950544955568762e-04
2.950123804576352e-04
2.949703023279255e-04
2.949282611942367e-04
2.948862570830582e-04
2.948442900208796e-04
2.948023600341903e-04
2.947604671494797e-04
2.947186113932374e-04
2.946767927919529e-04
2.946350113721155e-04
2.945932671602149e-04
2.945515601827405e-04
2.945098904661817e-04
2.944682580370281e-04
2.944266629217692e-04
2.943851051468943e-04
2.943435847388931e-04
2.943021017242550e-04
2.942606561294694e-04
2.942192479810259e-04
2.941778773054139e-04
2.941365441291229e-04
2.940952484786425e-04
2.940539903804620e-04
2.940127698610709e-04
2.939715869469589e-04
2.939304416646152e-04
2.938893340405294e-04
2.938482641011911e-04
2.938072318730896e-04
2.937662373827144e-04
2.937252806565552e-04
2.936843617211012e-04
2.936434806028420e-04
2.936026373282672e-04
2.935618319238660e-04
2.935210644161282e-04
2.934803348315430e-04
2.934396431966001e-04
2.933989895377889e-04
2.933583738815988e-04
2.933177962545194e-04
2.932772566830402e-04
2.932367551936506e-04
2.931962918128401e-04
2.931558665670982e-04
2.931154794829143e-04
2.930751305867780e-04
2.930348199051788e-04
2.929945474646060e-04
2.929543132915492e-04
2.929141174124980e-04
2.928739598539417e-04
2.928338406423698e-04
2.927937598042719e-04
2.927537173661374e-04
2.927137133544558e-04
2.926737477957165e-04
2.926338207164092e-04
2.925939321430232e-04
2.925540821020479e-04
2.925142706199730e-04
2.924744977232879e-04
2.924347634384820e-04
2.923950677920449e-04
2.923554108104661e-04
2.923157925202349e-04
2.922762129478410e-04
2.922366721197737e-04
2.921971700625226e-04
2.921577068025771e-04
2.921182823664268e-04
2.920788967805610e-04
2.920395500714694e-04
2.920002422656414e-04
2.919609733895663e-04
2.919217434697339e-04
2.918825525326335e-04
2.918434006047545e-04
2.918042877125865e-04
2.917652138826191e-04
2.917261791413415e-04
2.916871835152434e-04
2.916482270308142e-04
2.916093097145434e-04
2.915704315929205e-04
2.915315926924349e-04
2.914927930395762e-04
2.914540326608338e-04
2.914153115826973e-04
2.913766298316559e-04
2.913379874341994e-04
2.912993844168171e-04
2.912608208059986e-04
2.912222966282333e-04
2.911838119100107e-04
2.911453666778203e-04
2.911069609581516e-04
2.910685947774939e-04
2.910302681623370e-04
2.909919811391701e-04
2.909537337344828e-04
2.909155259747646e-04
2.908773578865050e-04
2.908392294961934e-04
2.908011408303193e-04
2.907630919153722e-04
2.907250827778416e-04
2.906871134442171e-04
2.906491839409879e-04
2.906112942946436e-04
2.905734445316739e-04
2.905356346785680e-04
2.904978647618155e-04
2.904601348079058e-04
2.904224448433284e-04
2.903847948945730e-04
2.903471849881288e-04
2.903096151504854e-04
2.902720854081323e-04
2.902345957875589e-04
2.901971463152548e-04
2.901597370177095e-04
2.901223679214123e-04
2.900850390528528e-04
2.900477504385204e-04
2.900105021049047e-04
2.899732940784952e-04
2.899361263857813e-04
2.898989990532524e-04
2.898619121073982e-04
2.898248655747080e-04
2.897878594816713e-04
2.897508938547777e-04
2.897139687205166e-04
2.896770841053775e-04
2.896402400358498e-04
2.896034365384231e-04
2.895666736395868e-04
2.895299513658305e-04
2.894932697436435e-04
2.894566287995155e-04
2.894200285599358e-04
2.893834690513940e-04
2.893469503003794e-04
2.893104723333818e-04
2.892740351768903e-04
2.892376388573947e-04
2.892012834013844e-04
2.891649688353487e-04
2.891286951857773e-04
2.890924624791596e-04
2.890562707419851e-04
2.890201200007433e-04
2.889840102819236e-04
2.889479416120156e-04
2.889119140175086e-04
2.888759275248923e-04
2.888399821606561e-04
2.888040779512894e-04
2.887682149232818e-04
2.887323931031226e-04
2.886966125173015e-04
2.886608731923079e-04
2.886251751546313e-04
2.885895184307612e-04
2.885539030471869e-04
2.885183290303981e-04
2.884827964068842e-04
2.884473052031347e-04
2.884118554456390e-04
2.883764471608867e-04
2.883410803753673e-04
2.883057551155702e-04
2.882704714079848e-04
2.882352292791007e-04
2.882000287554074e-04
2.881648698633944e-04
2.881297526295510e-04
2.880946770803669e-04
2.880596432423315e-04
2.880246511419342e-04
2.879897008056646e-04
2.879547922600121e-04
2.879199255314663e-04
2.878851006465166e-04
2.878503176316524e-04
2.878155765133633e-04
2.877808773181387e-04
2.877462200724682e-04
2.877116048028412e-04
2.876770315357472e-04
2.876425002976757e-04
2.876080111151162e-04
2.875735640145580e-04
2.875391590224908e-04
2.875047961654041e-04
2.874704754697871e-04
2.874361969621296e-04
2.874019606689209e-04
2.873677666166506e-04
2.873336148318081e-04
2.872995053408828e-04
2.872654381703644e-04
2.872314133467422e-04
2.871974308965058e-04
2.871634908461446e-04
2.871295932221481e-04
2.870957380510059e-04
2.870619253592073e-04
2.870281551732418e-04
2.869944275195990e-04
2.869607424247683e-04
2.869270999152392e-04
2.868935000175012e-04
2.868599427580438e-04
2.868264281633564e-04
2.867929562599285e-04
2.867595270742497e-04
2.867261406328094e-04
2.866927969620970e-04
2.866594960886021e-04
2.866262380388142e-04
2.865930228392227e-04
2.865598505163171e-04
2.865267210965868e-04
2.864936346065215e-04
2.864605910726106e-04
2.864275905213434e-04
2.863946329792096e-04
2.863617184726985e-04
2.863288470282998e-04
2.862960186725028e-04
2.862632334317971e-04
2.862304913326722e-04
2.861977924016174e-04
2.861651366651223e-04
2.861325241496764e-04
2.860999548817692e-04
2.860674288878901e-04
2.860349461945287e-04
2.860025068281743e-04
2.859701108153165e-04
2.859377581824448e-04
2.859054489560487e-04
2.858731831626176e-04
2.858409608286410e-04
2.858087819806084e-04
2.857766466450094e-04
2.857445548483332e-04
2.857125066170695e-04
2.856805019777077e-04
2.856485409567374e-04
2.856166235806479e-04
2.855847498759289e-04
2.855529198690696e-04
2.855211335865598e-04
2.854893910548888e-04
2.854576923005460e-04
2.854260373500211e-04
2.853944262298034e-04
2.853628589663824e-04
2.853313355862478e-04
2.852998561158888e-04
2.852684205817950e-04
2.852370290104559e-04
2.852056814283610e-04
2.851743778619997e-04
2.851431183378615e-04
2.851119028824359e-04
2.850807315222125e-04
2.850496042836806e-04
2.850185211933298e-04
2.849874822776495e-04
2.849564875631292e-04
2.849255370762585e-04
2.848946308435267e-04
2.848637688914233e-04
2.848329512464380e-04
2.848021779350601e-04
2.847714489837791e-04
2.847407644190845e-04
2.847101242674658e-04
2.846795285554124e-04
2.846489773094139e-04
2.846184705559596e-04
2.845880083215393e-04
2.845575906326421e-04
2.845272175157578e-04
2.844968889973757e-04
2.844666051039854e-04
2.844363658620763e-04
2.844061712981379e-04
2.843760214386596e-04
2.843459163101310e-04
2.843158559390417e-04
2.842858403518809e-04
2.842558695751382e-04
2.842259436353031e-04
2.841960625588651e-04
2.841662263723137e-04
2.841364351021383e-04
2.841066887748284e-04
2.840769874168735e-04
2.840473310547631e-04
2.840177197149867e-04
2.839881534240338e-04
2.839586322083938e-04
2.839291560945562e-04
2.838997251090105e-04
2.838703392782462e-04
2.838409986287527e-04
2.838117031870196e-04
2.837824529795363e-04
2.837532480327923e-04
2.837240883732772e-04
2.836949740274803e-04
2.836659050218911e-04
2.836368813829992e-04
2.836079031372940e-04
2.835789703112651e-04
2.835500829314018e-04
2.835212410241937e-04
2.834924446161302e-04
2.834636937337008e-04
2.834349884033952e-04
2.834063286517025e-04
2.833777145051124e-04
2.833491459901145e-04
2.833206231331980e-04
2.832921459608527e-04
2.832637144995677e-04
2.832353287758328e-04
2.832069888161374e-04
2.831786946469709e-04
2.831504462948228e-04
2.831222437861828e-04
2.830940871475400e-04
2.830659764053842e-04
2.830379115862047e-04
2.830098927164911e-04
2.829819198227328e-04
2.829539929314193e-04
2.829261120690402e-04
2.828982772620848e-04
2.828704885370426e-04
2.828427459204032e-04
2.828150494386561e-04
2.827873991182906e-04
2.827597949857964e-04
2.827322370676628e-04
2.827047253903793e-04
2.826772599804355e-04
2.826498408643208e-04
2.826224680685247e-04
2.825951416195366e-04
2.825678615438463e-04
2.825406278679428e-04
2.825134406183159e-04
2.824862998214551e-04
2.824592055038498e-04
2.824321576919893e-04
2.824051564123634e-04
2.823782016914615e-04
2.823512935557729e-04
2.823244320317872e-04
2.822976171459940e-04
2.822708489248825e-04
2.822441273949425e-04
2.822174525826633e-04
2.821908245145344e-04
2.821642432170452e-04
2.821377087166854e-04
2.821112210399444e-04
2.820847802133115e-04
2.820583862632765e-04
2.820320392163286e-04
2.820057390989574e-04
2.819794859376524e-04
2.819532797589030e-04
2.819271205891989e-04
2.819010084550292e-04
2.818749433828837e-04
2.818489253992519e-04
2.818229545306230e-04
2.817970308034867e-04
2.817711542443325e-04
2.817453248796497e-04
2.817195427359280e-04
2.816938078396567e-04
2.816681202173254e-04
2.816424798954236e-04
2.816168869004406e-04
2.815913412588661e-04
2.815658429971894e-04
2.815403921419002e-04
2.815149887194878e-04
2.814896327564417e-04
2.814643242792514e-04
2.814390633144065e-04
2.814138498883963e-04
2.813886840277104e-04
2.813635657588382e-04
2.813384951082693e-04
2.813134721024931e-04
2.812884967679991e-04
2.812635691312767e-04
2.812386892188155e-04
2.812138570571050e-04
2.811890726726346e-04
2.811643360918937e-04
2.811396473413720e-04
2.811150064475589e-04
2.810904134369438e-04
2.810658683360162e-04
2.810413711712656e-04
2.810169219691816e-04
2.809925207562535e-04
2.809681675589709e-04
2.809438624038232e-04
2.809196053173000e-04
2.808953963258907e-04
2.808712354560847e-04
2.808471227343717e-04
2.808230581872410e-04
2.807990418411821e-04
2.807750737226846e-04
2.807511538582378e-04
2.807272822743314e-04
2.807034589974547e-04
2.806796840540973e-04
2.806559574707486e-04
2.806322792738981e-04
2.806086494900353e-04
2.805850681456497e-04
2.805615352672308e-04
2.805380508812680e-04
2.805146150142508e-04
2.804912276926688e-04
2.804678889430113e-04
2.804445987917679e-04
2.804213572654280e-04
2.803981643904812e-04
2.803750201934169e-04
2.803519247007246e-04
2.803288779388938e-04
2.803058799344140e-04
2.802829307137746e-04
2.802600303034651e-04
2.802371787299751e-04
2.802143760197940e-04
2.801916221994112e-04
2.801689172953163e-04
2.801462613339987e-04
2.801236543419479e-04
2.801010963456535e-04
2.800785873716049e-04
2.800561274462915e-04
2.800337165962028e-04
2.800113548478285e-04
2.799890422276578e-04
2.799667787621803e-04
2.799445644778855e-04
2.799223994012629e-04
2.799002835588019e-04
2.798782169769920e-04
2.798561996823228e-04
2.798342317012837e-04
2.798123130603641e-04
2.797904437860536e-04
2.797686239048416e-04
2.797468534432177e-04
2.797251324276712e-04
2.797034608846918e-04
2.796818388407688e-04
2.796602663223917e-04
2.796387433560501e-04
2.796172699682334e-04
2.795958461854311e-04
2.795744720341327e-04
2.795531475408276e-04
2.795318727320054e-04
2.795106476341556e-04
2.794894722737675e-04
2.794683466773307e-04
2.794472708713347e-04
2.794262448822690e-04
2.794052687366229e-04
2.793843424608861e-04
2.793634660815481e-04
2.793426396250981e-04
2.793218631180259e-04
2.793011365868208e-04
2.792804600579724e-04
2.792598335579700e-04
2.792392571133033e-04
2.792187307504616e-04
2.791982544959345e-04
2.791778283762114e-04
2.791574524177819e-04
2.791371266471353e-04
2.791168510907613e-04
2.790966257751492e-04
2.790764507267886e-04
2.790563259721689e-04
2.790362515377796e-04
2.790162274501103e-04
2.789962537356503e-04
2.789763304208892e-04
2.789564575323164e-04
2.789366350964215e-04
2.789168631396939e-04
2.788971416886230e-04
2.788774707696985e-04
2.788578504094096e-04
2.788382806342461e-04
2.788187614706973e-04
2.787992929452526e-04
2.787798750844017e-04
2.787605079146339e-04
2.787411914624388e-04
2.787219257543058e-04
2.787027108167244e-04
2.786835466761841e-04
2.786644333591745e-04
2.786453708921848e-04
2.786263593017047e-04
2.786073986142237e-04
2.785884888562311e-04
2.785696300542166e-04
2.785508222346695e-04
2.785320654240794e-04
2.785133596489357e-04
2.784947049357279e-04
2.784761013109456e-04
2.784575488010781e-04
2.784390474326150e-04
2.784205972320457e-04
2.784021982258598e-04
2.783838504405466e-04
2.783655539025959e-04
2.783473086384968e-04
2.783291146747390e-04
2.783109720378120e-04
2.782928807542052e-04
2.782748408504081e-04
2.782568523529102e-04
2.782389152882010e-04
2.782210296827699e-04
2.782031955631064e-04
2.781854129557001e-04
2.781676818870404e-04
2.781500023836167e-04
2.781323744719186e-04
2.781147981784356e-04
2.780972735296571e-04
2.780798005520726e-04
2.780623792721716e-04
2.780450097164436e-04
2.780276919113780e-04
2.780104258834644e-04
2.779932116591923e-04
2.779760492650510e-04
2.779589387275301e-04
2.779418800731191e-04
2.779248733283074e-04
2.779079185195845e-04
2.778910156734400e-04
2.778741648163633e-04
2.778573659748438e-04
2.778406191753711e-04
2.778239244444348e-04
2.778072818085240e-04
2.777906912941285e-04
2.777741529277377e-04
2.777576667358411e-04
2.777412327449281e-04
2.777248509814883e-04
2.777085214720111e-04
2.776922442429860e-04
2.776760193209024e-04
2.776598467322500e-04
2.776437265035181e-04
2.776276586611962e-04
2.776116432317739e-04
2.775956802417405e-04
2.775797697175856e-04
2.775639116857987e-04
2.775481061728693e-04
2.775323532052867e-04
2.775166528095406e-04
2.775010050121204e-04
2.774854098395155e-04
2.774698673182155e-04
2.774543774747098e-04
2.774389403354879e-04
2.774235559270394e-04
2.774082242758536e-04
2.773929454084201e-04
2.773777193512283e-04
2.773625461307678e-04
2.773474257735280e-04
2.773323583059983e-04
2.773173437546684e-04
2.773023821460277e-04
2.772874735065655e-04
2.772726178627715e-04
2.772578152411351e-04
2.772430656681458e-04
2.772283691702930e-04
2.772137257740663e-04
2.771991355059551e-04
2.771845983924490e-04
2.771701144600373e-04
2.771556837352097e-04
2.771413062444555e-04
2.771269820142642e-04
2.771127110711254e-04
2.770984934415285e-04
2.770843291519630e-04
2.770702182289184e-04
2.770561606988841e-04
2.770421565883496e-04
2.770282059238045e-04
2.770143087317382e-04
2.770004650386401e-04
2.769866748709999e-04
2.769729382553069e-04
2.769592552180506e-04
2.769456257857206e-04
2.769320499848062e-04
2.769185278417970e-04
2.769050593831825e-04
2.768916446354521e-04
2.768782836250953e-04
2.768649763786017e-04
2.768517229224607e-04
2.768385232831617e-04
2.768253774871942e-04
2.768122855610479e-04
2.767992475312120e-04
2.767862634241761e-04
2.767733332664298e-04
2.767604570844624e-04
2.767476349047634e-04
2.767348667538224e-04
2.767221526581288e-04
2.767094926441721e-04
2.766968867384417e-04
2.766843349674272e-04
2.766718373576181e-04
2.766593939355038e-04
2.766470047275738e-04
2.766346697603176e-04
2.766223890602247e-04
2.766101626537844e-04
2.765979905674865e-04
2.765858728278203e-04
2.765738094612752e-04
2.765618004943409e-04
2.765498459535067e-04
2.765379458652621e-04
2.765261002560967e-04
2.765143091524999e-04
2.765025725809612e-04
2.764908905679701e-04
2.764792631400160e-04
2.764676903235885e-04
2.764561721451770e-04
2.764447086312710e-04
2.764332998083600e-04
2.764219457029334e-04
2.764106463414809e-04
2.763994017504917e-04
2.763882119564554e-04
2.763770769858616e-04
2.763659968651996e-04
2.763549716209591e-04
2.763440012796293e-04
2.763330858676999e-04
2.763222254116602e-04
2.763114199379999e-04
2.763006694732084e-04
2.762899740437751e-04
2.762793336761895e-04
2.762687483969412e-04
2.762582182325195e-04
2.762477432094141e-04
2.762373233541143e-04
2.762269586931097e-04
2.762166492528897e-04
2.762063950599438e-04
2.761961961407615e-04
2.761860525218323e-04
2.761759642296457e-04
2.761659312906911e-04
2.761559537314580e-04
2.761460315784359e-04
2.761361648581144e-04
2.761263535969828e-04
2.761165978215306e-04
2.761068975582474e-04
2.760972528336226e-04
2.760876636741457e-04
2.760781301063062e-04
2.760686521565936e-04
2.760592298514973e-04
2.760498632175068e-04
2.760405522811116e-04
2.760312970688012e-04
2.760220976070652e-04
2.760129539223929e-04
2.760038660412738e-04
2.759948339901974e-04
2.759858577956533e-04
2.759769374841308e-04
2.759680730821195e-04
2.759592646161089e-04
2.759505121125884e-04
2.759418155980475e-04
2.759331750989756e-04
2.759245906418624e-04
2.759160622531973e-04
2.759075899594697e-04
2.758991737871691e-04
2.758908137627851e-04
2.758825099128070e-04
2.758742622637244e-04
2.758660708420267e-04
2.758579356742035e-04
2.758498567867443e-04
2.758418342061384e-04
2.758338679588754e-04
2.758259580714448e-04
2.758181045703361e-04
2.758103074820386e-04
2.758025668330420e-04
2.757948826498356e-04
2.757872549589091e-04
2.757796837867519e-04
2.757721691598533e-04
2.757647111047030e-04
2.757573096477904e-04
2.757499648156050e-04
2.757426766346362e-04
2.757354451313736e-04
2.757282703323067e-04
2.757211522639249e-04
2.757140909527177e-04
2.757070864251745e-04
2.757001387077849e-04
2.756932478270384e-04
2.756864138094244e-04
2.756796366814324e-04
2.756729164695519e-04
2.756662532002724e-04
2.756596469000834e-04
2.756530975954743e-04
2.756466053129346e-04
2.756401700789538e-04
2.756337919200214e-04
2.756274708626269e-04
2.756212069332597e-04
2.756150001584094e-04
2.756088505645654e-04
2.756027581782172e-04
2.755967230258543e-04
2.755907451339661e-04
2.755848245290422e-04
2.755789612375720e-04
2.755731552860450e-04
2.755674067009507e-04
2.755617155087786e-04
2.755560817360182e-04
2.755505054091589e-04
2.755449865546902e-04
2.755395251991016e-04
2.755341213688826e-04
2.755287750905226e-04
2.755234863905113e-04
2.755182552953379e-04
2.755130818314921e-04
2.755079660254633e-04
2.755029079037409e-04
2.754979074928145e-04
2.754929648191736e-04
2.754880799093076e-04
2.754832527897060e-04
2.754784834868583e-04
2.754737720272539e-04
2.754691184373824e-04
2.754645227437332e-04
2.754599849727959e-04
2.754555051510599e-04
2.754510833050146e-04
2.754467194611497e-04
2.754424136459544e-04
2.754381658859185e-04
2.754339762075312e-04
2.754298446372821e-04
2.754257712016607e-04
2.754217559271565e-04
2.754177988402588e-04
2.754138999674573e-04
2.754100593352415e-04
2.754062769701007e-04
2.754025528985245e-04
2.753988871470023e-04
2.753952797420237e-04
2.753917307100781e-04
2.753882400776550e-04
2.753848078712439e-04
2.753814341173343e-04
2.753781188424156e-04
2.753748620729773e-04
2.753716638355089e-04
2.753685241565000e-04
2.753654430624398e-04
2.753624205798181e-04
2.753594567351242e-04
2.753565515548476e-04
2.753537050654779e-04
2.753509172935044e-04
2.753481882654167e-04
2.753455180077042e-04
2.753429065468565e-04
2.753403539093630e-04
2.753378601217132e-04
2.753354252103965e-04
2.753330492019026e-04
2.753307321227207e-04
2.753284739993406e-04
2.753262748582515e-04
2.753241347259430e-04
2.753220536289046e-04
2.753200315936257e-04
2.753180686465959e-04
2.753161648143046e-04
2.753143201232413e-04
2.753125345998955e-04
2.753108082707567e-04
2.753091411623143e-04
2.753075333010578e-04
2.753059847134767e-04
2.753044954260606e-04
2.753030654652988e-04
2.753016948576809e-04
2.753003836296963e-04
2.752991318078346e-04
2.752979394185852e-04
2.752968064884375e-04
2.752957330438811e-04
2.752947191114055e-04
2.752937647175001e-04
2.752928698886545e-04
2.752920346513580e-04
2.752912590321002e-04
2.752905430573706e-04
2.752898867536587e-04
2.752892901474538e-04
2.752887532652456e-04
2.752882761335235e-04
2.752878587787769e-04
2.752875012274954e-04
2.752872035061685e-04
2.752869656412856e-04
2.752867876593362e-04
2.752866695868097e-04
2.752866114501958e-04
2.752866132759837e-04
2.752866750906632e-04
2.752867969207235e-04
2.752869787926543e-04
2.752872207329449e-04
2.752875227680849e-04
2.752878849245637e-04
2.752883072288709e-04
2.752887897074958e-04
2.752893323869281e-04
2.752899352936572e-04
2.752905984541724e-04
2.752913218949635e-04
2.752921056425197e-04
2.752929497233307e-04
2.752938541638859e-04
2.752948189906746e-04
2.752958442301866e-04
2.752969299089112e-04
2.752980760533379e-04
2.752992826899562e-04
2.753005498452556e-04
2.753018775457256e-04
2.753032658178556e-04
2.753047146881351e-04
2.753062241830536e-04
2.753077943291007e-04
2.753094251527656e-04
2.753111166805381e-04
2.753128689389075e-04
2.753146819543633e-04
2.753165557533950e-04
2.753184903624921e-04
2.753204858081441e-04
2.753225421168404e-04
2.753246593150705e-04
2.753268374293240e-04
2.753290764860902e-04
2.753313765118587e-04
2.753337375331190e-04
2.753361595763605e-04
2.753386426680728e-04
2.753411868347452e-04
2.753437921028674e-04
2.753464584989287e-04
2.753491860494187e-04
2.753519747808268e-04
2.753548247196425e-04
2.753577358923554e-04
2.753607083254548e-04
2.753637420454302e-04
2.753668370787712e-04
2.753699934519673e-04
2.753732111915078e-04
2.753764903238824e-04
2.753798308755804e-04
2.753832328730914e-04
2.753866963429048e-04
2.753902213115102e-04
2.753938078053969e-04
2.753974558510545e-04
2.754011654749726e-04
2.754049367036404e-04
2.754087695635476e-04
2.754126640811836e-04
2.754166202830379e-04
2.754206381956000e-04
2.754247178453594e-04
2.754288592588054e-04
2.754330624624278e-04
2.754373274827158e-04
2.754416543461590e-04
2.754460430792469e-04
2.754504937084690e-04
2.754550062603146e-04
2.754595807612734e-04
2.754642172378348e-04
2.754689157164883e-04
2.754736762237234e-04
2.754784987860295e-04
2.754833834298962e-04
2.754883301818128e-04
2.754933390682689e-04
2.754984101157541e-04
2.755035433507577e-04
2.755087387997692e-04
2.755139964892782e-04
2.755193164457740e-04
2.755246986957463e-04
2.755301432656844e-04
2.755356501820779e-04
2.755412194714162e-04
2.755468511601888e-04
2.755525452748853e-04
2.755583018419950e-04
2.755641208880075e-04
2.755700024394122e-04
2.755759465226987e-04
2.755819531643563e-04
2.755880223908747e-04
2.755941542287432e-04
2.756003487044514e-04
2.756066058444888e-04
2.756129256753448e-04
2.756193082235088e-04
2.756257535154704e-04
2.756322615777192e-04
2.756388324367445e-04
2.756454661190358e-04
2.756521626510826e-04
2.756589220593744e-04
2.756657443704007e-04
2.756726296106510e-04
2.756795778066147e-04
2.756865889847814e-04
2.756936631716404e-04
2.757008003936814e-04
2.757080006773937e-04
2.757152640492669e-04
2.757225905357904e-04
2.757299801634537e-04
2.757374329587463e-04
2.757449489481578e-04
2.757525281581774e-04
2.757601706152949e-04
2.757678763459996e-04
2.757756453767810e-04
2.757834777341286e-04
2.757913734445318e-04
2.757993325344802e-04
2.758073550304633e-04
2.758154409589705e-04
2.758235903464913e-04
2.758318032195152e-04
2.758400796045316e-04
2.758484195280302e-04
2.758568230165002e-04
2.758652900964313e-04
2.758738207943129e-04
2.758824151366345e-04
2.758910731498855e-04
2.758997948605554e-04
2.759085802951338e-04
2.759174294801101e-04
2.759263424419739e-04
2.759353192072145e-04
2.759443598023214e-04
2.759534642537842e-04
2.759626325880923e-04
2.759718648317352e-04
2.759811610112024e-04
2.759905211529834e-04
2.759999452835676e-04
2.760094334294446e-04
2.760189856171038e-04
2.760286018730346e-04
2.760382822237267e-04
2.760480266956694e-04
2.760578353153523e-04
2.760677081092648e-04
2.760776451038964e-04
2.760876463257366e-04
2.760977118012749e-04
2.761078415570007e-04
2.761180356194036e-04
2.761282940149730e-04
2.761386167701984e-04
2.761490039115693e-04
2.761594554655751e-04
2.761699714587054e-04
2.761805519174496e-04
2.761911968682973e-04
2.762019063377378e-04
2.762126803522608e-04
2.762235189383556e-04
2.762344221225117e-04
2.762453899312187e-04
2.762564223909659e-04
2.762675195282430e-04
2.762786813695393e-04
2.762899079413444e-04
2.763011992701478e-04
2.763125553824388e-04
2.763239763047070e-04
2.763354620634419e-04
2.763470126851330e-04
2.763586281962698e-04
2.763703086233417e-04
2.763820539928382e-04
2.763938643312488e-04
2.764057396650629e-04
2.764176800207701e-04
2.764296854248599e-04
2.764417559038217e-04
2.764538914841450e-04
2.764660921923193e-04
2.764783580548340e-04
2.764906890981787e-04
2.765030853488428e-04
2.765155468333160e-04
2.765280735780874e-04
2.765406656096467e-04
2.765533229544834e-04
2.765660456390870e-04
2.765788336899469e-04
2.765916871335526e-04
2.766046059963935e-04
2.766175903049593e-04
2.766306400857393e-04
2.766437553652231e-04
2.766569361699001e-04
2.766701825262598e-04
2.766834944607917e-04
2.766968719999852e-04
2.767103151703299e-04
2.767238239983152e-04
2.767373985104306e-04
2.767510387331657e-04
2.767647446930098e-04
2.767785164164525e-04
2.767923539299832e-04
2.768062572600915e-04
2.768202264332667e-04
2.768342614759985e-04
2.768483624147763e-04
2.768625292760894e-04
2.768767620864276e-04
2.768910608722801e-04
2.769054256601365e-04
2.769198564764863e-04
2.769343533478191e-04
2.769489163006241e-04
2.769635453613910e-04
2.769782405566092e-04
2.769930019127682e-04
2.770078294563575e-04
2.770227232138665e-04
2.770376832117847e-04
2.770527094766017e-04
2.770678020348069e-04
2.770829609128898e-04
2.770981861373399e-04
2.771134777346466e-04
2.771288357312995e-04
2.771442601537879e-04
2.771597510286015e-04
2.771753083822296e-04
2.771909322411619e-04
2.772066226318876e-04
2.772223795808964e-04
2.772382031146778e-04
2.772540932597211e-04
2.772700500425158e-04
2.772860734895516e-04
2.773021636273177e-04
2.773183204823039e-04
2.773345440809993e-04
2.773508344498938e-04
2.773671916154765e-04
2.773836156042372e-04
2.774001064426651e-04
2.774166641572499e-04
2.774332887744809e-04
2.774499803208478e-04
2.774667388228399e-04
2.774835643069467e-04
2.775004567996578e-04
2.775174163274626e-04
2.775344429168506e-04
2.775515365943112e-04
2.775686973863340e-04
2.775859253194085e-04
2.776032204200240e-04
2.776205827146703e-04
2.776380122298365e-04
2.776555089920124e-04
2.776730730276872e-04
2.776907043633506e-04
2.777084030254920e-04
2.777261690406010e-04
2.777440024351669e-04
2.777619032356792e-04
2.777798714686275e-04
2.777979071605013e-04
2.778160103377899e-04
2.778341810269830e-04
2.778524192545698e-04
2.778707250470401e-04
2.778890984308832e-04
2.779075394325886e-04
2.779260480786458e-04
2.779446243955443e-04
2.779632684097736e-04
2.779819801478231e-04
2.780007596361823e-04
2.780196069013408e-04
2.780385219697880e-04
2.780575048680133e-04
2.780765556225063e-04
2.780956742597564e-04
2.781148608062531e-04
2.781341152884860e-04
2.781534377329444e-04
2.781728281661180e-04
2.781922866144960e-04
2.782118131045681e-04
2.782314076628237e-04
2.782510703157523e-04
2.782708010898434e-04
2.782906000115865e-04
2.783104671074710e-04
2.783304024039865e-04
2.783504059276223e-04
2.783704777048680e-04
2.783906177622132e-04
2.784108261261471e-04
2.784311028231594e-04
2.784514478797396e-04
2.784718613223770e-04
2.784923431775612e-04
2.785128934717817e-04
2.785335122315280e-04
2.785541994832895e-04
2.785749552535556e-04
2.785957795688160e-04
2.786166724555601e-04
2.786376339402773e-04
2.786586640494572e-04
2.786797628095892e-04
2.787009302471628e-04
2.787221663886675e-04
2.787434712605927e-04
2.787648448894281e-04
2.787862873016630e-04
2.788077985237869e-04
2.788293785822892e-04
2.788510275036596e-04
2.788727453143875e-04
2.788945320409622e-04
2.789163877098734e-04
2.789383123476106e-04
2.789603059806631e-04
2.789823686355205e-04
2.790045003386723e-04
2.790267011166078e-04
2.790489709958168e-04
2.790713100027885e-04
2.790937181640125e-04
2.791161955059783e-04
2.791387420551754e-04
2.791613578380931e-04
2.791840428812212e-04
2.792067972110489e-04
2.792296208540657e-04
2.792525138367613e-04
2.792754761856250e-04
2.792985079271463e-04
2.793216090878147e-04
2.793447796941198e-04
2.793680197725509e-04
2.793913293495975e-04
2.794147084517492e-04
2.794381571054955e-04
2.794616753373257e-04
2.794852631737294e-04
2.795089206411961e-04
2.795326477662152e-04
2.795564445752763e-04
2.795803110948688e-04
2.796042473514822e-04
2.796282533716059e-04
2.796523291817295e-04
2.796764748083425e-04
2.797006902779343e-04
2.797249756169944e-04
2.797493308520123e-04
2.797737560094774e-04
2.797982511158794e-04
2.798228161977076e-04
2.798474512814514e-04
2.798721563936005e-04
2.798969315606443e-04
2.799217768090722e-04
2.799466921653738e-04
2.799716776560385e-04
2.799967333075559e-04
2.800218591464153e-04
2.800470551991063e-04
2.800723214921184e-04
2.800976580519410e-04
2.801230649050637e-04
2.801485420779757e-04
2.801740895971669e-04
2.801997074891265e-04
2.802253957803440e-04
2.802511544973090e-04
2.802769836665110e-04
2.803028833144393e-04
2.803288534675834e-04
2.803548941524330e-04
2.803810053954774e-04
2.804071872232062e-04
2.804334396621087e-04
2.804597627386746e-04
2.804861564793932e-04
2.805126209107541e-04
2.805391560592467e-04
2.805657619513605e-04
2.805924386135851e-04
2.806191860724098e-04
2.806460043543242e-04
2.806728934858178e-04
2.806998534933800e-04
2.807268844035003e-04
2.807539862426682e-04
2.807811590373731e-04
2.808084028141047e-04
2.808357175993523e-04
2.808631034196054e-04
2.808905603013535e-04
)
;

boundaryField
{
    inlet
    {
        type            fixedValue;
        value           uniform 0;
    }
    outlet
    {
        type            zeroGradient;
    }
    wall
    {
        type            empty;
    }
}


// ************************************************************************* //
