/*--------------------------------*- C++ -*----------------------------------*\
| =========                 |                                                 |
| \\      /  F ield         | OpenFOAM: The Open Source CFD Toolbox           |
|  \\    /   O peration     | Version:  5.x                                   |
|   \\  /    A nd           | Web:      www.OpenFOAM.org                      |
|    \\/     M anipulation  |                                                 |
\*---------------------------------------------------------------------------*/
FoamFile
{
    version     2.0;
    format      ascii;
    class       volScalarField;
    location    "1";
    object       H2O;
}
// * * * * * * * * * * * * * * * * * * * * * * * * * * * * * * * * * * * * * //

dimensions      [0 0 0 0 0 0 0];

internalField   nonuniform List<scalar>
4335
(
4.228611809854893e-16
-8.632288411259236e-12
-1.720517407559474e-11
-2.571837248954871e-11
-3.417202201084434e-11
-4.256626099720482e-11
-5.090122780635331e-11
-5.917706079601303e-11
-6.739389832390718e-11
-7.555187874775890e-11
-8.365114042529141e-11
-9.169182171422788e-11
-9.967406097229153e-11
-1.075979965572055e-10
-1.154637668266931e-10
-1.232715101384773e-10
-1.310213648502815e-10
-1.387134693198287e-10
-1.463479619048422e-10
-1.539249809630452e-10
-1.614446648521609e-10
-1.689071519299124e-10
-1.763125805540230e-10
-1.836610890822157e-10
-1.909528158722140e-10
-1.981878992817407e-10
-2.053664776685193e-10
-2.124886893902729e-10
-2.195546728047246e-10
-2.265645662695976e-10
-2.335185081426152e-10
-2.404166367815005e-10
-2.472590905439768e-10
-2.540460077877672e-10
-2.607775268705948e-10
-2.674537861501829e-10
-2.740749239842547e-10
-2.806410787305333e-10
-2.871523887467419e-10
-2.936089923906039e-10
-3.000110280198421e-10
-3.063586339921801e-10
-3.126519486653407e-10
-3.188911103970475e-10
-3.250762575450232e-10
-3.312075284669914e-10
-3.372850615206752e-10
-3.433089950637976e-10
-3.492794674540821e-10
-3.551966170492516e-10
-3.610605822070294e-10
-3.668715012851386e-10
-3.726295126413025e-10
-3.783347546332443e-10
-3.839873656186871e-10
-3.895874839553542e-10
-3.951352480009687e-10
-4.006307961132538e-10
-4.060742666499326e-10
-4.114657979687285e-10
-4.168055284273645e-10
-4.220935963835640e-10
-4.273301401950499e-10
-4.325152982195456e-10
-4.376492088147742e-10
-4.427320103384588e-10
-4.477638411483228e-10
-4.527448396020893e-10
-4.576751440574815e-10
-4.625548928722225e-10
-4.673842244040356e-10
-4.721632770106440e-10
-4.768921890497706e-10
-4.815710988791390e-10
-4.862001448564721e-10
-4.907794653394932e-10
-4.953091986859255e-10
-4.997894832534922e-10
-5.042204573999164e-10
-5.086022594829214e-10
-5.129350278602301e-10
-5.172189008895661e-10
-5.214540169286524e-10
-5.256405143352122e-10
-5.297785314669686e-10
-5.338682066816449e-10
-5.379096783369643e-10
-5.419030847906498e-10
-5.458485644004248e-10
-5.497462555240126e-10
-5.535962965191359e-10
-5.573988257435183e-10
-5.611539815548830e-10
-5.648619023109529e-10
-5.685227263694514e-10
-5.721365920881017e-10
-5.757036378246268e-10
-5.792240019367502e-10
-5.826978227821949e-10
-5.861252387186839e-10
-5.895063881039407e-10
-5.928414092956883e-10
-5.961304406516500e-10
-5.993736205295490e-10
-6.025710872871084e-10
-6.057229792820514e-10
-6.088294348721011e-10
-6.118905924149810e-10
-6.149065902684139e-10
-6.178775667901232e-10
-6.208036603378322e-10
-6.236850092692639e-10
-6.265217519421414e-10
-6.293140267141881e-10
-6.320619719431271e-10
-6.347657259866816e-10
-6.374254272025748e-10
-6.400412139485298e-10
-6.426132245822700e-10
-6.451415974615184e-10
-6.476264709439980e-10
-6.500679833874325e-10
-6.524662731495447e-10
-6.548214785880580e-10
-6.571337380606953e-10
-6.594031899251801e-10
-6.616299725392355e-10
-6.638142242605846e-10
-6.659560834469507e-10
-6.680556884560568e-10
-6.701131776456262e-10
-6.721286893733821e-10
-6.741023619970479e-10
-6.760343338743463e-10
-6.779247433630010e-10
-6.797737288207348e-10
-6.815814286052710e-10
-6.833479810743329e-10
-6.850735245856437e-10
-6.867581974969264e-10
-6.884021381659043e-10
-6.900054849503006e-10
-6.915683762078384e-10
-6.930909502962410e-10
-6.945733455732316e-10
-6.960157003965331e-10
-6.974181531238692e-10
-6.987808421129627e-10
-7.001039057215368e-10
-7.013874823073149e-10
-7.026317102280200e-10
-7.038367278413753e-10
-7.050026735051042e-10
-7.061296855769297e-10
-7.072179024145749e-10
-7.082674623757632e-10
-7.092785038182176e-10
-7.102511650996614e-10
-7.111855845778179e-10
-7.120819006104100e-10
-7.129402515551611e-10
-7.137607757697944e-10
-7.145436116120330e-10
-7.152888974395999e-10
-7.159967716102187e-10
-7.166673724816125e-10
-7.173008384115041e-10
-7.178973077576170e-10
-7.184569188776745e-10
-7.189798101293995e-10
-7.194661198705154e-10
-7.199159864587453e-10
-7.203295482518125e-10
-7.207069436074398e-10
-7.210483108833509e-10
-7.213537884372686e-10
-7.216235146269163e-10
-7.218576278100172e-10
-7.220562663442945e-10
-7.222195685874712e-10
-7.223476728972706e-10
-7.224407176314158e-10
-7.224988411476302e-10
-7.225221818036368e-10
-7.225108779571589e-10
-7.224650679659196e-10
-7.223848901876421e-10
-7.222704829800496e-10
-7.221219847008655e-10
-7.219395337078126e-10
-7.217232683586144e-10
-7.214733270109936e-10
-7.211898480226742e-10
-7.208729697513787e-10
-7.205228305548306e-10
-7.201395687907530e-10
-7.197233228168694e-10
-7.192742309909022e-10
-7.187924316705752e-10
-7.182780632136114e-10
-7.177312639777342e-10
-7.171521723206669e-10
-7.165409266001322e-10
-7.158976651738533e-10
-7.152225263995538e-10
-7.145156486349567e-10
-7.137771702377853e-10
-7.130072295657624e-10
-7.122059649766117e-10
-7.113735148280559e-10
-7.105100174778185e-10
-7.096156112836229e-10
-7.086904346031917e-10
-7.077346257942484e-10
-7.067483232145163e-10
-7.057316652217183e-10
-7.046847901735780e-10
-7.036078364278183e-10
-7.025009423421622e-10
-7.013642462743333e-10
-7.001978865820547e-10
-6.990020016230492e-10
-6.977767297550404e-10
-6.965222093357515e-10
-6.952385787229056e-10
-6.939259762742257e-10
-6.925845403474353e-10
-6.912144093002571e-10
-6.898157214904148e-10
-6.883886152756315e-10
-6.869332290136300e-10
-6.854497010621340e-10
-6.839381697788666e-10
-6.823987735215506e-10
-6.808316506479094e-10
-6.792369395156666e-10
-6.776147784825443e-10
-6.759653059062671e-10
-6.742886601445573e-10
-6.725849795551383e-10
-6.708544024957330e-10
-6.690970673240651e-10
-6.673131123978572e-10
-6.655026760748331e-10
-6.636658967127159e-10
-6.618029126692283e-10
-6.599138623020938e-10
-6.579988839690358e-10
-6.560581160277771e-10
-6.540916968360411e-10
-6.520997647515509e-10
-6.500824581320297e-10
-6.480399153352008e-10
-6.459722747187873e-10
-6.438796746405120e-10
-6.417622534580990e-10
-6.396201495292709e-10
-6.374535012117510e-10
-6.352624468632622e-10
-6.330471248415280e-10
-6.308076735042713e-10
-6.285442312092158e-10
-6.262569363140845e-10
-6.239459271766006e-10
-6.216113421544866e-10
-6.192533196054667e-10
-6.168719978872631e-10
-6.144675153576000e-10
-6.120400103742003e-10
-6.095896212947867e-10
-6.071164864770826e-10
-6.046207442788115e-10
-6.021025330576961e-10
-5.995619911714601e-10
-5.969992569778268e-10
-5.944144688345183e-10
-5.918077650992589e-10
-5.891792841297713e-10
-5.865291642837786e-10
-5.838575439190046e-10
-5.811645613931719e-10
-5.784503550640040e-10
-5.757150632892238e-10
-5.729588244265548e-10
-5.701817768337197e-10
-5.673840588684425e-10
-5.645658088884453e-10
-5.617271652514521e-10
-5.588682663151857e-10
-5.559892504373702e-10
-5.530902559757275e-10
-5.501714212879811e-10
-5.472328847318548e-10
-5.442747846650713e-10
-5.412972594453538e-10
-5.383004474304258e-10
-5.352844869780102e-10
-5.322495164458301e-10
-5.291956741916092e-10
-5.261230985730702e-10
-5.230319279479362e-10
-5.199223006739310e-10
-5.167943551087773e-10
-5.136482296101982e-10
-5.104840625359175e-10
-5.073019922436572e-10
-5.041021570911417e-10
-5.008846954360939e-10
-4.976497456362369e-10
-4.943974460492930e-10
-4.911279350329872e-10
-4.878413509450414e-10
-4.845378321431786e-10
-4.812175169851226e-10
-4.778805438285969e-10
-4.745270510313237e-10
-4.711571769510271e-10
-4.677710599454305e-10
-4.643688383722555e-10
-4.609506505892262e-10
-4.575166349540671e-10
-4.540669298244990e-10
-4.506016735582464e-10
-4.471210045130333e-10
-4.436250610465805e-10
-4.401139815166135e-10
-4.365879042808548e-10
-4.330469676970265e-10
-4.294913101228533e-10
-4.259210699160581e-10
-4.223363854343633e-10
-4.187373950354927e-10
-4.151242370771692e-10
-4.114970499171162e-10
-4.078559719130569e-10
-4.042011414227143e-10
-4.005326968038112e-10
-3.968507764140724e-10
-3.931555186112193e-10
-3.894470617529753e-10
-3.857255441970648e-10
-3.819911043012096e-10
-3.782438804231337e-10
-3.744840109205606e-10
-3.707116341512123e-10
-3.669268884728130e-10
-3.631299122430859e-10
-3.593208438197533e-10
-3.554998215605392e-10
-3.516669838231663e-10
-3.478224689653580e-10
-3.439664153448378e-10
-3.400989613193289e-10
-3.362202452465536e-10
-3.323304054842354e-10
-3.284295803900982e-10
-3.245179083218651e-10
-3.205955276372582e-10
-3.166625766940018e-10
-3.127191938498185e-10
-3.087655174624320e-10
-3.048016858895647e-10
-3.008278374889410e-10
-2.968441106182827e-10
-2.928506436353141e-10
-2.888475748977577e-10
-2.848350427633367e-10
-2.808131855897749e-10
-2.767821417347950e-10
-2.727420495561201e-10
-2.686930474114733e-10
-2.646352736585791e-10
-2.605688666551589e-10
-2.564939647589364e-10
-2.524107063276354e-10
-2.483192297189786e-10
-2.442196732906891e-10
-2.401121754004907e-10
-2.359968744061060e-10
-2.318739086652582e-10
-2.277434165356710e-10
-2.236055363750670e-10
-2.194604065411695e-10
-2.153081653917023e-10
-2.111489512843872e-10
-2.069829025769488e-10
-2.028101576271101e-10
-1.986308547925938e-10
-1.944451324311225e-10
-1.902531289004211e-10
-1.860549825582117e-10
-1.818508317622168e-10
-1.776408148701614e-10
-1.734250702397675e-10
-1.692037362287578e-10
-1.649769511948570e-10
-1.607448534957868e-10
-1.565075814892708e-10
-1.522652735330334e-10
-1.480180679847962e-10
-1.437661032022833e-10
-1.395095175432173e-10
-1.352484493653222e-10
-1.309830370263199e-10
-1.267134188839348e-10
-1.224397332958894e-10
-1.181621186199069e-10
-1.138807132137118e-10
-1.095956554350248e-10
-1.053070836415715e-10
-1.010151361910739e-10
-9.671995144125521e-11
-9.242166774983856e-11
-8.812042347454777e-11
-8.381635697310545e-11
-7.950960660323472e-11
-7.520031072265884e-11
-7.088860768910157e-11
-6.657463586028547e-11
-6.225853359393439e-11
-5.794043924777088e-11
-5.362049117951811e-11
-4.929882774689929e-11
-4.497558730763822e-11
-4.065090821945746e-11
-3.632492884008021e-11
-3.199778752723027e-11
-2.766962263863021e-11
-2.334057253200322e-11
-1.901077556507311e-11
-1.468037009556182e-11
-1.034949448119377e-11
-6.018287079692178e-12
-1.686886248779588e-12
2.644569653820948e-12
6.975942270385739e-12
1.130709324319177e-11
1.563788421451586e-11
1.996817682663454e-11
2.429783272182544e-11
2.862671354236457e-11
3.295468093052872e-11
3.728159652859552e-11
4.160732197884100e-11
4.593171892354220e-11
5.025464900497595e-11
5.457597386541907e-11
5.889555514714836e-11
6.321325449244065e-11
6.752893354357273e-11
7.184245394282143e-11
7.615367733246355e-11
8.046246535477591e-11
8.476867965203532e-11
8.907218186651858e-11
9.337283364050280e-11
9.767049661626397e-11
1.019650324360797e-10
1.062563027422268e-10
1.105441691769813e-10
1.148284933826208e-10
1.191091370014218e-10
1.233859616756613e-10
1.276588290476158e-10
1.319276007595624e-10
1.361921384537778e-10
1.404523037725387e-10
1.447079583581221e-10
1.489589638528048e-10
1.532051818988637e-10
1.574464741385750e-10
1.616827022142162e-10
1.659137277680641e-10
1.701394124423948e-10
1.743596178794859e-10
1.785742057216141e-10
1.827830376110556e-10
1.869859751900879e-10
1.911828801009878e-10
1.953736139860314e-10
1.995580384874962e-10
2.037360152476590e-10
2.079074059087959e-10
2.120720721131848e-10
2.162298755031016e-10
2.203806777208232e-10
2.245243404086272e-10
2.286607252087896e-10
2.327896937635872e-10
2.369111077152976e-10
2.410248287061966e-10
2.451307183785618e-10
2.492286383746699e-10
2.533184503367972e-10
2.574000159072212e-10
2.614731967282182e-10
2.655378544420648e-10
2.695938506910389e-10
2.736410471174162e-10
2.776793053634737e-10
2.817084870714889e-10
2.857284538837379e-10
2.897390674424975e-10
2.937401893900453e-10
2.977316813686573e-10
3.017134050206103e-10
3.056852219881820e-10
3.096469939136483e-10
3.135985824392863e-10
3.175398492073729e-10
3.214706558601848e-10
3.253908640399988e-10
3.293003353890919e-10
3.331989315497407e-10
3.370865141642221e-10
3.409629448748130e-10
3.448280853237898e-10
3.486817971534301e-10
3.525239420060100e-10
3.563543815238066e-10
3.601729773490967e-10
3.639795911241570e-10
3.677740844912645e-10
3.715563190926959e-10
3.753261565707280e-10
3.790834585676375e-10
3.828280867257015e-10
3.865599026871966e-10
3.902787680943997e-10
3.939845445895876e-10
3.976770938150370e-10
4.013562774130249e-10
4.050219570258280e-10
4.086739942957233e-10
4.123122508649870e-10
4.159365883758969e-10
4.195468684707287e-10
4.231429527917601e-10
4.267247029812677e-10
4.302919806815279e-10
4.338446475348179e-10
4.373825651834148e-10
4.409055952695946e-10
4.444135994356346e-10
4.479064393238119e-10
4.513839765764023e-10
4.548460728356839e-10
4.582925897439329e-10
4.617233889434256e-10
4.651383320764399e-10
4.685372807852520e-10
4.719200967121385e-10
4.752866414993764e-10
4.786367767892429e-10
4.819703642240142e-10
4.852872654459673e-10
4.885873420973795e-10
4.918704558205270e-10
4.951364682576867e-10
4.983852410511360e-10
5.016166358431510e-10
5.048305142760085e-10
5.080267379919861e-10
5.112051686333597e-10
5.143656678424065e-10
5.175080972614034e-10
5.206323185326275e-10
5.237381932983548e-10
5.268255832008628e-10
5.298943498824282e-10
5.329443549853269e-10
5.359754601518374e-10
5.389875270242353e-10
5.419804172447975e-10
5.449539924558015e-10
5.479081142995236e-10
5.508426444182402e-10
5.537574444542287e-10
5.566523760497660e-10
5.595273008471287e-10
5.623820804885934e-10
5.652165766164369e-10
5.680306508729368e-10
5.708241649003689e-10
5.735969803410107e-10
5.763489588371391e-10
5.790799620310299e-10
5.817898515649608e-10
5.844784890812086e-10
5.871457362220496e-10
5.897914546297614e-10
5.924155059466202e-10
5.950177518149026e-10
5.975980538768858e-10
6.001562737748471e-10
6.026922731510621e-10
6.052059136478089e-10
6.076970569073637e-10
6.101655645720030e-10
6.126112982840038e-10
6.150341196856435e-10
6.174338904191981e-10
6.198104721269451e-10
6.221637264511610e-10
6.244935150341223e-10
6.267996995181061e-10
6.290821415453896e-10
6.313407027582491e-10
6.335752447989613e-10
6.357856293098036e-10
6.379717179330522e-10
6.401333723109841e-10
6.422704540858766e-10
6.443828249000060e-10
6.464703463956489e-10
6.485328802150828e-10
6.505702880005839e-10
6.525824313944293e-10
6.545691720388960e-10
6.565303715762605e-10
6.584658916487996e-10
6.603755938987902e-10
6.622593399685091e-10
6.641169915002331e-10
6.659484101362391e-10
6.677534575188040e-10
6.695319952902045e-10
6.712838850927174e-10
6.730089885686190e-10
6.747071673601871e-10
6.763782831096979e-10
6.780221974594284e-10
6.796387720516553e-10
6.812278685286553e-10
6.827893485327054e-10
6.843230737060825e-10
6.858289056910633e-10
6.873067061299246e-10
6.887563366649433e-10
6.901776589383957e-10
6.915705345925595e-10
6.929348252697109e-10
6.942703926121269e-10
6.955770982620843e-10
6.968548038618599e-10
6.981033710537303e-10
6.993226614799727e-10
7.005125367828639e-10
7.016728586046801e-10
7.028034885876989e-10
7.039042883741968e-10
7.049751196064502e-10
7.060158439267366e-10
7.070263229773325e-10
7.080064184005147e-10
7.089559918385600e-10
7.098749049337452e-10
7.107630193283471e-10
7.116201966646426e-10
7.124462985849084e-10
7.132411867314217e-10
7.140047227464587e-10
7.147367682722965e-10
7.154371849512121e-10
7.161058344254821e-10
7.167425783373833e-10
7.173472783291927e-10
7.179197960431868e-10
7.184599931216425e-10
7.189677312068369e-10
7.194428719410465e-10
7.198852769665483e-10
7.202948079256190e-10
7.206713264605355e-10
7.210146942135745e-10
7.213247728270130e-10
7.216014239431275e-10
7.218445092041951e-10
7.220538902524924e-10
7.222294287302964e-10
7.223709862798838e-10
7.224784245435316e-10
7.225516051635163e-10
7.225903897821149e-10
7.225946400416041e-10
7.225642175842610e-10
7.224989840523620e-10
7.223988010881842e-10
7.222635303340043e-10
7.220930334320992e-10
7.218871720247456e-10
7.216458077542205e-10
7.213688022628004e-10
7.210560171927626e-10
7.207073141863832e-10
7.203225548859397e-10
7.199016009337085e-10
7.194443139719665e-10
7.189505556429907e-10
7.184201875890577e-10
7.178530714524444e-10
7.172490688754276e-10
7.166080415002840e-10
7.159298509692905e-10
7.152143589247242e-10
7.144614270088613e-10
7.136709168639792e-10
7.128426901323543e-10
7.119766084562637e-10
7.110725334779840e-10
7.101303268397922e-10
7.091498501839649e-10
7.081309651527790e-10
7.070735333885113e-10
7.059774165334390e-10
7.048424762298384e-10
7.036685741199863e-10
7.024555718461599e-10
7.012033310506356e-10
6.999117133756904e-10
6.985805804636014e-10
6.972097939566449e-10
6.957992154970978e-10
6.943487067272375e-10
6.928581292893399e-10
6.913273448256825e-10
6.897562149785423e-10
6.881446013901952e-10
6.864923657029186e-10
6.847993695589894e-10
6.830654746006840e-10
6.812905424702794e-10
6.794744348100530e-10
6.776170132622808e-10
6.757181394692397e-10
6.737776750732067e-10
6.717954817164589e-10
6.697714210412728e-10
6.677053546899252e-10
6.655971443046929e-10
6.634466515278527e-10
6.612537380016814e-10
6.590182653684562e-10
6.567400952704536e-10
6.544190893499502e-10
6.520551092492232e-10
6.496480166105491e-10
6.471976730762046e-10
6.447039402884673e-10
6.421666798896134e-10
6.395857535219196e-10
6.369610228276630e-10
6.342923494491201e-10
6.315795950285680e-10
6.288226212082836e-10
6.260212896305437e-10
6.231754619376245e-10
6.202849997718036e-10
6.173497647753575e-10
6.143696185905627e-10
6.113444228596968e-10
6.082740392250360e-10
6.051583293288569e-10
6.019971548134368e-10
5.987903773210525e-10
5.955378584939804e-10
5.922394599744980e-10
5.888950434048816e-10
5.855044704274078e-10
5.820676026843539e-10
5.785843018179967e-10
5.750544294706125e-10
5.714778472844789e-10
5.678544169018723e-10
5.641839999650689e-10
5.604664581163464e-10
5.567016529979815e-10
5.528894462522504e-10
5.490296995214309e-10
5.451222744477990e-10
5.411670326736315e-10
5.371638358412054e-10
5.331125455927977e-10
5.290130235706856e-10
5.248651314171454e-10
5.206687307744533e-10
5.164236832848872e-10
5.121298505907229e-10
5.077870943342380e-10
5.033952761577095e-10
4.989542577034137e-10
4.944639006136271e-10
4.899240665306272e-10
4.853346170966901e-10
4.806954139540932e-10
4.760063187451140e-10
4.712671931120274e-10
4.664778986971115e-10
4.616382971426432e-10
4.567482500908985e-10
4.518076191841546e-10
4.468162660646898e-10
4.417740523747782e-10
4.366808397566981e-10
4.315364898527265e-10
4.263408643051393e-10
4.210938247562139e-10
4.157952328482279e-10
4.104449502234571e-10
4.050428385241781e-10
3.995887593926679e-10
3.940825744712043e-10
3.885241454020625e-10
3.829133338275214e-10
3.772500013898561e-10
3.715340097313430e-10
3.657652204942604e-10
3.599434953208848e-10
3.540686958534928e-10
3.481406837343604e-10
3.421593206057658e-10
3.361244681099845e-10
3.300359878892942e-10
3.238937415859721e-10
3.176975908422944e-10
3.114473973005372e-10
3.051430226029784e-10
2.987843283918942e-10
2.923711763095614e-10
2.859034279982579e-10
2.793809451002595e-10
2.728035892578425e-10
2.661712221132846e-10
2.594837053088629e-10
2.527409004868533e-10
2.459426692895326e-10
2.390888733591796e-10
2.321793743380684e-10
2.252140338684769e-10
2.181927135926823e-10
2.111152751529608e-10
2.039815801915902e-10
1.967914903508466e-10
1.895448672730061e-10
1.822415726003461e-10
1.748814679751443e-10
1.674644150396761e-10
1.599902754362198e-10
1.524589108070515e-10
1.448701827944466e-10
1.372239530406838e-10
1.295200831880400e-10
1.217584348787900e-10
1.139388697552137e-10
1.060612494595855e-10
9.812543563418208e-11
9.013128992128126e-11
8.207867396316044e-11
7.396744940209459e-11
6.579747788036299e-11
5.756862104023969e-11
4.928074052400364e-11
4.093369797393043e-11
3.252735503229685e-11
2.406157334138130e-11
1.553621454345933e-11
6.951140280807116e-12
-1.693785036836408e-12
-1.039811029802768e-11
-1.916007538232399e-11
-2.797774305178579e-11
-3.684917606847566e-11
-4.577243719445625e-11
-5.474558919178686e-11
-6.376669482253124e-11
-7.283381684874980e-11
-8.194501803250178e-11
-9.109836113585324e-11
-1.002919089208634e-10
-1.095237241495927e-10
-1.187918695841050e-10
-1.280944079864605e-10
-1.374294021187185e-10
-1.467949147429452e-10
-1.561890086211998e-10
-1.656097465155437e-10
-1.750551911880373e-10
-1.845234054007446e-10
-1.940124519157246e-10
-2.035203934950401e-10
-2.130452929007537e-10
-2.225852128949258e-10
-2.321382162396168e-10
-2.417023656968905e-10
-2.512757240288061e-10
-2.608563539974262e-10
-2.704423183648136e-10
-2.800316798930287e-10
-2.896225013441317e-10
-2.992128454801854e-10
-3.088007750632525e-10
-3.183843528553920e-10
-3.279616416186681e-10
-3.375307041151408e-10
-3.470896031068706e-10
-3.566364013559202e-10
-3.661691616243523e-10
-3.756859466742261e-10
-3.851848192676054e-10
-3.946638421665505e-10
-4.041210781331230e-10
-4.135545899293822e-10
-4.229624403173941e-10
-4.323426920592180e-10
-4.416934079169141e-10
-4.510126506525464e-10
-4.602984830281752e-10
-4.695489678058597e-10
-4.787621677476661e-10
-4.879361456156536e-10
-4.970689641718826e-10
-5.061586861784168e-10
-5.152033743973155e-10
-5.242010915906413e-10
-5.331499005204570e-10
-5.420478639488228e-10
-5.508930446377993e-10
-5.596835053494501e-10
-5.684173088458346e-10
-5.770925178890154e-10
-5.857071952410551e-10
-5.942594036640140e-10
-6.027472059199527e-10
-6.111686647709349e-10
-6.195218429790199e-10
-6.278048033062713e-10
-6.360156085147487e-10
-6.441523213665155e-10
-6.522130046236323e-10
-6.601957210481596e-10
-6.680985334021598e-10
-6.759195044476956e-10
-6.836566969468265e-10
-6.913081736616160e-10
-6.988719973541244e-10
-7.063462307864125e-10
-7.137289367205429e-10
-7.210181779185776e-10
-7.282120171425769e-10
-7.353085171546036e-10
-7.423057407167185e-10
-7.492017505909822e-10
-7.559946095394573e-10
-7.626823803242060e-10
-7.692631257072882e-10
-7.757349084507668e-10
-7.820957913167031e-10
-7.883438370671563e-10
-7.944771084641917e-10
-8.004936682698690e-10
-8.063915792462490e-10
-8.121689041553945e-10
-8.178237057593664e-10
-8.233540468202257e-10
-8.287579901000346e-10
-8.340335983608550e-10
-8.391789343647481e-10
-8.441920608737746e-10
-8.490710406499974e-10
-8.538139364554764e-10
-8.584188110522742e-10
-8.628837272024527e-10
-8.672067476680731e-10
-8.713859352111959e-10
-8.754193525938839e-10
-8.793050625781977e-10
-8.830411279261992e-10
-8.866256113999505e-10
-8.900565757615125e-10
-8.933320837729465e-10
-8.964501981963144e-10
-8.994089817936779e-10
-9.022064973270979e-10
-9.048408075586366e-10
-9.073099752503553e-10
-9.096120631643151e-10
-9.117451340625779e-10
-9.137072507072055e-10
-9.154964758602590e-10
-9.171108722837997e-10
-9.185485027398898e-10
-9.198074299905904e-10
-9.208857167979628e-10
-9.217814259240689e-10
-9.224926201309703e-10
-9.230173621807282e-10
-9.233537148354042e-10
-9.234997408570601e-10
-9.234535030077572e-10
-9.232130640495566e-10
-9.227764867445207e-10
-9.221418338547103e-10
-9.213071681421874e-10
-9.202705523690132e-10
-9.190300492972494e-10
-9.175837216889574e-10
-9.159296323061985e-10
-9.140658439110348e-10
-9.119904192655273e-10
-9.097014211317382e-10
-9.071969122717282e-10
-9.044749554475590e-10
-9.015336134212923e-10
-8.983709489549896e-10
-8.949850248107129e-10
-8.913739037505230e-10
-8.875356485364814e-10
-8.834683219306503e-10
-8.791699866950906e-10
-8.746387055918638e-10
-8.698725413830320e-10
-8.648695568306567e-10
-8.596278146967984e-10
-8.541453777435198e-10
-8.484203087328815e-10
-8.424506704269455e-10
-8.362345255877737e-10
-8.297699369774274e-10
-8.230549673579669e-10
-8.160876794914559e-10
-8.088661361399538e-10
-8.013884000655229e-10
-7.936525340302271e-10
-7.856566007961236e-10
-7.773986631252759e-10
-7.688767837797470e-10
-7.600890255215956e-10
-7.510334511128850e-10
-7.417081233156776e-10
-7.321111048920335e-10
-7.222404586040135e-10
-7.120942472136801e-10
-7.016705334830958e-10
-6.909673801743200e-10
-6.799828500494168e-10
-6.687150058704461e-10
-6.571619103994683e-10
-6.453216263985462e-10
-6.331922166297426e-10
-6.207717438551165e-10
-6.080582708367319e-10
-5.950498603366494e-10
-5.817445751169287e-10
-5.681404779396324e-10
-5.542356315668244e-10
-5.400280987605644e-10
-5.255159422829116e-10
-5.106972248959321e-10
-4.955700093616827e-10
-4.801323584422276e-10
-4.643823348996298e-10
-4.483180014959488e-10
-4.319374209932445e-10
-4.152386561535803e-10
-3.982197697390193e-10
-3.808788245116197e-10
-3.632138832334448e-10
-3.452230086665599e-10
-3.269042635730189e-10
-3.082557107148862e-10
-2.892754128542247e-10
-2.699614327531003e-10
-2.503118331735644e-10
-2.303246768776867e-10
-2.099980266275228e-10
-1.893299451851371e-10
-1.683184953125914e-10
-1.469617397719472e-10
-1.252577413252709e-10
-1.032045627346165e-10
-8.080026676204493e-11
-5.804291616962114e-11
-3.493057371940603e-11
-1.146130217346109e-11
1.236633482745611e-11
3.654225343274783e-11
6.104484958195065e-11
8.585201833590868e-11
1.109416547554691e-10
1.362916539014792e-10
1.618799108347763e-10
1.876843206162269e-10
2.136827783066685e-10
2.398531789669485e-10
2.661734176579138e-10
2.926213894404118e-10
3.191749893752795e-10
3.458121125233842e-10
3.725106539455629e-10
3.992485087026629e-10
4.260035718555314e-10
4.527537384650121e-10
4.794769035919589e-10
5.061509622972091e-10
5.327538096416230e-10
5.592633406860412e-10
5.856574504913110e-10
6.119140341182760e-10
6.380109866277902e-10
6.639262030806909e-10
6.896375785378382e-10
7.151230080600727e-10
7.403603867082419e-10
7.653276095431895e-10
7.900025716257691e-10
8.143631680168187e-10
8.383872937771975e-10
8.620528439677467e-10
8.853377136493134e-10
9.082197978827419e-10
9.306769917288851e-10
9.526871902485819e-10
9.742282885026905e-10
9.952781815520523e-10
1.015814764457515e-09
1.035815932279922e-09
1.055259580080127e-09
1.074123602918975e-09
1.092385895857306e-09
1.110024353955979e-09
1.127016872275833e-09
1.143341345877722e-09
1.158975669822485e-09
1.173897739170973e-09
1.188085448984034e-09
1.201516694322514e-09
1.214169370247264e-09
1.226021371819125e-09
1.237050594098949e-09
1.247234932147579e-09
1.256552281025862e-09
1.264980535794652e-09
1.272497591514790e-09
1.279081343247126e-09
1.284709686052505e-09
1.289360514991774e-09
1.293011725125783e-09
1.295641211515377e-09
1.297226869221404e-09
1.297746593304711e-09
1.297178278826144e-09
1.295499820846552e-09
1.292689114426782e-09
1.288724054627680e-09
1.283582536510094e-09
1.277242455134870e-09
1.269681705562857e-09
1.260878182854902e-09
1.250809782071848e-09
1.239454398274552e-09
1.226789926523848e-09
1.212794261880594e-09
1.197445299405634e-09
1.180720934159809e-09
1.162599061203976e-09
1.143057575598977e-09
1.122074372405661e-09
1.099627346684868e-09
1.075694393497457e-09
1.050253407904269e-09
1.023282284966146e-09
9.947589197439536e-10
9.646612072985121e-10
9.329670426906899e-10
8.996543209813272e-10
8.647009372312620e-10
8.280847865013593e-10
7.897837638524578e-10
7.497757643454037e-10
7.080386830410348e-10
6.645504150002187e-10
6.192888552837916e-10
5.722318989525898e-10
5.233574410674831e-10
4.726433766893081e-10
4.200676008789114e-10
3.656080086971401e-10
3.092424952048265e-10
2.509489554628474e-10
1.907052845320199e-10
1.284893774732372e-10
6.427912934730088e-11
-1.947500841612609e-12
-7.018399510253853e-11
-1.403504166579284e-10
-2.123551934119862e-10
-2.861067532689681e-10
-3.615135241331131e-10
-4.384839339086602e-10
-5.169264104998682e-10
-5.967493818109369e-10
-6.778612757461450e-10
-7.601705202096704e-10
-8.435855431058130e-10
-9.280147723388131e-10
-1.013366635812867e-09
-1.099549561432257e-09
-1.186471977101178e-09
-1.274042310723891e-09
-1.362168990204635e-09
-1.450760443447649e-09
-1.539725098357194e-09
-1.628971382837465e-09
-1.718407724792745e-09
-1.807942552127229e-09
-1.897484292745155e-09
-1.986941374550829e-09
-2.076222225448424e-09
-2.165235273342223e-09
-2.253888946136421e-09
-2.342091671735277e-09
-2.429751878043033e-09
-2.516777992963927e-09
-2.603078444402218e-09
-2.688561660262104e-09
-2.773136068447865e-09
-2.856710096863699e-09
-2.939192173413845e-09
-3.020490726002603e-09
-3.100514182534152e-09
-3.179170970912769e-09
-3.256369519042655e-09
-3.332018254828069e-09
-3.406025606173268e-09
-3.478300000982435e-09
-3.548749867159883e-09
-3.617283632609797e-09
-3.683809725236432e-09
-3.748236572944046e-09
-3.810472603636843e-09
-3.870426245219079e-09
-3.928005925594995e-09
-3.983120072668839e-09
-4.035677114344827e-09
-4.085585478527211e-09
-4.132753593120240e-09
-4.177089886028119e-09
-4.218502785155132e-09
-4.256900718405486e-09
-4.292192113683430e-09
-4.324285398893211e-09
-4.353089001939052e-09
-4.378511350725199e-09
-4.400460873155892e-09
-4.418845997135376e-09
-4.433575150567878e-09
-4.444556761357644e-09
-4.451699257408913e-09
-4.454911066625920e-09
-4.454100616912907e-09
-4.449176336174114e-09
-4.440046652313779e-09
-4.426619993236138e-09
-4.408804786845433e-09
-4.386509461045899e-09
-4.359642443741791e-09
-4.328112162837321e-09
-4.291827046236751e-09
-4.250695521844311e-09
-4.204626017564229e-09
-4.153526961300767e-09
-4.097306780958152e-09
-4.035873904440625e-09
-3.969136759652424e-09
-3.897003774497767e-09
-3.819383376880934e-09
-3.736183994706121e-09
-3.647314055877632e-09
-3.552681988299644e-09
-3.452196219876387e-09
-3.345765178512155e-09
-3.233297292111133e-09
-3.114700988577613e-09
-2.989884695815810e-09
-2.858756841729962e-09
-2.721225854224306e-09
-2.577200161203046e-09
-2.426588190570494e-09
-2.269298370230811e-09
-2.105239128088317e-09
-1.934318892047254e-09
-1.756446090011733e-09
-1.571529149886121e-09
-1.379476499574566e-09
-1.180196566981401e-09
-9.735977800108239e-10
-7.595885665670655e-10
-5.380773545543673e-10
-3.089725718769141e-10
-7.218264643905838e-11
1.723839938550865e-10
4.247374820793493e-10
6.842860660371854e-10
9.501682267725325e-10
1.221521172844218e-09
1.497482112811403e-09
1.777188255232973e-09
2.059776808668021e-09
2.344384981675645e-09
2.630149982814654e-09
2.916209020644360e-09
3.201699303723573e-09
3.485758040611459e-09
3.767522439866900e-09
4.046129710048996e-09
4.320717059716768e-09
4.590421697429242e-09
4.854380831745510e-09
5.111731671224462e-09
5.361611424425191e-09
5.603157299906780e-09
5.835506506228079e-09
6.057796251948340e-09
6.269163745626423e-09
6.468746195821405e-09
6.655680811092359e-09
6.829104799998215e-09
6.988155371098045e-09
7.131969732950876e-09
7.259685094115763e-09
7.370438663151665e-09
7.463367648617640e-09
7.537609259072733e-09
7.592300703075928e-09
7.626579189186272e-09
7.639581925962792e-09
7.630446121964510e-09
7.598308985750440e-09
7.542307725879625e-09
7.461579550911058e-09
7.355261669403838e-09
7.222491289916878e-09
7.062405621009300e-09
6.874141871240090e-09
6.656837249168223e-09
6.409628963352827e-09
6.131654222352879e-09
5.822050234727401e-09
5.479954209035421e-09
5.104503353835865e-09
4.694834877687944e-09
4.250085989150482e-09
3.769393896782843e-09
3.251895809143712e-09
2.696728934792081e-09
2.103589576904932e-09
1.479764307188191e-09
8.380098790877122e-10
1.912038104861313e-10
-4.477763807331143e-10
-1.066053176687557e-09
-1.650749059494225e-09
-2.188986511269871e-09
-2.667888014131805e-09
-3.074576050196832e-09
-3.396173101582059e-09
-3.619801650404742e-09
-3.732584178781723e-09
-3.721643168830096e-09
-3.574101102666914e-09
-3.277080462409240e-09
-2.817703730174120e-09
-2.183093388078601e-09
-1.360371918239502e-09
-3.366618027742816e-10
9.009144762005355e-10
2.365234436567280e-09
4.069175596208733e-09
6.025615473009221e-09
8.247431584850309e-09
1.074750144961609e-08
1.353870258518825e-08
1.663278666750098e-08
2.001965832924354e-08
2.366941194723755e-08
2.755142463728662e-08
3.163507351518788e-08
3.588973569674331e-08
4.028478829775073e-08
4.478960843401115e-08
4.937357322132452e-08
5.400605977549081e-08
5.865644521231114e-08
6.329410664758313e-08
6.788842119710790e-08
7.240876597668655e-08
7.682451810211563e-08
8.110505468919956e-08
8.521975285373501e-08
8.913798971152303e-08
9.282914237836447e-08
9.626258797005745e-08
9.940770360240284e-08
1.022338663912006e-07
1.047104534522514e-07
1.068068419013537e-07
1.084924088543084e-07
1.097365314269155e-07
1.105085867349743e-07
1.107826388195078e-07
1.106708070648853e-07
1.104425153814239e-07
1.103757450147920e-07
1.107484772106580e-07
1.118386932146904e-07
1.139243742725563e-07
1.172835016299262e-07
1.221940565324665e-07
1.289340202258459e-07
1.377813739557353e-07
1.490140989677985e-07
1.629101765077059e-07
1.797475878211256e-07
1.998043141537259e-07
2.233583367511814e-07
2.506876368591488e-07
2.820701957233101e-07
3.177839945893083e-07
3.581070147028370e-07
4.033172373095679e-07
4.536926436551468e-07
5.095112149852673e-07
5.710509325455697e-07
6.385897775817358e-07
7.124057313394334e-07
7.927767750643314e-07
8.799859815530585e-07
9.745664131374883e-07
1.077409682010026e-06
1.189435093147572e-06
1.311561951527075e-06
1.444709562125581e-06
1.589797229919949e-06
1.747744259887206e-06
1.919469957004224e-06
2.105893626247996e-06
2.307934572595474e-06
2.526512101023613e-06
2.762545516509425e-06
3.016954124029746e-06
3.291507331474829e-06
3.593892432852815e-06
3.934312786158998e-06
4.322980971951557e-06
4.770109570788126e-06
5.285911163226840e-06
5.880598329825351e-06
6.564383651141683e-06
7.347479707733744e-06
8.240099080159441e-06
9.252454348976947e-06
1.039475809474367e-05
1.167722289801808e-05
1.311024953848797e-05
1.472224242521121e-05
1.657426198061014e-05
1.873081715347371e-05
2.125641689259157e-05
2.421557014675143e-05
2.767278586474283e-05
3.169294394068559e-05
3.634933210930502e-05
4.172357768219974e-05
4.789766526325639e-05
5.495357945636661e-05
6.297330486542293e-05
7.203882609431175e-05
8.225979526221868e-05
9.400235148464591e-05
1.077716509398379e-04
1.240742232721146e-04
1.434165981258059e-04
1.663053051452448e-04
1.932468739747393e-04
2.248624714683451e-04
2.622913075072692e-04
3.068188567691780e-04
3.597601229228104e-04
4.229218613038595e-04
4.985167242991690e-04
5.887699891140606e-04
6.960254170562474e-04
8.229005763476622e-04
9.720515938790697e-04
1.146617788046908e-03
1.353291702561936e-03
1.600351484569964e-03
1.896106313723078e-03
2.249707071498738e-03
2.671487608995772e-03
3.173122514648328e-03
3.765981957333609e-03
4.457897474632653e-03
5.265011876015154e-03
6.215984741525639e-03
7.323218737248656e-03
8.597305877175939e-03
1.005463902486866e-02
1.172022339699644e-02
1.359278449022806e-02
1.567716320015752e-02
1.797517614189124e-02
2.048612921796259e-02
2.320717647132975e-02
2.613368961337135e-02
2.925959784754615e-02
3.257767841897138e-02
3.607977127709686e-02
3.975686880122909e-02
4.359901249082503e-02
4.759491755128094e-02
5.173126044086478e-02
5.599161638773559e-02
6.035508209166116e-02
6.479467225419154e-02
6.927575250110289e-02
7.375487591775780e-02
7.817954071050616e-02
8.248937968782047e-02
8.661862526964091e-02
9.051370945914312e-02
9.410160693196258e-02
9.733182087427991e-02
1.001668302806846e-01
1.026010007590499e-01
1.046403569060935e-01
1.063063416578705e-01
1.076329736592286e-01
1.086627296635477e-01
1.094388969440643e-01
1.100071991497063e-01
1.104088763934976e-01
1.106800741154409e-01
1.108496276488846e-01
1.109441360238747e-01
1.109843720395211e-01
1.109857939783188e-01
1.109607318632392e-01
1.109173219741316e-01
1.108622786613191e-01
1.108030838229905e-01
1.107434477387866e-01
1.106857842275352e-01
1.106322054387259e-01
1.105842081710040e-01
1.105426802178489e-01
1.105079077980815e-01
1.104799530446839e-01
1.104588699331459e-01
1.104445064743099e-01
1.104364872152545e-01
1.104344255273166e-01
1.104379959975766e-01
1.104470645229608e-01
1.104615342700631e-01
1.104812841859987e-01
1.105059404327933e-01
1.105349787808475e-01
1.105678730072954e-01
1.106040968892709e-01
1.106431242039082e-01
1.106844287283412e-01
1.107275382475231e-01
1.107722512849512e-01
1.108184510218296e-01
1.108660206681507e-01
1.109148434339072e-01
1.109648025290914e-01
1.110157811642954e-01
1.110676628037227e-01
1.111203315577484e-01
1.111736716381585e-01
1.112275672567392e-01
1.112819026252763e-01
1.113365619555560e-01
1.113914300916452e-01
1.114464194159876e-01
1.115014798966745e-01
1.115565642046732e-01
1.116116250109507e-01
1.116666149864743e-01
1.117214868022111e-01
1.117761939224894e-01
1.118307012528571e-01
1.118849822915563e-01
1.119390107458053e-01
1.119927603228225e-01
1.120462047298262e-01
1.120993176740349e-01
1.121520744602011e-01
1.122044608753751e-01
1.122564669323554e-01
1.123080826556099e-01
1.123592980696067e-01
1.124101031988137e-01
1.124604880679937e-01
1.125104439629685e-01
1.125599663159109e-01
1.126090514099198e-01
1.126576955280939e-01
1.127058949535322e-01
1.127536459693333e-01
1.128009448898156e-01
1.128477905715389e-01
1.128941862536943e-01
1.129401356093496e-01
1.129856423115730e-01
1.130307100334325e-01
1.130753424479961e-01
1.131195429424391e-01
1.131633089576020e-01
1.132066323178627e-01
1.132495046277486e-01
1.132919174917870e-01
1.133338625145055e-01
1.133753313004312e-01
1.134163169932100e-01
1.134568261325185e-01
1.134968721555641e-01
1.135364685565586e-01
1.135756288297138e-01
1.136143664692414e-01
1.136526949693533e-01
1.136906278242612e-01
1.137281785281769e-01
1.137653605753122e-01
1.138021874598789e-01
1.138386726760887e-01
1.138748297181535e-01
1.139106720626303e-01
1.139462097249569e-01
1.139814451322968e-01
1.140163797055126e-01
1.140510148654676e-01
1.140853520330243e-01
1.141193926290460e-01
1.141531380743953e-01
1.141865897899352e-01
1.142197491965286e-01
1.142526177150384e-01
1.142851967663275e-01
1.143174877712588e-01
1.143494921506952e-01
1.143812114435908e-01
1.144126485826773e-01
1.144438074099550e-01
1.144746917830372e-01
1.145053055595373e-01
1.145356525970684e-01
1.145657367532438e-01
1.145955618856768e-01
1.146251318519805e-01
1.146544505097684e-01
1.146835217166537e-01
1.147123493302495e-01
1.147409372081692e-01
1.147692892075477e-01
1.147974087875361e-01
1.148252982876387e-01
1.148529598519050e-01
1.148803956243846e-01
1.149076077491268e-01
1.149345983701813e-01
1.149613696315975e-01
1.149879236774250e-01
1.150142626517132e-01
1.150403886985118e-01
1.150663039618701e-01
1.150920105858377e-01
1.151175107144642e-01
1.151428065073479e-01
1.151679003814430e-01
1.151927949652587e-01
1.152174928935836e-01
1.152419968012056e-01
1.152663093229130e-01
1.152904330934941e-01
1.153143707477369e-01
1.153381249204299e-01
1.153616982463610e-01
1.153850933603186e-01
1.154083128970909e-01
1.154313594914661e-01
1.154542357782128e-01
1.154769436942288e-01
1.154994826344724e-01
1.155218514153177e-01
1.155440488531384e-01
1.155660737643086e-01
1.155879249652020e-01
1.156096012721927e-01
1.156311015016544e-01
1.156524244699610e-01
1.156735689934865e-01
1.156945338886048e-01
1.157153179716897e-01
1.157359200591151e-01
1.157563390568460e-01
1.157765760576231e-01
1.157966344134497e-01
1.158165175804222e-01
1.158362290146370e-01
1.158557721721906e-01
1.158751505091793e-01
1.158943674816997e-01
1.159134265458480e-01
1.159323311577208e-01
1.159510847734145e-01
1.159696908490255e-01
1.159881528406502e-01
1.160064742043851e-01
1.160246583963265e-01
1.160427088725710e-01
1.160606290892148e-01
1.160784225023545e-01
1.160960925680865e-01
1.161136427425072e-01
1.161310764817131e-01
1.161483972418005e-01
1.161656084788658e-01
1.161827136490056e-01
1.161997162083162e-01
1.162166196128941e-01
1.162334273188356e-01
1.162501427489836e-01
1.162667680334436e-01
1.162833036230104e-01
1.162997498562471e-01
1.163161070717173e-01
1.163323756079841e-01
1.163485558036110e-01
1.163646479971614e-01
1.163806525271985e-01
1.163965697322858e-01
1.164123999509866e-01
1.164281435218642e-01
1.164438007834820e-01
1.164593720744034e-01
1.164748577331917e-01
1.164902580984102e-01
1.165055735086224e-01
1.165208043023915e-01
1.165359508182810e-01
1.165510133948542e-01
1.165659923706744e-01
1.165808880843050e-01
1.165957008743093e-01
1.166104310792507e-01
1.166250790376926e-01
1.166396450881983e-01
1.166541295693312e-01
1.166685328174806e-01
1.166828550166703e-01
1.166970961012010e-01
1.167112559822257e-01
1.167253345708973e-01
1.167393317783688e-01
1.167532475157931e-01
1.167670816943232e-01
1.167808342251119e-01
1.167945050193123e-01
1.168080939880772e-01
1.168216010425596e-01
1.168350260939125e-01
1.168483690532887e-01
1.168616298318412e-01
1.168748083407230e-01
1.168879044910870e-01
1.169009181940861e-01
1.169138493608733e-01
1.169266979026015e-01
1.169394637304236e-01
1.169521467554927e-01
1.169647468889615e-01
1.169772640419831e-01
1.169896981257104e-01
1.170020490512963e-01
1.170143167298938e-01
1.170265010746492e-01
1.170386023124289e-01
1.170506213229174e-01
1.170625590672582e-01
1.170744165065947e-01
1.170861946020705e-01
1.170978943148289e-01
1.171095166060136e-01
1.171210624367678e-01
1.171325327682353e-01
1.171439285615593e-01
1.171552507778834e-01
1.171665003783511e-01
1.171776783241058e-01
1.171887855762911e-01
1.171998230960503e-01
1.172107918445270e-01
1.172216927828646e-01
1.172325268722066e-01
1.172432950736966e-01
1.172539983484779e-01
1.172646376576941e-01
1.172752139624886e-01
1.172857282240049e-01
1.172961814033864e-01
1.173065744617768e-01
1.173169083603193e-01
1.173271840601576e-01
1.173374025224350e-01
1.173475647082951e-01
1.173576715788814e-01
1.173677240953372e-01
1.173777232188062e-01
1.173876699104317e-01
1.173975651313572e-01
1.174074098427263e-01
1.174172050056823e-01
1.174269515813689e-01
1.174366505309293e-01
1.174463028155072e-01
1.174559093962460e-01
1.174654712342892e-01
1.174749892907802e-01
1.174844645268626e-01
1.174938979036798e-01
1.175032903823752e-01
1.175126429240924e-01
1.175219564899748e-01
1.175312320411660e-01
1.175404705388093e-01
1.175496729440483e-01
1.175588402180264e-01
1.175679733218872e-01
1.175770732167740e-01
1.175861408638116e-01
1.175951770494447e-01
1.176041819584858e-01
1.176131556463179e-01
1.176220981683238e-01
1.176310095798865e-01
1.176398899363890e-01
1.176487392932143e-01
1.176575577057452e-01
1.176663452293647e-01
1.176751019194558e-01
1.176838278314014e-01
1.176925230205844e-01
1.177011875423879e-01
1.177098214521948e-01
1.177184248053880e-01
1.177269976573505e-01
1.177355400634652e-01
1.177440520791151e-01
1.177525337596831e-01
1.177609851605521e-01
1.177694063371052e-01
1.177777973447253e-01
1.177861582387953e-01
1.177944890746982e-01
1.178027899078169e-01
1.178110607935344e-01
1.178193017872336e-01
1.178275129442975e-01
1.178356943201090e-01
1.178438459700511e-01
1.178519679495067e-01
1.178600603138588e-01
1.178681231184903e-01
1.178761564187842e-01
1.178841602701234e-01
1.178921347278910e-01
1.179000798474697e-01
1.179079956842426e-01
1.179158822935927e-01
1.179237397309028e-01
1.179315680515560e-01
1.179393673109351e-01
1.179471375644232e-01
1.179548788674032e-01
1.179625912752580e-01
1.179702748433706e-01
1.179779296271239e-01
1.179855556819009e-01
1.179931530630846e-01
1.180007218260578e-01
1.180082620262035e-01
1.180157737189048e-01
1.180232569595445e-01
1.180307118035055e-01
1.180381383022136e-01
1.180455364839852e-01
1.180529063687720e-01
1.180602479765144e-01
1.180675613271527e-01
1.180748464406271e-01
1.180821033368781e-01
1.180893320358459e-01
1.180965325574708e-01
1.181037049216931e-01
1.181108491484532e-01
1.181179652576912e-01
1.181250532693476e-01
1.181321132033627e-01
1.181391450796766e-01
1.181461489182299e-01
1.181531247389627e-01
1.181600725618153e-01
1.181669924067281e-01
1.181738842936414e-01
1.181807482424955e-01
1.181875842732306e-01
1.181943924057871e-01
1.182011726601054e-01
1.182079250561256e-01
1.182146496137881e-01
1.182213463530333e-01
1.182280152938013e-01
1.182346564560326e-01
1.182412698596674e-01
1.182478555246461e-01
1.182544134709088e-01
1.182609437183961e-01
1.182674462870480e-01
1.182739211968051e-01
1.182803684676074e-01
1.182867881193955e-01
1.182931801721095e-01
1.182995446456898e-01
1.183058815600767e-01
1.183121909352105e-01
1.183184727910314e-01
1.183247271474799e-01
1.183309540244962e-01
1.183371534420205e-01
1.183433254199933e-01
1.183494699783548e-01
1.183555871370454e-01
1.183616769160052e-01
1.183677393351747e-01
1.183737744144942e-01
1.183797821739039e-01
1.183857626333441e-01
1.183917158127552e-01
1.183976417410355e-01
1.184035405395613e-01
1.184094123842664e-01
1.184152574517897e-01
1.184210759187700e-01
1.184268679618463e-01
1.184326337576573e-01
1.184383734828419e-01
1.184440873140389e-01
1.184497754278873e-01
1.184554380010260e-01
1.184610752100936e-01
1.184666872317292e-01
1.184722742425715e-01
1.184778364192595e-01
1.184833739384319e-01
1.184888869767277e-01
1.184943757107857e-01
1.184998403172448e-01
1.185052809727438e-01
1.185106978539216e-01
1.185160911374170e-01
1.185214609998689e-01
1.185268076179162e-01
1.185321311681978e-01
1.185374318273524e-01
1.185427097720189e-01
1.185479651788362e-01
1.185531982244432e-01
1.185584090854788e-01
1.185635979385817e-01
1.185687649603908e-01
1.185739103275450e-01
1.185790342166832e-01
1.185841368044442e-01
1.185892182674669e-01
1.185942787823901e-01
1.185993185258527e-01
1.186043376744936e-01
1.186093364049516e-01
1.186143148938655e-01
1.186192733178743e-01
1.186242118536168e-01
1.186291306777318e-01
1.186340299668582e-01
1.186389098976349e-01
1.186437706467007e-01
1.186486123906945e-01
1.186534353062552e-01
1.186582395700215e-01
1.186630253586325e-01
1.186677928487268e-01
1.186725422169434e-01
1.186772736399212e-01
1.186819872942990e-01
1.186866833567156e-01
1.186913620038100e-01
1.186960234122209e-01
1.187006677585873e-01
1.187052952195480e-01
1.187099059717418e-01
1.187145001918077e-01
1.187190780563844e-01
1.187236397421109e-01
1.187281854256260e-01
1.187327152835685e-01
1.187372294925773e-01
1.187417282292913e-01
1.187462116703493e-01
1.187506799923903e-01
1.187551333720529e-01
1.187595719859762e-01
1.187639960107990e-01
1.187684056231601e-01
1.187728009996984e-01
1.187771823170527e-01
1.187815497518619e-01
1.187859034807649e-01
1.187902436804006e-01
1.187945705274077e-01
1.187988841984251e-01
1.188031848700918e-01
1.188074727190465e-01
1.188117479219282e-01
1.188160106553756e-01
1.188202610960276e-01
1.188244994205232e-01
1.188287258055011e-01
1.188329404276003e-01
1.188371434634595e-01
1.188413350897177e-01
1.188455154830136e-01
1.188496848199863e-01
1.188538432772744e-01
1.188579910315169e-01
1.188621282593526e-01
1.188662551374205e-01
1.188703718423593e-01
1.188744785508079e-01
1.188785754394051e-01
1.188826626847899e-01
1.188867404636011e-01
1.188908089524776e-01
1.188948683280581e-01
1.188989187669817e-01
1.189029604458870e-01
1.189069935414130e-01
1.189110182301986e-01
1.189150346876162e-01
1.189190430214299e-01
1.189230432391640e-01
1.189270353402309e-01
1.189310193240428e-01
1.189349951900121e-01
1.189389629375513e-01
1.189429225660727e-01
1.189468740749886e-01
1.189508174637114e-01
1.189547527316535e-01
1.189586798782273e-01
1.189625989028450e-01
1.189665098049191e-01
1.189704125838620e-01
1.189743072390860e-01
1.189781937700034e-01
1.189820721760267e-01
1.189859424565682e-01
1.189898046110402e-01
1.189936586388552e-01
1.189975045394254e-01
1.190013423121634e-01
1.190051719564813e-01
1.190089934717917e-01
1.190128068575068e-01
1.190166121130390e-01
1.190204092378007e-01
1.190241982312042e-01
1.190279790926620e-01
1.190317518215863e-01
1.190355164173896e-01
1.190392728794843e-01
1.190430212072825e-01
1.190467614001969e-01
1.190504934576396e-01
1.190542173790231e-01
1.190579331637597e-01
1.190616408112619e-01
1.190653403209419e-01
1.190690316922122e-01
1.190727149244850e-01
1.190763900171728e-01
1.190800569696879e-01
1.190837157814428e-01
1.190873664518497e-01
1.190910089803210e-01
1.190946433662691e-01
1.190982696091063e-01
1.191018877082451e-01
1.191054976630977e-01
1.191090994730767e-01
1.191126931375942e-01
1.191162786560627e-01
1.191198560278945e-01
1.191234252525021e-01
1.191269863292977e-01
1.191305392576938e-01
1.191340840371027e-01
1.191376206669367e-01
1.191411491466083e-01
1.191446694755298e-01
1.191481816531135e-01
1.191516856787719e-01
1.191551815519173e-01
1.191586692719620e-01
1.191621488383185e-01
1.191656202503991e-01
1.191690835076161e-01
1.191725386093819e-01
1.191759855551089e-01
1.191794243442095e-01
1.191828549760960e-01
1.191862774501808e-01
1.191896917658762e-01
1.191930979225947e-01
1.191964959197485e-01
1.191998857567500e-01
1.192032674330117e-01
1.192066409479458e-01
1.192100063009648e-01
1.192133634914810e-01
1.192167125189068e-01
1.192200533826544e-01
1.192233860821364e-01
1.192267106167651e-01
1.192300269859528e-01
1.192333351891118e-01
1.192366352256547e-01
1.192399270949936e-01
1.192432107965411e-01
1.192464863297094e-01
1.192497536939109e-01
1.192530128885581e-01
1.192562639130631e-01
1.192595067668385e-01
1.192627414492966e-01
1.192659679598497e-01
1.192691862979102e-01
1.192723964628905e-01
1.192755984542029e-01
1.192787922712599e-01
1.192819779134737e-01
1.192851553802567e-01
1.192883246710214e-01
1.192914857851800e-01
1.192946387221450e-01
1.192977834813286e-01
1.193009200621434e-01
1.193040484692787e-01
1.193071687285331e-01
1.193102808709822e-01
1.193133849277016e-01
1.193164809297668e-01
1.193195689082537e-01
1.193226488942376e-01
1.193257209187944e-01
1.193287850129995e-01
1.193318412079287e-01
1.193348895346575e-01
1.193379300242615e-01
1.193409627078165e-01
1.193439876163979e-01
1.193470047810815e-01
1.193500142329428e-01
1.193530160030575e-01
1.193560101225012e-01
1.193589966223494e-01
1.193619755336779e-01
1.193649468875623e-01
1.193679107150781e-01
1.193708670473010e-01
1.193738159153067e-01
1.193767573501706e-01
1.193796913829686e-01
1.193826180447761e-01
1.193855373666688e-01
1.193884493797223e-01
1.193913541150123e-01
1.193942516036143e-01
1.193971418766040e-01
1.194000249650570e-01
1.194029009000489e-01
1.194057697126554e-01
1.194086314339521e-01
1.194114860950145e-01
1.194143337269183e-01
1.194171743607392e-01
1.194200080275527e-01
1.194228347584346e-01
1.194256545844603e-01
1.194284675367055e-01
1.194312736462458e-01
1.194340729441569e-01
1.194368654615144e-01
1.194396512293939e-01
1.194424302788710e-01
1.194452026410213e-01
1.194479683469205e-01
1.194507274276442e-01
1.194534799142680e-01
1.194562258378676e-01
1.194589652295184e-01
1.194616981202963e-01
1.194644245412767e-01
1.194671445235354e-01
1.194698580981478e-01
1.194725652961898e-01
1.194752661487368e-01
1.194779606868645e-01
1.194806489416485e-01
1.194833309441644e-01
1.194860067254879e-01
1.194886763166946e-01
1.194913397488601e-01
1.194939970530600e-01
1.194966482603700e-01
1.194992934018656e-01
1.195019325086225e-01
1.195045656117163e-01
1.195071927422227e-01
1.195098139312172e-01
1.195124292097754e-01
1.195150386089731e-01
1.195176421598857e-01
1.195202398935890e-01
1.195228318411586e-01
1.195254180336700e-01
1.195279985021989e-01
1.195305732778210e-01
1.195331423916118e-01
1.195357058746469e-01
1.195382637580020e-01
1.195408160727527e-01
1.195433628499747e-01
1.195459041207435e-01
1.195484399161347e-01
1.195509702672241e-01
1.195534952050871e-01
1.195560147607995e-01
1.195585289654369e-01
1.195610378500748e-01
1.195635414457889e-01
1.195660397836548e-01
1.195685328947481e-01
1.195710208101445e-01
1.195735035609196e-01
1.195759811781490e-01
1.195784536929082e-01
1.195809211362731e-01
1.195833835393191e-01
1.195858409331219e-01
1.195882933487570e-01
1.195907408173002e-01
1.195931833698271e-01
1.195956210374132e-01
1.195980538511342e-01
1.196004818405958e-01
1.196029050172387e-01
1.196053233802524e-01
1.196077369285966e-01
1.196101456612312e-01
1.196125495771161e-01
1.196149486752110e-01
1.196173429544759e-01
1.196197324138706e-01
1.196221170523549e-01
1.196244968688887e-01
1.196268718624318e-01
1.196292420319441e-01
1.196316073763853e-01
1.196339678947154e-01
1.196363235858943e-01
1.196386744488816e-01
1.196410204826373e-01
1.196433616861212e-01
1.196456980582932e-01
1.196480295981132e-01
1.196503563045408e-01
1.196526781765361e-01
1.196549952130588e-01
1.196573074130688e-01
1.196596147755259e-01
1.196619172993900e-01
1.196642149836209e-01
1.196665078271785e-01
1.196687958290226e-01
1.196710789881130e-01
1.196733573034097e-01
1.196756307738723e-01
1.196778993984609e-01
1.196801631761352e-01
1.196824221058550e-01
1.196846761865803e-01
1.196869254172708e-01
1.196891697968864e-01
1.196914093243870e-01
1.196936439987323e-01
1.196958738188823e-01
1.196980987837968e-01
1.197003188924356e-01
1.197025341437585e-01
1.197047445367255e-01
1.197069500702963e-01
1.197091507434308e-01
1.197113465550889e-01
1.197135375042303e-01
1.197157235898150e-01
1.197179048108027e-01
1.197200811661534e-01
1.197222526548268e-01
1.197244192757828e-01
1.197265810279813e-01
1.197287379103821e-01
1.197308899219450e-01
1.197330370616299e-01
1.197351793283966e-01
1.197373167212050e-01
1.197394492390149e-01
1.197415768807861e-01
1.197436996454786e-01
1.197458175320521e-01
1.197479305394665e-01
1.197500386666816e-01
1.197521419126573e-01
1.197542402763534e-01
1.197563337567298e-01
1.197584223527463e-01
1.197605060633627e-01
1.197625848875390e-01
1.197646588242348e-01
1.197667278724102e-01
1.197687920310249e-01
1.197708512990387e-01
1.197729056754116e-01
1.197749551591034e-01
1.197769997490738e-01
1.197790394442828e-01
1.197810742436902e-01
1.197831041462558e-01
1.197851291509395e-01
1.197871492567012e-01
1.197891644625006e-01
1.197911747672976e-01
1.197931801700520e-01
1.197951806697238e-01
1.197971762652727e-01
1.197991669556586e-01
1.198011527398413e-01
1.198031336167807e-01
1.198051095854367e-01
1.198070806447689e-01
1.198090467937374e-01
1.198110080313020e-01
1.198129643564224e-01
1.198149157680586e-01
1.198168622651704e-01
1.198188038467176e-01
1.198207405116600e-01
1.198226722589576e-01
1.198245990875701e-01
1.198265209964575e-01
1.198284379845795e-01
1.198303500508960e-01
1.198322571943668e-01
1.198341594140156e-01
1.198360567138041e-01
1.198379491060639e-01
1.198398366039378e-01
1.198417192205683e-01
1.198435969690980e-01
1.198454698626695e-01
1.198473379144254e-01
1.198492011375082e-01
1.198510595450606e-01
1.198529131502251e-01
1.198547619661443e-01
1.198566060059609e-01
1.198584452828173e-01
1.198602798098563e-01
1.198621096002203e-01
1.198639346670519e-01
1.198657550234938e-01
1.198675706826886e-01
1.198693816577787e-01
1.198711879619069e-01
1.198729896082157e-01
1.198747866098477e-01
1.198765789799454e-01
1.198783667316515e-01
1.198801498781086e-01
1.198819284324592e-01
1.198837024078459e-01
1.198854718174114e-01
1.198872366742981e-01
1.198889969916487e-01
1.198907527826058e-01
1.198925040603120e-01
1.198942508379098e-01
1.198959931285419e-01
1.198977309453508e-01
1.198994643014791e-01
1.199011932100694e-01
1.199029176842643e-01
1.199046377372064e-01
1.199063533820382e-01
1.199080646319024e-01
1.199097714999415e-01
1.199114739992982e-01
1.199131721431150e-01
1.199148659445345e-01
1.199165554166992e-01
1.199182405727519e-01
1.199199214258350e-01
1.199215979890912e-01
1.199232702756630e-01
1.199249382986931e-01
1.199266020713239e-01
1.199282616066982e-01
1.199299169179585e-01
1.199315680182473e-01
1.199332149207073e-01
1.199348576384811e-01
1.199364961847112e-01
1.199381305725403e-01
1.199397608151108e-01
1.199413869255655e-01
1.199430089170469e-01
1.199446268026975e-01
1.199462405956600e-01
1.199478503090770e-01
1.199494559560911e-01
1.199510575498447e-01
1.199526551034806e-01
1.199542486301413e-01
1.199558381429694e-01
1.199574236551074e-01
1.199590051796981e-01
1.199605827298838e-01
1.199621563188074e-01
1.199637259596113e-01
1.199652916654381e-01
1.199668534494304e-01
1.199684113247308e-01
1.199699653044819e-01
1.199715154018262e-01
1.199730616299065e-01
1.199746040018651e-01
1.199761425308448e-01
1.199776772299882e-01
1.199792081124377e-01
1.199807351913360e-01
1.199822584798258e-01
1.199837779910495e-01
1.199852937381497e-01
1.199868057342692e-01
1.199883139925503e-01
1.199898185261358e-01
1.199913193481682e-01
1.199928164717901e-01
1.199943099101440e-01
1.199957996763727e-01
1.199972857836186e-01
1.199987682450244e-01
1.200002470737326e-01
1.200017222828858e-01
1.200031938856266e-01
1.200046618950977e-01
1.200061263244415e-01
1.200075871868007e-01
1.200090444953179e-01
1.200104982631356e-01
1.200119485033965e-01
1.200133952292431e-01
1.200148384538180e-01
1.200162781902639e-01
1.200177144517232e-01
1.200191472513385e-01
1.200205766022526e-01
1.200220025176079e-01
1.200234250105470e-01
1.200248440942126e-01
1.200262597817472e-01
1.200276720862934e-01
1.200290810209938e-01
1.200304865989910e-01
1.200318888334275e-01
1.200332877374460e-01
1.200346833241890e-01
1.200360756067992e-01
1.200374645984191e-01
1.200388503121913e-01
1.200402327612583e-01
1.200416119587629e-01
1.200429879178475e-01
1.200443606516548e-01
1.200457301733274e-01
1.200470964960077e-01
1.200484596328385e-01
1.200498195969623e-01
1.200511764015217e-01
1.200525300596593e-01
1.200538805845176e-01
1.200552279892393e-01
1.200565722869669e-01
1.200579134908431e-01
1.200592516140104e-01
1.200605866696114e-01
1.200619186707887e-01
1.200632476306849e-01
1.200645735624426e-01
1.200658964792043e-01
1.200672163941126e-01
1.200685333203103e-01
1.200698472709397e-01
1.200711582591435e-01
1.200724662980643e-01
1.200737714008448e-01
1.200750735806273e-01
1.200763728505547e-01
1.200776692237694e-01
1.200789627134140e-01
1.200802533326312e-01
1.200815410945635e-01
1.200828260123534e-01
1.200841080991437e-01
1.200853873680768e-01
1.200866638322954e-01
1.200879375049420e-01
1.200892083991593e-01
1.200904765280898e-01
1.200917419048761e-01
1.200930045426609e-01
1.200942644545866e-01
1.200955216537959e-01
1.200967761534313e-01
1.200980279666355e-01
1.200992771065510e-01
1.201005235863205e-01
1.201017674190865e-01
1.201030086179916e-01
1.201042471961783e-01
1.201054831667894e-01
1.201067165429673e-01
1.201079473378547e-01
1.201091755645941e-01
1.201104012363281e-01
1.201116243661993e-01
1.201128449673504e-01
1.201140630529238e-01
1.201152786360623e-01
1.201164917299082e-01
1.201177023476044e-01
1.201189105022933e-01
1.201201162071175e-01
1.201213194752196e-01
1.201225203197422e-01
1.201237187538280e-01
1.201249147906194e-01
1.201261084432591e-01
1.201272997248896e-01
1.201284886486536e-01
1.201296752276936e-01
1.201308594751522e-01
1.201320414041720e-01
1.201332210278957e-01
1.201343983594657e-01
1.201355734120246e-01
1.201367461987152e-01
1.201379167326798e-01
1.201390850270613e-01
1.201402510950020e-01
1.201414149496446e-01
1.201425766041318e-01
1.201437360716060e-01
1.201448933652099e-01
1.201460484980860e-01
1.201472014833770e-01
1.201483523342254e-01
1.201495010637739e-01
1.201506476851649e-01
1.201517922115412e-01
1.201529346557047e-01
1.201540750253630e-01
1.201552133243016e-01
1.201563495562051e-01
1.201574837247584e-01
1.201586158336459e-01
1.201597458865524e-01
1.201608738871626e-01
1.201619998391611e-01
1.201631237462326e-01
1.201642456120618e-01
1.201653654403334e-01
1.201664832347320e-01
1.201675989989423e-01
1.201687127366490e-01
1.201698244515368e-01
1.201709341472902e-01
1.201720418275941e-01
1.201731474961331e-01
1.201742511565918e-01
1.201753528126549e-01
1.201764524680071e-01
1.201775501263331e-01
1.201786457913176e-01
1.201797394666451e-01
1.201808311560004e-01
1.201819208630682e-01
1.201830085915332e-01
1.201840943450799e-01
1.201851781273932e-01
1.201862599421576e-01
1.201873397930578e-01
1.201884176837785e-01
1.201894936180044e-01
1.201905675994202e-01
1.201916396317105e-01
1.201927097185600e-01
1.201937778636533e-01
1.201948440706753e-01
1.201959083433104e-01
1.201969706852434e-01
1.201980311001590e-01
1.201990895917418e-01
1.202001461636766e-01
1.202012008196479e-01
1.202022535633405e-01
1.202033043984391e-01
1.202043533286282e-01
1.202054003575927e-01
1.202064454890170e-01
1.202074887265861e-01
1.202085300739844e-01
1.202095695348967e-01
1.202106071130076e-01
1.202116428120019e-01
1.202126766355642e-01
1.202137085873791e-01
1.202147386711314e-01
1.202157668905058e-01
1.202167932491868e-01
1.202178177508591e-01
1.202188403992075e-01
1.202198611979167e-01
1.202208801506712e-01
1.202218972611558e-01
1.202229125330551e-01
1.202239259700538e-01
1.202249375758366e-01
1.202259473540881e-01
1.202269553084931e-01
1.202279614427362e-01
1.202289657605021e-01
1.202299682654754e-01
1.202309689613408e-01
1.202319678517830e-01
1.202329649404867e-01
1.202339602311366e-01
1.202349537274173e-01
1.202359454330134e-01
1.202369353516097e-01
1.202379234868909e-01
1.202389098425416e-01
1.202398944222464e-01
1.202408772296901e-01
1.202418582685574e-01
1.202428375425329e-01
1.202438150553012e-01
1.202447908105471e-01
1.202457648119552e-01
1.202467370632102e-01
1.202477075679968e-01
1.202486763299997e-01
1.202496433529034e-01
1.202506086403928e-01
1.202515721961524e-01
1.202525340238670e-01
1.202534941272212e-01
1.202544525098997e-01
1.202554091755871e-01
1.202563641279682e-01
1.202573173707276e-01
1.202582689075500e-01
1.202592187421200e-01
1.202601668781224e-01
1.202611133192417e-01
1.202620580691628e-01
1.202630011315702e-01
1.202639425101486e-01
1.202648822085828e-01
1.202658202305573e-01
1.202667565797568e-01
1.202676912598661e-01
1.202686242745697e-01
1.202695556275525e-01
1.202704853224990e-01
1.202714133630938e-01
1.202723397530218e-01
1.202732644959676e-01
1.202741875956157e-01
1.202751090556510e-01
1.202760288797581e-01
1.202769470716216e-01
1.202778636349263e-01
1.202787785733567e-01
1.202796918905977e-01
1.202806035903338e-01
1.202815136762497e-01
1.202824221520301e-01
1.202833290213597e-01
1.202842342879231e-01
1.202851379554050e-01
1.202860400274902e-01
1.202869405078632e-01
1.202878394002087e-01
1.202887367082115e-01
1.202896324355561e-01
1.202905265859273e-01
1.202914191630098e-01
1.202923101704881e-01
1.202931996120471e-01
1.202940874913712e-01
1.202949738121454e-01
1.202958585780541e-01
1.202967417927821e-01
1.202976234600140e-01
1.202985035834346e-01
1.202993821667284e-01
1.203002592135803e-01
1.203011347276748e-01
1.203020087126966e-01
1.203028811723303e-01
1.203037521102608e-01
1.203046215301726e-01
1.203054894357504e-01
1.203063558306789e-01
1.203072207186427e-01
1.203080841033266e-01
1.203089459884152e-01
1.203098063775932e-01
1.203106652745452e-01
1.203115226829559e-01
1.203123786065101e-01
1.203132330488923e-01
1.203140860137873e-01
1.203149375048797e-01
1.203157875258542e-01
1.203166360803954e-01
1.203174831721881e-01
1.203183288049170e-01
1.203191729822666e-01
1.203200157079216e-01
1.203208569855668e-01
1.203216968188869e-01
1.203225352115664e-01
1.203233721672900e-01
1.203242076897425e-01
1.203250417826085e-01
1.203258744495727e-01
1.203267056943197e-01
1.203275355205343e-01
1.203283639319010e-01
1.203291909321047e-01
1.203300165248298e-01
1.203308407137612e-01
1.203316635025835e-01
1.203324848949814e-01
1.203333048946395e-01
1.203341235052425e-01
1.203349407304751e-01
1.203357565740220e-01
1.203365710395678e-01
1.203373841307972e-01
1.203381958513949e-01
1.203390062050455e-01
1.203398151954338e-01
1.203406228262444e-01
1.203414291011619e-01
1.203422340238711e-01
1.203430375980567e-01
1.203438398274032e-01
1.203446407155954e-01
1.203454402663180e-01
1.203462384832555e-01
1.203470353700928e-01
1.203478309305144e-01
1.203486251682051e-01
1.203494180868495e-01
1.203502096901322e-01
1.203509999817381e-01
1.203517889653516e-01
1.203525766446576e-01
1.203533630233406e-01
1.203541481050854e-01
1.203549318935767e-01
1.203557143924990e-01
1.203564956055371e-01
1.203572755363757e-01
1.203580541886994e-01
1.203588315661929e-01
1.203596076725408e-01
1.203603825114279e-01
1.203611560865388e-01
1.203619284015582e-01
1.203626994601708e-01
1.203634692660612e-01
1.203642378229141e-01
1.203650051344142e-01
1.203657712042462e-01
1.203665360360947e-01
1.203672996336444e-01
1.203680620005800e-01
1.203688231405861e-01
1.203695830573475e-01
1.203703417545487e-01
1.203710992358746e-01
1.203718555050097e-01
1.203726105656387e-01
1.203733644214463e-01
1.203741170761172e-01
1.203748685333360e-01
1.203756187967874e-01
1.203763678701561e-01
1.203771157571268e-01
1.203778624613841e-01
1.203786079866128e-01
1.203793523364974e-01
1.203800955147227e-01
1.203808375249733e-01
1.203815783709339e-01
1.203823180562892e-01
1.203830565847238e-01
1.203837939599225e-01
1.203845301855699e-01
1.203852652653506e-01
1.203859992029494e-01
1.203867320020509e-01
1.203874636663398e-01
1.203881941995008e-01
1.203889236052185e-01
1.203896518871776e-01
1.203903790490628e-01
1.203911050945588e-01
1.203918300273502e-01
1.203925538511217e-01
1.203932765695580e-01
1.203939981863438e-01
1.203947187051636e-01
1.203954381297023e-01
1.203961564636445e-01
1.203968737106748e-01
1.203975898744780e-01
1.203983049587386e-01
1.203990189671414e-01
1.203997319033711e-01
1.204004437711123e-01
1.204011545740496e-01
1.204018643158679e-01
1.204025730002516e-01
1.204032806308856e-01
1.204039872114545e-01
1.204046927456429e-01
1.204053972371356e-01
1.204061006896172e-01
1.204068031067723e-01
1.204075044922857e-01
1.204082048498421e-01
1.204089041831260e-01
1.204096024958222e-01
1.204102997916154e-01
1.204109960741902e-01
1.204116913472313e-01
1.204123856144233e-01
1.204130788794510e-01
1.204137711459991e-01
1.204144624177521e-01
1.204151526983948e-01
1.204158419916118e-01
1.204165303010878e-01
1.204172176305075e-01
1.204179039835556e-01
1.204185893639167e-01
1.204192737752755e-01
1.204199572213167e-01
1.204206397057249e-01
1.204213212321849e-01
1.204220018043812e-01
1.204226814259987e-01
1.204233601007219e-01
1.204240378322355e-01
1.204247146242242e-01
1.204253904803727e-01
1.204260654043656e-01
1.204267393998876e-01
1.204274124706234e-01
1.204280846202577e-01
1.204287558524751e-01
1.204294261709604e-01
1.204300955793981e-01
1.204307640814730e-01
1.204314316808697e-01
1.204320983812729e-01
1.204327641863673e-01
1.204334290998375e-01
1.204340931253683e-01
1.204347562666442e-01
1.204354185273501e-01
1.204360799111705e-01
1.204367404217901e-01
1.204374000628936e-01
1.204380588381656e-01
1.204387167512909e-01
1.204393738059542e-01
1.204400300058400e-01
1.204406853546330e-01
1.204413398560180e-01
1.204419935136797e-01
1.204426463313026e-01
1.204432983125714e-01
1.204439494611709e-01
1.204445997807857e-01
1.204452492751004e-01
1.204458979477999e-01
1.204465458025686e-01
1.204471928430913e-01
1.204478390730527e-01
1.204484844961375e-01
1.204491291160303e-01
1.204497729364157e-01
1.204504159609786e-01
1.204510581934034e-01
1.204516996373750e-01
1.204523402965780e-01
1.204529801746970e-01
1.204536192754168e-01
1.204542576024219e-01
1.204548951593972e-01
1.204555319500272e-01
1.204561679779966e-01
1.204568032469902e-01
1.204574377606925e-01
1.204580715227882e-01
1.204587045369621e-01
1.204593368068988e-01
1.204599683362829e-01
1.204605991287992e-01
1.204612291881323e-01
1.204618585179669e-01
1.204624871219877e-01
1.204631150038793e-01
1.204637421673264e-01
1.204643686160137e-01
1.204649943536259e-01
1.204656193838476e-01
1.204662437103635e-01
1.204668673368582e-01
1.204674902670166e-01
1.204681125045231e-01
1.204687340530626e-01
1.204693549163196e-01
1.204699750979789e-01
1.204705946017251e-01
1.204712134312429e-01
1.204718315902169e-01
1.204724490823320e-01
1.204730659112726e-01
1.204736820807235e-01
1.204742975943694e-01
1.204749124558949e-01
1.204755266689847e-01
1.204761402373235e-01
1.204767531645959e-01
1.204773654544867e-01
1.204779771106805e-01
1.204785881368620e-01
1.204791985367158e-01
1.204798083139267e-01
1.204804174721792e-01
1.204810260151582e-01
1.204816339465481e-01
1.204822412700338e-01
1.204828479892999e-01
1.204834541080310e-01
1.204840596299119e-01
1.204846645586272e-01
1.204852688978616e-01
1.204858726512998e-01
1.204864758226264e-01
1.204870784155261e-01
1.204876804336836e-01
1.204882818807835e-01
1.204888827605106e-01
1.204894830765494e-01
1.204900828325848e-01
1.204906820323013e-01
1.204912806793836e-01
1.204918787775164e-01
1.204924763303844e-01
1.204930733416722e-01
1.204936698150646e-01
1.204942657542461e-01
1.204948611629015e-01
1.204954560447155e-01
1.204960504033726e-01
1.204966442425577e-01
1.204972375659553e-01
1.204978303772501e-01
1.204984226801269e-01
1.204990144782702e-01
1.204996057753648e-01
1.205001965750953e-01
1.205007868811464e-01
1.205013766972028e-01
1.205019660269492e-01
1.205025548740646e-01
1.205031432410668e-01
1.205037311278815e-01
1.205043185340838e-01
1.205049054592488e-01
1.205054919029517e-01
1.205060778647675e-01
1.205066633442715e-01
1.205072483410386e-01
1.205078328546440e-01
1.205084168846628e-01
1.205090004306702e-01
1.205095834922412e-01
1.205101660689510e-01
1.205107481603747e-01
1.205113297660873e-01
1.205119108856641e-01
1.205124915186801e-01
1.205130716647105e-01
1.205136513233303e-01
1.205142304941147e-01
1.205148091766388e-01
1.205153873704777e-01
1.205159650752065e-01
1.205165422904003e-01
1.205171190156343e-01
1.205176952504836e-01
1.205182709945233e-01
1.205188462473284e-01
1.205194210084742e-01
1.205199952775357e-01
1.205205690540880e-01
1.205211423377063e-01
1.205217151279656e-01
1.205222874244412e-01
1.205228592267081e-01
1.205234305343413e-01
1.205240013469161e-01
1.205245716640076e-01
1.205251414851908e-01
1.205257108100409e-01
1.205262796381330e-01
1.205268479690423e-01
1.205274158023437e-01
1.205279831376125e-01
1.205285499744237e-01
1.205291163123526e-01
1.205296821509741e-01
1.205302474898634e-01
1.205308123285956e-01
1.205313766667459e-01
1.205319405038893e-01
1.205325038396010e-01
1.205330666734560e-01
1.205336290050296e-01
1.205341908338967e-01
1.205347521596326e-01
1.205353129818123e-01
1.205358733000110e-01
1.205364331138038e-01
1.205369924227657e-01
1.205375512264720e-01
1.205381095244976e-01
1.205386673164178e-01
1.205392246018077e-01
1.205397813802423e-01
1.205403376512968e-01
1.205408934145463e-01
1.205414486695659e-01
1.205420034159307e-01
1.205425576532158e-01
1.205431113809964e-01
1.205436645988476e-01
1.205442173063445e-01
1.205447695030622e-01
1.205453211885757e-01
1.205458723624604e-01
1.205464230242911e-01
1.205469731736432e-01
1.205475228100916e-01
1.205480719332115e-01
1.205486205425780e-01
1.205491686377662e-01
1.205497162183513e-01
1.205502632839083e-01
1.205508098340124e-01
1.205513558682387e-01
1.205519013861622e-01
1.205524463873582e-01
1.205529908714018e-01
1.205535348378679e-01
1.205540782863319e-01
1.205546212163687e-01
1.205551636275535e-01
1.205557055194614e-01
1.205562468916675e-01
1.205567877437470e-01
1.205573280752749e-01
1.205578678858264e-01
1.205584071749765e-01
1.205589459423005e-01
1.205594841873734e-01
1.205600219097703e-01
1.205605591090664e-01
1.205610957848367e-01
1.205616319366564e-01
1.205621675641006e-01
1.205627026667444e-01
1.205632372441629e-01
1.205637712959312e-01
1.205643048216245e-01
1.205648378208179e-01
1.205653702930864e-01
1.205659022380053e-01
1.205664336551496e-01
1.205669645440944e-01
1.205674949044148e-01
1.205680247356860e-01
1.205685540374831e-01
1.205690828093811e-01
1.205696110509553e-01
1.205701387617806e-01
1.205706659414324e-01
1.205711925894855e-01
1.205717187055153e-01
1.205722442890967e-01
1.205727693398049e-01
1.205732938572150e-01
1.205738178409022e-01
1.205743412904415e-01
1.205748642054080e-01
1.205753865853770e-01
1.205759084299234e-01
1.205764297386224e-01
1.205769505110491e-01
1.205774707467787e-01
1.205779904453862e-01
1.205785096064468e-01
1.205790282295356e-01
1.205795463142276e-01
1.205800638600981e-01
1.205805808667221e-01
1.205810973336748e-01
1.205816132605312e-01
1.205821286468664e-01
1.205826434922557e-01
1.205831577962740e-01
1.205836715584966e-01
1.205841847784985e-01
1.205846974558549e-01
1.205852095901408e-01
1.205857211809314e-01
1.205862322278018e-01
1.205867427303271e-01
1.205872526880825e-01
1.205877621006429e-01
1.205882709675837e-01
1.205887792884798e-01
1.205892870629064e-01
1.205897942904385e-01
1.205903009706514e-01
1.205908071031202e-01
1.205913126874199e-01
1.205918177231256e-01
1.205923222098125e-01
1.205928261470558e-01
1.205933295344304e-01
1.205938323715115e-01
1.205943346578743e-01
1.205948363930939e-01
1.205953375767453e-01
1.205958382084037e-01
1.205963382876442e-01
1.205968378140419e-01
1.205973367871719e-01
1.205978352066094e-01
1.205983330719295e-01
1.205988303827072e-01
1.205993271385177e-01
1.205998233389362e-01
1.206003189835376e-01
1.206008140718972e-01
1.206013086035901e-01
1.206018025781913e-01
1.206022959952760e-01
1.206027888544193e-01
1.206032811551963e-01
1.206037728971821e-01
1.206042640799519e-01
1.206047547030808e-01
1.206052447661438e-01
1.206057342687161e-01
1.206062232103728e-01
1.206067115906891e-01
1.206071994092399e-01
1.206076866656006e-01
1.206081733593461e-01
1.206086594900515e-01
1.206091450572921e-01
1.206096300606429e-01
1.206101144996791e-01
1.206105983739756e-01
1.206110816831077e-01
1.206115644266505e-01
1.206120466041791e-01
1.206125282152686e-01
1.206130092594941e-01
1.206134897364308e-01
1.206139696456537e-01
1.206144489867380e-01
1.206149277592587e-01
1.206154059627911e-01
1.206158835969101e-01
1.206163606611910e-01
1.206168371552089e-01
1.206173130785387e-01
1.206177884307558e-01
1.206182632114352e-01
1.206187374201519e-01
1.206192110564812e-01
1.206196841199981e-01
1.206201566102778e-01
1.206206285268953e-01
1.206210998694258e-01
1.206215706374444e-01
1.206220408305262e-01
1.206225104482463e-01
1.206229794901799e-01
1.206234479559021e-01
1.206239158449879e-01
1.206243831570125e-01
1.206248498915510e-01
1.206253160481785e-01
1.206257816264702e-01
1.206262466260011e-01
1.206267110463463e-01
1.206271748870811e-01
1.206276381477804e-01
1.206281008280195e-01
1.206285629273733e-01
1.206290244454172e-01
1.206294853817260e-01
1.206299457358751e-01
1.206304055074394e-01
1.206308646959941e-01
1.206313233011144e-01
1.206317813223753e-01
1.206322387593519e-01
1.206326956116194e-01
1.206331518787529e-01
1.206336075603274e-01
1.206340626559182e-01
1.206345171651003e-01
1.206349710874488e-01
1.206354244225390e-01
1.206358771699457e-01
1.206363293292443e-01
1.206367809000097e-01
1.206372318818172e-01
1.206376822742418e-01
1.206381320768586e-01
1.206385812892428e-01
1.206390299109695e-01
1.206394779416138e-01
1.206399253807508e-01
1.206403722279556e-01
1.206408184828033e-01
1.206412641448691e-01
1.206417092137281e-01
1.206421536889553e-01
1.206425975701260e-01
1.206430408568152e-01
1.206434835485980e-01
1.206439256450495e-01
1.206443671457449e-01
1.206448080502593e-01
1.206452483581677e-01
1.206456880690454e-01
1.206461271824674e-01
1.206465656980089e-01
1.206470036152448e-01
1.206474409337505e-01
1.206478776531009e-01
1.206483137728713e-01
1.206487492926366e-01
1.206491842119721e-01
1.206496185304528e-01
1.206500522476539e-01
1.206504853631505e-01
1.206509178765176e-01
1.206513497873305e-01
1.206517810951642e-01
1.206522117995938e-01
1.206526419001945e-01
1.206530713965413e-01
1.206535002882094e-01
1.206539285747739e-01
1.206543562558099e-01
1.206547833308926e-01
1.206552097995970e-01
1.206556356614982e-01
1.206560609161715e-01
1.206564855631918e-01
1.206569096021343e-01
1.206573330325742e-01
1.206577558540864e-01
1.206581780662462e-01
1.206585996686287e-01
1.206590206608090e-01
1.206594410423622e-01
1.206598608128634e-01
1.206602799718877e-01
1.206606985190102e-01
1.206611164538061e-01
1.206615337758505e-01
1.206619504847185e-01
1.206623665799852e-01
1.206627820612256e-01
1.206631969280151e-01
1.206636111799285e-01
1.206640248165412e-01
1.206644378374281e-01
1.206648502421644e-01
1.206652620303252e-01
1.206656732014857e-01
1.206660837552209e-01
1.206664936911059e-01
1.206669030087159e-01
1.206673117076260e-01
1.206677197874114e-01
1.206681272476470e-01
1.206685340879080e-01
1.206689403077696e-01
1.206693459068069e-01
1.206697508845950e-01
1.206701552407089e-01
1.206705589747239e-01
1.206709620862149e-01
1.206713645747572e-01
1.206717664399259e-01
1.206721676812961e-01
1.206725682984428e-01
1.206729682909412e-01
1.206733676583664e-01
1.206737664002936e-01
1.206741645162979e-01
1.206745620059542e-01
1.206749588688379e-01
1.206753551045240e-01
1.206757507125875e-01
1.206761456926037e-01
1.206765400441476e-01
1.206769337667944e-01
1.206773268601192e-01
1.206777193236970e-01
1.206781111571030e-01
1.206785023599124e-01
1.206788929317002e-01
1.206792828720415e-01
1.206796721805115e-01
1.206800608566852e-01
1.206804489001379e-01
1.206808363104446e-01
1.206812230871803e-01
1.206816092299204e-01
1.206819947382397e-01
1.206823796117136e-01
1.206827638499170e-01
1.206831474524251e-01
1.206835304188131e-01
1.206839127486559e-01
1.206842944415289e-01
1.206846754970069e-01
1.206850559146653e-01
1.206854356940790e-01
1.206858148348233e-01
1.206861933364731e-01
1.206865711986037e-01
1.206869484207902e-01
1.206873250026076e-01
1.206877009436311e-01
1.206880762434358e-01
1.206884509015968e-01
1.206888249176893e-01
1.206891982912883e-01
1.206895710219689e-01
1.206899431093063e-01
1.206903145528756e-01
1.206906853522520e-01
1.206910555070104e-01
1.206914250167261e-01
1.206917938809741e-01
1.206921620993296e-01
1.206925296713676e-01
1.206928965966634e-01
1.206932628747920e-01
1.206936285053285e-01
1.206939934878480e-01
1.206943578219257e-01
1.206947215071367e-01
1.206950845430561e-01
1.206954469292589e-01
1.206958086653204e-01
1.206961697508157e-01
1.206965301853197e-01
1.206968899684078e-01
1.206972490996549e-01
1.206976075786362e-01
1.206979654049268e-01
1.206983225781019e-01
1.206986790977365e-01
1.206990349634057e-01
1.206993901746847e-01
1.206997447311486e-01
1.207000986323725e-01
1.207004518779316e-01
1.207008044674008e-01
1.207011564003554e-01
1.207015076763705e-01
1.207018582950212e-01
1.207022082558825e-01
1.207025575585297e-01
1.207029062025377e-01
1.207032541874819e-01
1.207036015129371e-01
1.207039481784787e-01
1.207042941836816e-01
1.207046395281210e-01
1.207049842113721e-01
1.207053282330099e-01
1.207056715926095e-01
1.207060142897461e-01
1.207063563239948e-01
1.207066976949306e-01
1.207070384021288e-01
1.207073784451644e-01
1.207077178236125e-01
1.207080565370483e-01
1.207083945850469e-01
1.207087319671833e-01
1.207090686830328e-01
1.207094047321703e-01
1.207097401141711e-01
1.207100748286103e-01
1.207104088750629e-01
1.207107422531040e-01
1.207110749623089e-01
1.207114070022526e-01
1.207117383725102e-01
1.207120690726568e-01
1.207123991022676e-01
1.207127284609177e-01
1.207130571481821e-01
1.207133851636360e-01
1.207137125068546e-01
1.207140391774129e-01
1.207143651748860e-01
1.207146904988491e-01
1.207150151488773e-01
1.207153391245456e-01
1.207156624254293e-01
1.207159850511034e-01
1.207163070011430e-01
1.207166282751233e-01
1.207169488726193e-01
1.207172687932062e-01
1.207175880364592e-01
1.207179066019532e-01
1.207182244892634e-01
1.207185416979651e-01
1.207188582276331e-01
1.207191740778428e-01
1.207194892481691e-01
1.207198037381872e-01
1.207201175474723e-01
1.207204306755994e-01
1.207207431221436e-01
1.207210548866801e-01
1.207213659687840e-01
1.207216763680304e-01
1.207219860839944e-01
1.207222951162511e-01
1.207226034643757e-01
1.207229111279432e-01
1.207232181065288e-01
1.207235243997076e-01
1.207238300070547e-01
1.207241349281452e-01
1.207244391625543e-01
1.207247427098570e-01
1.207250455696284e-01
1.207253477414438e-01
1.207256492248781e-01
1.207259500195066e-01
1.207262501249043e-01
1.207265495406463e-01
1.207268482663078e-01
1.207271463014638e-01
1.207274436456895e-01
1.207277402985601e-01
1.207280362596505e-01
1.207283315285360e-01
1.207286261047917e-01
1.207289199879926e-01
1.207292131777138e-01
1.207295056735306e-01
1.207297974750180e-01
1.207300885817511e-01
1.207303789933051e-01
1.207306687092550e-01
1.207309577291760e-01
1.207312460526431e-01
1.207315336792316e-01
1.207318206085165e-01
1.207321068400729e-01
1.207323923734760e-01
1.207326772083008e-01
1.207329613441225e-01
1.207332447805162e-01
1.207335275170570e-01
1.207338095533200e-01
1.207340908888804e-01
1.207343715233132e-01
1.207346514561936e-01
1.207349306870967e-01
1.207352092155976e-01
1.207354870412714e-01
1.207357641636932e-01
1.207360405824382e-01
1.207363162970815e-01
1.207365913071981e-01
1.207368656123632e-01
1.207371392121519e-01
1.207374121061393e-01
1.207376842939006e-01
1.207379557750108e-01
1.207382265490451e-01
1.207384966155786e-01
1.207387659741864e-01
1.207390346244436e-01
1.207393025659253e-01
1.207395697982067e-01
1.207398363208628e-01
1.207401021334688e-01
1.207403672355998e-01
1.207406316268309e-01
1.207408953067373e-01
1.207411582748939e-01
1.207414205308761e-01
1.207416820742588e-01
1.207419429046171e-01
1.207422030215263e-01
1.207424624245614e-01
1.207427211132975e-01
1.207429790873097e-01
1.207432363461732e-01
1.207434928894631e-01
1.207437487167545e-01
1.207440038276225e-01
1.207442582216422e-01
1.207445118983888e-01
1.207447648574373e-01
1.207450170983628e-01
1.207452686207405e-01
1.207455194241456e-01
1.207457695081530e-01
1.207460188723380e-01
1.207462675162756e-01
1.207465154395410e-01
1.207467626417093e-01
1.207470091223555e-01
1.207472548810549e-01
1.207474999173824e-01
1.207477442309133e-01
1.207479878212227e-01
1.207482306878856e-01
1.207484728304772e-01
1.207487142485726e-01
1.207489549417469e-01
1.207491949095752e-01
1.207494341516327e-01
1.207496726674945e-01
1.207499104567356e-01
1.207501475189312e-01
1.207503838536563e-01
1.207506194604863e-01
1.207508543389960e-01
1.207510884887607e-01
1.207513219093555e-01
1.207515546003554e-01
1.207517865613356e-01
1.207520177918713e-01
1.207522482915375e-01
1.207524780599093e-01
1.207527070965618e-01
1.207529354010703e-01
1.207531629730097e-01
1.207533898119552e-01
1.207536159174820e-01
1.207538412891651e-01
1.207540659265796e-01
1.207542898293007e-01
1.207545129969035e-01
1.207547354289630e-01
1.207549571250545e-01
1.207551780847530e-01
1.207553983076336e-01
1.207556177932715e-01
1.207558365412418e-01
1.207560545511195e-01
1.207562718224799e-01
1.207564883548980e-01
1.207567041479489e-01
1.207569192012077e-01
1.207571335142496e-01
1.207573470866497e-01
1.207575599179831e-01
1.207577720078248e-01
1.207579833557502e-01
1.207581939613341e-01
1.207584038241518e-01
1.207586129437784e-01
1.207588213197889e-01
1.207590289517586e-01
1.207592358392624e-01
1.207594419818756e-01
1.207596473791733e-01
1.207598520307305e-01
1.207600559361224e-01
1.207602590949240e-01
1.207604615067106e-01
1.207606631710572e-01
1.207608640875390e-01
1.207610642557310e-01
1.207612636752083e-01
1.207614623455462e-01
1.207616602663196e-01
1.207618574371038e-01
1.207620538574738e-01
1.207622495270047e-01
1.207624444452717e-01
1.207626386118498e-01
1.207628320263143e-01
1.207630246882402e-01
1.207632165972025e-01
1.207634077527766e-01
1.207635981545373e-01
1.207637878020600e-01
1.207639766949196e-01
1.207641648326913e-01
1.207643522149502e-01
1.207645388412715e-01
1.207647247112302e-01
1.207649098244015e-01
1.207650941803604e-01
1.207652777786821e-01
1.207654606189418e-01
1.207656427007144e-01
1.207658240235752e-01
1.207660045870992e-01
1.207661843908616e-01
1.207663634344375e-01
1.207665417174020e-01
1.207667192393302e-01
1.207668959997972e-01
1.207670719983781e-01
1.207672472346482e-01
1.207674217081824e-01
1.207675954185558e-01
1.207677683653437e-01
1.207679405481211e-01
1.207681119664632e-01
1.207682826199449e-01
1.207684525081416e-01
1.207686216306282e-01
1.207687899869799e-01
1.207689575767719e-01
1.207691243995791e-01
1.207692904549768e-01
1.207694557425401e-01
1.207696202618440e-01
1.207697840124637e-01
1.207699469939744e-01
1.207701092059510e-01
1.207702706479688e-01
1.207704313196028e-01
1.207705912204282e-01
1.207707503500200e-01
1.207709087079535e-01
1.207710662938036e-01
1.207712231071456e-01
1.207713791475546e-01
1.207715344146056e-01
1.207716889078737e-01
1.207718426269341e-01
1.207719955713620e-01
1.207721477407324e-01
1.207722991346203e-01
1.207724497526011e-01
1.207725995942497e-01
1.207727486591413e-01
1.207728969468509e-01
1.207730444569538e-01
1.207731911890250e-01
1.207733371426397e-01
1.207734823173729e-01
1.207736267127997e-01
1.207737703284954e-01
1.207739131640349e-01
1.207740552189935e-01
1.207741964929462e-01
1.207743369854681e-01
1.207744766961344e-01
1.207746156245202e-01
1.207747537702006e-01
1.207748911327507e-01
1.207750277117456e-01
1.207751635067604e-01
1.207752985173703e-01
1.207754327431504e-01
1.207755661836757e-01
1.207756988385215e-01
1.207758307072627e-01
1.207759617894746e-01
1.207760920847323e-01
1.207762215926108e-01
1.207763503126852e-01
1.207764782445308e-01
1.207766053877226e-01
1.207767317418356e-01
1.207768573064452e-01
1.207769820811262e-01
1.207771060654540e-01
1.207772292590035e-01
1.207773516613499e-01
1.207774732720684e-01
1.207775940907340e-01
1.207777141169218e-01
1.207778333502069e-01
1.207779517901646e-01
1.207780694363698e-01
1.207781862883977e-01
1.207783023458235e-01
1.207784176082222e-01
1.207785320751689e-01
1.207786457462389e-01
1.207787586210071e-01
1.207788706990486e-01
1.207789819799387e-01
1.207790924632525e-01
1.207792021485649e-01
1.207793110354513e-01
1.207794191234866e-01
1.207795264122460e-01
1.207796329013046e-01
1.207797385902375e-01
1.207798434786198e-01
1.207799475660267e-01
1.207800508520333e-01
1.207801533362146e-01
1.207802550181459e-01
1.207803558974021e-01
1.207804559735585e-01
1.207805552461901e-01
1.207806537148721e-01
1.207807513791795e-01
1.207808482386876e-01
1.207809442929713e-01
1.207810395416059e-01
1.207811339841664e-01
1.207812276202279e-01
1.207813204493656e-01
1.207814124711546e-01
1.207815036851699e-01
1.207815940909868e-01
1.207816836881803e-01
1.207817724763256e-01
1.207818604549977e-01
1.207819476237718e-01
1.207820339822229e-01
1.207821195299263e-01
1.207822042664570e-01
1.207822881913901e-01
1.207823713043008e-01
1.207824536047641e-01
1.207825350923552e-01
1.207826157666492e-01
1.207826956272212e-01
1.207827746736463e-01
1.207828529054997e-01
1.207829303223564e-01
1.207830069237916e-01
1.207830827093804e-01
1.207831576786979e-01
1.207832318313192e-01
1.207833051668194e-01
1.207833776847737e-01
1.207834493847571e-01
1.207835202663448e-01
1.207835903291119e-01
1.207836595726335e-01
1.207837279964847e-01
1.207837956002407e-01
1.207838623834765e-01
1.207839283457673e-01
1.207839934866882e-01
1.207840578058143e-01
1.207841213027207e-01
1.207841839769825e-01
1.207842458281749e-01
1.207843068558729e-01
1.207843670596517e-01
1.207844264390864e-01
1.207844849937521e-01
1.207845427232239e-01
1.207845996270770e-01
1.207846557048864e-01
1.207847109562273e-01
1.207847653806747e-01
1.207848189778039e-01
1.207848717471899e-01
1.207849236884077e-01
1.207849748010327e-01
1.207850250846398e-01
1.207850745388042e-01
1.207851231631010e-01
1.207851709571052e-01
1.207852179203921e-01
1.207852640525368e-01
1.207853093531142e-01
1.207853538216997e-01
1.207853974578682e-01
1.207854402611949e-01
1.207854822312550e-01
1.207855233676235e-01
1.207855636698755e-01
1.207856031375861e-01
1.207856417703306e-01
1.207856795676839e-01
1.207857165292213e-01
1.207857526545177e-01
1.207857879431484e-01
1.207858223946884e-01
1.207858560087130e-01
1.207858887847970e-01
1.207859207225158e-01
1.207859518214444e-01
1.207859820811579e-01
1.207860115012315e-01
1.207860400812402e-01
1.207860678207592e-01
1.207860947193636e-01
1.207861207766285e-01
1.207861459921290e-01
1.207861703654402e-01
1.207861938961373e-01
1.207862165837953e-01
1.207862384279895e-01
1.207862594282948e-01
1.207862795842864e-01
1.207862988955395e-01
1.207863173616291e-01
1.207863349821303e-01
1.207863517566184e-01
1.207863676846683e-01
1.207863827658552e-01
1.207863969997542e-01
1.207864103859405e-01
1.207864229239891e-01
1.207864346134752e-01
1.207864454539739e-01
1.207864554450602e-01
1.207864645863093e-01
1.207864728772964e-01
1.207864803175965e-01
1.207864869067848e-01
1.207864926444364e-01
1.207864975301263e-01
1.207865015634297e-01
1.207865047439218e-01
1.207865070711776e-01
1.207865085447722e-01
1.207865091642808e-01
1.207865089292784e-01
1.207865078393403e-01
1.207865058940415e-01
1.207865030929571e-01
1.207864994356622e-01
1.207864949217320e-01
1.207864895507415e-01
1.207864833222660e-01
1.207864762358804e-01
1.207864682911599e-01
1.207864594876797e-01
1.207864498250149e-01
1.207864393027404e-01
1.207864279204316e-01
1.207864156776634e-01
1.207864025740111e-01
1.207863886090497e-01
1.207863737823543e-01
1.207863580935001e-01
1.207863415420621e-01
1.207863241276156e-01
1.207863058497355e-01
1.207862867079970e-01
1.207862667019753e-01
1.207862458312454e-01
1.207862240953825e-01
1.207862014939616e-01
1.207861780265579e-01
1.207861536927466e-01
1.207861284921026e-01
1.207861024242012e-01
1.207860754886175e-01
1.207860476849265e-01
1.207860190127034e-01
1.207859894715233e-01
1.207859590609613e-01
1.207859277805926e-01
1.207858956299921e-01
1.207858626087352e-01
1.207858287163968e-01
1.207857939525521e-01
1.207857583167762e-01
1.207857218086442e-01
1.207856844277313e-01
1.207856461736125e-01
1.207856070458630e-01
1.207855670440578e-01
1.207855261677722e-01
1.207854844165811e-01
1.207854417900598e-01
1.207853982877834e-01
1.207853539093269e-01
1.207853086542654e-01
1.207852625221742e-01
1.207852155126282e-01
1.207851676252027e-01
1.207851188594727e-01
1.207850692150134e-01
1.207850186913998e-01
1.207849672882071e-01
1.207849150050104e-01
1.207848618413848e-01
1.207848077969055e-01
1.207847528711474e-01
1.207846970636859e-01
1.207846403740959e-01
1.207845828019526e-01
1.207845243468311e-01
1.207844650083065e-01
1.207844047859539e-01
1.207843436793485e-01
1.207842816880653e-01
1.207842188116796e-01
1.207841550497663e-01
1.207840904019006e-01
1.207840248676577e-01
1.207839584466126e-01
1.207838911383405e-01
1.207838229424164e-01
1.207837538584155e-01
1.207836838859129e-01
1.207836130244838e-01
1.207835412737031e-01
1.207834686331461e-01
1.207833951023879e-01
1.207833206810036e-01
1.207832453685682e-01
1.207831691646570e-01
1.207830920688449e-01
1.207830140807072e-01
1.207829351998190e-01
1.207828554257553e-01
1.207827747580914e-01
1.207826931964022e-01
1.207826107402629e-01
1.207825273892487e-01
1.207824431429346e-01
1.207823580008958e-01
1.207822719627073e-01
1.207821850279444e-01
1.207820971961820e-01
1.207820084669954e-01
1.207819188399596e-01
1.207818283146498e-01
1.207817368906410e-01
1.207816445675084e-01
1.207815513448271e-01
1.207814572221722e-01
1.207813621991189e-01
1.207812662752422e-01
1.207811694501173e-01
1.207810717233192e-01
1.207809730944231e-01
1.207808735630042e-01
1.207807731286374e-01
1.207806717908980e-01
1.207805695493611e-01
1.207804664036017e-01
1.207803623531950e-01
1.207802573977161e-01
1.207801515367401e-01
1.207800447698421e-01
1.207799370965973e-01
1.207798285165807e-01
1.207797190293675e-01
1.207796086345328e-01
1.207794973316517e-01
1.207793851202993e-01
1.207792720000508e-01
1.207791579704812e-01
1.207790430311657e-01
1.207789271816793e-01
1.207788104215973e-01
1.207786927504947e-01
1.207785741679466e-01
1.207784546735281e-01
1.207783342668144e-01
1.207782129473805e-01
1.207780907148017e-01
1.207779675686530e-01
1.207778435085094e-01
1.207777185339463e-01
1.207775926445385e-01
1.207774658398613e-01
1.207773381194898e-01
1.207772094829992e-01
1.207770799299644e-01
1.207769494599606e-01
1.207768180725630e-01
1.207766857673466e-01
1.207765525438866e-01
1.207764184017581e-01
1.207762833405362e-01
1.207761473597960e-01
1.207760104591127e-01
1.207758726380613e-01
1.207757338962170e-01
1.207755942331548e-01
1.207754536484499e-01
1.207753121416775e-01
1.207751697124125e-01
1.207750263602303e-01
1.207748820847057e-01
1.207747368854141e-01
1.207745907619304e-01
1.207744437138298e-01
1.207742957406874e-01
1.207741468420784e-01
1.207739970175778e-01
1.207738462667608e-01
1.207736945892025e-01
1.207735419844779e-01
1.207733884521623e-01
1.207732339918307e-01
1.207730786030582e-01
1.207729222854200e-01
1.207727650384912e-01
1.207726068618468e-01
1.207724477550620e-01
1.207722877177120e-01
1.207721267493718e-01
1.207719648496165e-01
1.207718020180213e-01
1.207716382541612e-01
1.207714735576115e-01
1.207713079279472e-01
1.207711413647434e-01
1.207709738675752e-01
1.207708054360178e-01
1.207706360696462e-01
1.207704657680357e-01
1.207702945307612e-01
1.207701223573979e-01
1.207699492475210e-01
1.207697752007055e-01
1.207696002165266e-01
1.207694242945594e-01
1.207692474343789e-01
1.207690696355604e-01
1.207688908976789e-01
1.207687112203095e-01
1.207685306030273e-01
1.207683490454076e-01
1.207681665470253e-01
1.207679831074556e-01
1.207677987262736e-01
1.207676134030545e-01
1.207674271373733e-01
1.207672399288051e-01
1.207670517769252e-01
1.207668626813085e-01
1.207666726415302e-01
1.207664816571655e-01
1.207662897277894e-01
1.207660968529770e-01
1.207659030323035e-01
1.207657082653440e-01
1.207655125516736e-01
1.207653158908674e-01
1.207651182825005e-01
1.207649197261480e-01
1.207647202213852e-01
1.207645197677870e-01
1.207643183649285e-01
1.207641160123850e-01
1.207639127097315e-01
1.207637084565432e-01
1.207635032523951e-01
1.207632970968623e-01
1.207630899895201e-01
1.207628819299434e-01
1.207626729177074e-01
1.207624629523873e-01
1.207622520335581e-01
1.207620401607950e-01
1.207618273336730e-01
1.207616135517674e-01
1.207613988146531e-01
1.207611831219054e-01
1.207609664730992e-01
1.207607488678099e-01
1.207605303056124e-01
1.207603107860818e-01
1.207600903087934e-01
1.207598688733222e-01
1.207596464792433e-01
1.207594231261319e-01
1.207591988135630e-01
1.207589735411117e-01
1.207587473083533e-01
1.207585201148628e-01
1.207582919602152e-01
1.207580628439859e-01
1.207578327657497e-01
1.207576017250819e-01
1.207573697215576e-01
1.207571367547519e-01
1.207569028242399e-01
1.207566679295968e-01
1.207564320703975e-01
1.207561952462173e-01
1.207559574566313e-01
1.207557187012146e-01
1.207554789795423e-01
1.207552382911895e-01
1.207549966357313e-01
1.207547540127429e-01
1.207545104217993e-01
1.207542658624757e-01
1.207540203343472e-01
1.207537738369890e-01
1.207535263699760e-01
1.207532779328835e-01
1.207530285252865e-01
1.207527781467602e-01
1.207525267968797e-01
1.207522744752200e-01
1.207520211813564e-01
1.207517669148640e-01
1.207515116753177e-01
1.207512554622929e-01
1.207509982753645e-01
1.207507401141077e-01
1.207504809780976e-01
1.207502208669093e-01
1.207499597801180e-01
1.207496977172987e-01
1.207494346780266e-01
1.207491706618767e-01
1.207489056684243e-01
1.207486396972444e-01
1.207483727479121e-01
1.207481048200025e-01
1.207478359130908e-01
1.207475660267521e-01
1.207472951605615e-01
1.207470233140941e-01
1.207467504869250e-01
1.207464766786293e-01
1.207462018887822e-01
1.207459261169588e-01
1.207456493627341e-01
1.207453716256833e-01
1.207450929053816e-01
1.207448132014040e-01
1.207445325133256e-01
1.207442508407216e-01
1.207439681831670e-01
1.207436845402371e-01
1.207433999115068e-01
1.207431142965514e-01
1.207428276949459e-01
1.207425401062654e-01
1.207422515300851e-01
1.207419619659801e-01
1.207416714135255e-01
1.207413798722964e-01
1.207410873418680e-01
1.207407938218152e-01
1.207404993117134e-01
1.207402038111375e-01
1.207399073196627e-01
1.207396098368641e-01
1.207393113623168e-01
1.207390118955959e-01
1.207387114362766e-01
1.207384099839340e-01
1.207381075381431e-01
1.207378040984792e-01
1.207374996645172e-01
1.207371942358324e-01
1.207368878119998e-01
1.207365803925946e-01
1.207362719771918e-01
1.207359625653666e-01
1.207356521566942e-01
1.207353407507495e-01
1.207350283471078e-01
1.207347149453441e-01
1.207344005450336e-01
1.207340851457514e-01
1.207337687470725e-01
1.207334513485722e-01
1.207331329498255e-01
1.207328135504075e-01
1.207324931498934e-01
1.207321717478583e-01
1.207318493438772e-01
1.207315259375254e-01
1.207312015283779e-01
1.207308761160097e-01
1.207305496999962e-01
1.207302222799123e-01
1.207298938553332e-01
1.207295644258339e-01
1.207292339909897e-01
1.207289025503756e-01
1.207285701035668e-01
1.207282366501383e-01
1.207279021896653e-01
1.207275667217228e-01
1.207272302458861e-01
1.207268927617301e-01
1.207265542688301e-01
1.207262147667612e-01
1.207258742550984e-01
1.207255327334169e-01
1.207251902012917e-01
1.207248466582981e-01
1.207245021040111e-01
1.207241565380059e-01
1.207238099598575e-01
1.207234623691410e-01
1.207231137654317e-01
1.207227641483045e-01
1.207224135173347e-01
1.207220618720973e-01
1.207217092121674e-01
1.207213555371202e-01
1.207210008465307e-01
1.207206451399742e-01
1.207202884170257e-01
1.207199306772603e-01
1.207195719202531e-01
1.207192121455792e-01
1.207188513528139e-01
1.207184895415321e-01
1.207181267113090e-01
1.207177628617198e-01
1.207173979923394e-01
1.207170321027431e-01
1.207166651925060e-01
1.207162972612031e-01
1.207159283084096e-01
1.207155583337007e-01
1.207151873366513e-01
1.207148153168367e-01
1.207144422738320e-01
1.207140682072122e-01
1.207136931165524e-01
1.207133170014279e-01
1.207129398614137e-01
1.207125616960849e-01
1.207121825050167e-01
1.207118022877841e-01
1.207114210439623e-01
1.207110387731264e-01
1.207106554748515e-01
1.207102711487127e-01
1.207098857942851e-01
1.207094994111439e-01
1.207091119988642e-01
1.207087235570210e-01
1.207083340851895e-01
1.207079435829449e-01
1.207075520498621e-01
1.207071594855164e-01
1.207067658894829e-01
)
;

boundaryField
{
    inlet
    {
        type            fixedValue;
        value           uniform 0;
    }
    outlet
    {
        type            zeroGradient;
    }
    wall
    {
        type            empty;
    }
}


// ************************************************************************* //
