/*--------------------------------*- C++ -*----------------------------------*\
  =========                 |
  \\      /  F ield         | OpenFOAM: The Open Source CFD Toolbox
   \\    /   O peration     | Website:  https://openfoam.org
    \\  /    A nd           | Version:  7
     \\/     M anipulation  |
\*---------------------------------------------------------------------------*/
FoamFile
{
    version     2.0;
    format      ascii;
    class       volScalarField;
    location    "1";
    object       HO2;
}
// * * * * * * * * * * * * * * * * * * * * * * * * * * * * * * * * * * * * * //

dimensions      [0 0 0 0 0 0 0];

internalField   nonuniform List<scalar>
4335
(
-1.174685130592289e-15
-3.139558745007728e-14
-6.140960732758573e-14
-9.121722153129476e-14
-1.208189068293815e-13
-1.502151399900231e-13
-1.794063977813968e-13
-2.083931569716796e-13
-2.371758943290487e-13
-2.657550866216812e-13
-2.941312106177542e-13
-3.223047430854450e-13
-3.502761607929307e-13
-3.780459405083884e-13
-4.056145589999950e-13
-4.329824930359281e-13
-4.601502193843647e-13
-4.871182148134816e-13
-5.138869560914565e-13
-5.404569199864659e-13
-5.668285832666875e-13
-5.930024227002983e-13
-6.189789150554751e-13
-6.447585371003955e-13
-6.703417656032363e-13
-6.957290773321750e-13
-7.209209490553884e-13
-7.459178575410538e-13
-7.707202795573483e-13
-7.953286918724490e-13
-8.197435712545331e-13
-8.439653944717777e-13
-8.679946382923601e-13
-8.918317794844573e-13
-9.154772948162462e-13
-9.389316610559045e-13
-9.621953549716087e-13
-9.852688533315366e-13
-1.008152632903865e-12
-1.030847170456771e-12
-1.053352942758432e-12
-1.075670426577025e-12
-1.097800098680726e-12
-1.119742435837714e-12
-1.141497914816165e-12
-1.163067012384257e-12
-1.184450205310167e-12
-1.205647970362071e-12
-1.226660784308148e-12
-1.247489123916573e-12
-1.268133465955525e-12
-1.288594287193179e-12
-1.308872064397715e-12
-1.328967274337307e-12
-1.348880393780135e-12
-1.368611899494375e-12
-1.388162268248204e-12
-1.407531976809799e-12
-1.426721501947337e-12
-1.445731320428996e-12
-1.464561909022952e-12
-1.483213744497383e-12
-1.501687303620466e-12
-1.519983063160378e-12
-1.538101499885296e-12
-1.556043090563398e-12
-1.573808311962860e-12
-1.591397640851859e-12
-1.608811553998574e-12
-1.626050528171180e-12
-1.643115040137855e-12
-1.660005566666777e-12
-1.676722584526121e-12
-1.693266570484067e-12
-1.709638001308789e-12
-1.725837353768467e-12
-1.741865104631276e-12
-1.757721730665394e-12
-1.773407708638999e-12
-1.788923515320267e-12
-1.804269627477375e-12
-1.819446521878501e-12
-1.834454675291821e-12
-1.849294564485514e-12
-1.863966666227756e-12
-1.878471457286723e-12
-1.892809414430594e-12
-1.906981014427545e-12
-1.920986734045754e-12
-1.934827050053397e-12
-1.948502439218652e-12
-1.962013378309697e-12
-1.975360344094707e-12
-1.988543813341861e-12
-2.001564262819335e-12
-2.014422169295307e-12
-2.027118009537953e-12
-2.039652260315451e-12
-2.052025398395978e-12
-2.064237900547712e-12
-2.076290243538828e-12
-2.088182904137505e-12
-2.099916359111920e-12
-2.111491085230248e-12
-2.122907559260670e-12
-2.134166257971359e-12
-2.145267658130496e-12
-2.156212236506255e-12
-2.167000469866814e-12
-2.177632834980352e-12
-2.188109808615043e-12
-2.198431867539067e-12
-2.208599488520599e-12
-2.218613148327818e-12
-2.228473323728900e-12
-2.238180491492022e-12
-2.247735128385361e-12
-2.257137711177096e-12
-2.266388716635401e-12
-2.275488621528457e-12
-2.284437902624438e-12
-2.293237036691522e-12
-2.301886500497887e-12
-2.310386770811709e-12
-2.318738324401166e-12
-2.326941638034435e-12
-2.334997188479692e-12
-2.342905452505116e-12
-2.350666906878882e-12
-2.358282028369169e-12
-2.365751293744154e-12
-2.373075179772013e-12
-2.380254163220924e-12
-2.387288720859064e-12
-2.394179329454610e-12
-2.400926465775739e-12
-2.407530606590628e-12
-2.413992228667455e-12
-2.420311808774397e-12
-2.426489823679630e-12
-2.432526750151331e-12
-2.438423064957679e-12
-2.444179244866851e-12
-2.449795766647023e-12
-2.455273107066371e-12
-2.460611742893075e-12
-2.465812150895310e-12
-2.470874807841255e-12
-2.475800190499085e-12
-2.480588775636978e-12
-2.485241040023112e-12
-2.489757460425664e-12
-2.494138513612809e-12
-2.498384676352726e-12
-2.502496425413593e-12
-2.506474237563585e-12
-2.510318589570880e-12
-2.514029958203656e-12
-2.517608820230089e-12
-2.521055652418357e-12
-2.524370931536636e-12
-2.527555134353104e-12
-2.530608737635939e-12
-2.533532218153315e-12
-2.536326052673414e-12
-2.538990717964408e-12
-2.541526690794478e-12
-2.543934447931799e-12
-2.546214466144549e-12
-2.548367222200906e-12
-2.550393192869044e-12
-2.552292854917143e-12
-2.554066685113380e-12
-2.555715160225932e-12
-2.557238757022975e-12
-2.558637952272687e-12
-2.559913222743244e-12
-2.561065045202825e-12
-2.562093896419606e-12
-2.563000253161765e-12
-2.563784592197478e-12
-2.564447390294923e-12
-2.564989124222276e-12
-2.565410270747716e-12
-2.565711306639418e-12
-2.565892708665561e-12
-2.565954953594321e-12
-2.565898518193876e-12
-2.565723879232402e-12
-2.565431513478077e-12
-2.565021897699078e-12
-2.564495508663582e-12
-2.563852823139766e-12
-2.563094317895808e-12
-2.562220469699884e-12
-2.561231755320172e-12
-2.560128651524848e-12
-2.558911635082090e-12
-2.557581182760076e-12
-2.556137771326982e-12
-2.554581877550984e-12
-2.552913978200262e-12
-2.551134550042991e-12
-2.549244069847349e-12
-2.547243014381513e-12
-2.545131860413659e-12
-2.542911084711967e-12
-2.540581164044611e-12
-2.538142575179770e-12
-2.535595794885621e-12
-2.532941299930340e-12
-2.530179567082105e-12
-2.527311073109093e-12
-2.524336294779481e-12
-2.521255708861446e-12
-2.518069792123167e-12
-2.514779021332818e-12
-2.511383873258578e-12
-2.507884824668624e-12
-2.504282352331134e-12
-2.500576933014283e-12
-2.496769043486250e-12
-2.492859160515211e-12
-2.488847760869343e-12
-2.484735321316825e-12
-2.480522318625832e-12
-2.476209229564543e-12
-2.471796530901133e-12
-2.467284699403780e-12
-2.462674211840662e-12
-2.457965544979957e-12
-2.453159175589839e-12
-2.448255580438487e-12
-2.443255236294078e-12
-2.438158619924790e-12
-2.432966208098798e-12
-2.427678477584281e-12
-2.422295905149415e-12
-2.416818967562380e-12
-2.411248141591348e-12
-2.405583904004501e-12
-2.399826731570012e-12
-2.393977101056061e-12
-2.388035489230826e-12
-2.382002372862481e-12
-2.375878228719205e-12
-2.369663533569175e-12
-2.363358764180568e-12
-2.356964397321561e-12
-2.350480909760331e-12
-2.343908778265055e-12
-2.337248479603911e-12
-2.330500490545076e-12
-2.323665287856726e-12
-2.316743348307040e-12
-2.309735148664193e-12
-2.302641165696364e-12
-2.295461876171729e-12
-2.288197756858466e-12
-2.280849284524752e-12
-2.273416935938762e-12
-2.265901187868677e-12
-2.258302517082670e-12
-2.250621400348923e-12
-2.242858314435608e-12
-2.235013736110904e-12
-2.227088142142991e-12
-2.219082009300042e-12
-2.210995814350238e-12
-2.202830034061751e-12
-2.194585145202763e-12
-2.186261624541449e-12
-2.177859948845987e-12
-2.169380594884553e-12
-2.160824039425325e-12
-2.152190759236480e-12
-2.143481231086195e-12
-2.134695931742647e-12
-2.125835337974013e-12
-2.116899926548472e-12
-2.107890174234197e-12
-2.098806557799370e-12
-2.089649554012165e-12
-2.080419639640760e-12
-2.071117291453333e-12
-2.061742986218059e-12
-2.052297200703118e-12
-2.042780411676684e-12
-2.033193095906936e-12
-2.023535730162052e-12
-2.013808791210206e-12
-2.004012755819580e-12
-1.994148100758347e-12
-1.984215302794684e-12
-1.974214838696771e-12
-1.964147185232785e-12
-1.954012819170900e-12
-1.943812217279294e-12
-1.933545856326147e-12
-1.923214213079634e-12
-1.912817764307933e-12
-1.902356986779219e-12
-1.891832357261671e-12
-1.881244352523466e-12
-1.870593449332782e-12
-1.859880124457795e-12
-1.849104854666681e-12
-1.838268116727619e-12
-1.827370387408786e-12
-1.816412143478359e-12
-1.805393861704514e-12
-1.794316018855428e-12
-1.783179091699281e-12
-1.771983557004248e-12
-1.760729891538506e-12
-1.749418572070233e-12
-1.738050075367604e-12
-1.726624878198799e-12
-1.715143457331995e-12
-1.703606289535366e-12
-1.692013851577093e-12
-1.680366620225350e-12
-1.668665072248317e-12
-1.656909684414169e-12
-1.645100933491084e-12
-1.633239296247237e-12
-1.621325249450810e-12
-1.609359269869976e-12
-1.597341834272913e-12
-1.585273419427800e-12
-1.573154502102810e-12
-1.560985559066125e-12
-1.548767067085919e-12
-1.536499502930370e-12
-1.524183343367656e-12
-1.511819065165952e-12
-1.499407145093438e-12
-1.486948059918289e-12
-1.474442286408683e-12
-1.461890301332796e-12
-1.449292581458806e-12
-1.436649603554892e-12
-1.423961844389228e-12
-1.411229780729994e-12
-1.398453889345362e-12
-1.385634647003516e-12
-1.372772530472631e-12
-1.359868016520880e-12
-1.346921581916444e-12
-1.333933703427500e-12
-1.320904857822224e-12
-1.307835521868794e-12
-1.294726172335388e-12
-1.281577285990179e-12
-1.268389339601348e-12
-1.255162809937071e-12
-1.241898173765526e-12
-1.228595907854891e-12
-1.215256488973338e-12
-1.201880393889050e-12
-1.188468099370202e-12
-1.175020082184971e-12
-1.161536819101533e-12
-1.148018786888067e-12
-1.134466462312749e-12
-1.120880322143757e-12
-1.107260843149269e-12
-1.093608502097458e-12
-1.079923775756506e-12
-1.066207140894590e-12
-1.052459074279882e-12
-1.038680052680564e-12
-1.024870552864809e-12
-1.011031051600799e-12
-9.971620256567094e-13
-9.832639518007159e-13
-9.693373068009952e-13
-9.553825674257270e-13
-9.414002104430883e-13
-9.273907126212560e-13
-9.133545507284032e-13
-8.992922015327114e-13
-8.852041418023575e-13
-8.710908483055166e-13
-8.569527978103680e-13
-8.427904670850867e-13
-8.286043328978520e-13
-8.143948720168411e-13
-8.001625612102288e-13
-7.859078772461924e-13
-7.716312968929088e-13
-7.573332969185578e-13
-7.430143540913183e-13
-7.286749451793609e-13
-7.143155469508652e-13
-6.999366361740124e-13
-6.855386896169755e-13
-6.711221840479339e-13
-6.566875962350621e-13
-6.422354029465378e-13
-6.277660809505400e-13
-6.132801070152458e-13
-5.987779579088304e-13
-5.842601103994708e-13
-5.697270412553462e-13
-5.551792272446318e-13
-5.406171451355091e-13
-5.260412716961505e-13
-5.114520836947314e-13
-4.968500578994353e-13
-4.822356710784350e-13
-4.676093999999099e-13
-4.529717214320370e-13
-4.383231121429890e-13
-4.236640489009477e-13
-4.089950084740900e-13
-3.943164676305910e-13
-3.796289031386276e-13
-3.649327917663818e-13
-3.502286102820260e-13
-3.355168354537372e-13
-3.207979440496975e-13
-3.060724128380743e-13
-2.913407185870521e-13
-2.766033380648103e-13
-2.618607480395238e-13
-2.471134252793648e-13
-2.323618465525152e-13
-2.176064886271498e-13
-2.028478282714482e-13
-1.880863422535876e-13
-1.733225073417401e-13
-1.585568003040878e-13
-1.437896979088103e-13
-1.290216769240797e-13
-1.142532141180736e-13
-9.948478625896999e-14
-8.471687011494612e-14
-6.994994245418007e-14
-5.518448004484615e-14
-4.042095965512432e-14
-2.565985805319169e-14
-1.090165200722265e-14
3.853181714602897e-15
1.860416634410874e-14
3.335082511311771e-14
4.809268125345272e-14
6.282925799693658e-14
7.756007857539216e-14
9.228466622064234e-14
1.070025441645100e-13
1.217132356388179e-13
1.364162638753890e-13
1.511111521060461e-13
1.657974235626121e-13
1.804746014769107e-13
1.951422090807621e-13
2.097997696059919e-13
2.244468062844229e-13
2.390828423478753e-13
2.537074010281746e-13
2.683200055571428e-13
2.829201791666028e-13
2.975074450883773e-13
3.120813265542894e-13
3.266413467961618e-13
3.411870290458173e-13
3.557178965350790e-13
3.702334724957695e-13
3.847332801597126e-13
3.992168427587287e-13
4.136836835246430e-13
4.281333256892788e-13
4.425652924844558e-13
4.569791071419998e-13
4.713742928937337e-13
4.857503729714775e-13
5.001068706070569e-13
5.144433090322946e-13
5.287592114790110e-13
5.430541011790314e-13
5.573275013641788e-13
5.715789352662733e-13
5.858079261171415e-13
6.000139971486034e-13
6.141966715924820e-13
6.283554726806027e-13
6.424899236447857e-13
6.565995477168540e-13
6.706838681286329e-13
6.847424081119419e-13
6.987746908986065e-13
7.127802397204493e-13
7.267585778092909e-13
7.407092283969575e-13
7.546317147152694e-13
7.685255599960493e-13
7.823902874711227e-13
7.962254203723100e-13
8.100304819314340e-13
8.238049953803200e-13
8.375484839507886e-13
8.512604708746622e-13
8.649404793837668e-13
8.785880327099221e-13
8.922026540849513e-13
9.057838667406799e-13
9.193311939089281e-13
9.328441588215192e-13
9.463222847102769e-13
9.597650948070236e-13
9.731721123435817e-13
9.865428605517748e-13
9.998768626634253e-13
1.013173641910356e-12
1.026432721524391e-12
1.039653624737350e-12
1.052835874781061e-12
1.065978994887342e-12
1.079082508288018e-12
1.092145938214912e-12
1.105168807899846e-12
1.118150640574643e-12
1.131090959471127e-12
1.143989287821120e-12
1.156845148856444e-12
1.169658065808923e-12
1.182427561910380e-12
1.195153160392637e-12
1.207834384487518e-12
1.220470757426844e-12
1.233061802442440e-12
1.245607042766128e-12
1.258106001629731e-12
1.270558202265070e-12
1.282963167903972e-12
1.295320421778255e-12
1.307629487119745e-12
1.319889887160265e-12
1.332101145131635e-12
1.344262784265681e-12
1.356374327794225e-12
1.368435298949088e-12
1.380445220962095e-12
1.392403617065069e-12
1.404310010489830e-12
1.416163924468205e-12
1.427964882232015e-12
1.439712407013080e-12
1.451406022043229e-12
1.463045250554280e-12
1.474629615778057e-12
1.486158640946382e-12
1.497631849291081e-12
1.509048764043973e-12
1.520408908436883e-12
1.531711805701634e-12
1.542956979070048e-12
1.554143951773948e-12
1.565272247045159e-12
1.576341388115500e-12
1.587350898216796e-12
1.598300300580871e-12
1.609189118439545e-12
1.620016875024642e-12
1.630783093567986e-12
1.641487297301400e-12
1.652129009456704e-12
1.662707753265725e-12
1.673223051960283e-12
1.683674428772200e-12
1.694061406933302e-12
1.704383509675411e-12
1.714640260230347e-12
1.724831181829936e-12
1.734955797706001e-12
1.745013631090362e-12
1.755004205214843e-12
1.764927043311269e-12
1.774781668611462e-12
1.784567604347242e-12
1.794284373750434e-12
1.803931500052862e-12
1.813508506486347e-12
1.823014916282714e-12
1.832450252673784e-12
1.841814038891379e-12
1.851105798167323e-12
1.860325053733441e-12
1.869471328821552e-12
1.878544146663482e-12
1.887543030491052e-12
1.896467503536085e-12
1.905317089030405e-12
1.914091310205834e-12
1.922789690294194e-12
1.931411752527311e-12
1.939957020137005e-12
1.948425016355099e-12
1.956815264413416e-12
1.965127287543780e-12
1.973360608978013e-12
1.981514751947938e-12
1.989589239685379e-12
1.997583595422156e-12
2.005497342390094e-12
2.013330003821016e-12
2.021081102946745e-12
2.028750162999102e-12
2.036336707209912e-12
2.043840258810995e-12
2.051260341034177e-12
2.058596477111280e-12
2.065848190274127e-12
2.073015003754539e-12
2.080096440784341e-12
2.087092024595354e-12
2.094001278419402e-12
2.100823725488310e-12
2.107558889033897e-12
2.114206292287988e-12
2.120765458482405e-12
2.127235910848970e-12
2.133617172619508e-12
2.139908767025842e-12
2.146110217299794e-12
2.152221046673185e-12
2.158240778377840e-12
2.164168935645581e-12
2.170005041708232e-12
2.175748619797615e-12
2.181399193145553e-12
2.186956284983869e-12
2.192419418544385e-12
2.197788117058924e-12
2.203061903759311e-12
2.208240301877366e-12
2.213322834644914e-12
2.218309025293776e-12
2.223198397055776e-12
2.227990473162737e-12
2.232684776846482e-12
2.237280831338832e-12
2.241778159871613e-12
2.246176285676645e-12
2.250474731985752e-12
2.254673022030757e-12
2.258770679043483e-12
2.262767226255752e-12
2.266662186899389e-12
2.270455084206214e-12
2.274145441408050e-12
2.277732781736722e-12
2.281216628424052e-12
2.284596504701863e-12
2.287871933801978e-12
2.291042438956218e-12
2.294107543396408e-12
2.297066770354370e-12
2.299919643061927e-12
2.302665684750903e-12
2.305304418653118e-12
2.307835368000397e-12
2.310258056024563e-12
2.312572005957438e-12
2.314776741030845e-12
2.316871784476607e-12
2.318856659526547e-12
2.320730889412488e-12
2.322493997366253e-12
2.324145506619663e-12
2.325684940404543e-12
2.327111821952716e-12
2.328425674496003e-12
2.329626021266228e-12
2.330712385495214e-12
2.331684290414783e-12
2.332541259256760e-12
2.333282815252965e-12
2.333908481635223e-12
2.334417781635355e-12
2.334810238485186e-12
2.335085375416537e-12
2.335242715661232e-12
2.335281782451093e-12
2.335202099017944e-12
2.335003188593607e-12
2.334684574409905e-12
2.334245779698661e-12
2.333686327691697e-12
2.333005741620838e-12
2.332203544717905e-12
2.331279260214721e-12
2.330232411343109e-12
2.329062521334892e-12
2.327769113421894e-12
2.326351710835936e-12
2.324809836808842e-12
2.323143014572434e-12
2.321350767358536e-12
2.319432618398970e-12
2.317388090925559e-12
2.315216708170126e-12
2.312917993364494e-12
2.310491469740485e-12
2.307936660529923e-12
2.305253088964630e-12
2.302440278276429e-12
2.299497751697144e-12
2.296425032458597e-12
2.293221643792610e-12
2.289887108931008e-12
2.286420951105612e-12
2.282822693548244e-12
2.279091859490730e-12
2.275227972164890e-12
2.271230554802548e-12
2.267099130635528e-12
2.262833222895650e-12
2.258432354814740e-12
2.253896049624619e-12
2.249223830557110e-12
2.244415220844036e-12
2.239469743717221e-12
2.234386922408486e-12
2.229166280149654e-12
2.223807340172550e-12
2.218309625708995e-12
2.212672659990811e-12
2.206895966249824e-12
2.200979067717854e-12
2.194921487626725e-12
2.188722749208260e-12
2.182382375694282e-12
2.175899890316612e-12
2.169274816307075e-12
2.162506676897493e-12
2.155594995319690e-12
2.148539294805487e-12
2.141339098586708e-12
2.133993929895175e-12
2.126503311962712e-12
2.118866768021141e-12
2.111083821302286e-12
2.103153995037968e-12
2.095076812460012e-12
2.086851796800239e-12
2.078478471290472e-12
2.069956359162535e-12
2.061284983648251e-12
2.052463867979442e-12
2.043492535387931e-12
2.034370509105540e-12
2.025097312364093e-12
2.015672468395413e-12
2.006095500431323e-12
1.996365931703644e-12
1.986483285444201e-12
1.976447084884816e-12
1.966256853257312e-12
1.955912113793512e-12
1.945412389725239e-12
1.934757204284314e-12
1.923946080702562e-12
1.912978542211806e-12
1.901854112043867e-12
1.890572313430570e-12
1.879132669603737e-12
1.867534703795189e-12
1.855777939236751e-12
1.843861899160247e-12
1.831786106797496e-12
1.819550085380325e-12
1.807153358140554e-12
1.794595448310006e-12
1.781875879120505e-12
1.768994173803874e-12
1.755949855591935e-12
1.742742447716513e-12
1.729371473409428e-12
1.715836455902502e-12
1.702136918427561e-12
1.688272384216427e-12
1.674242376500924e-12
1.660046418512872e-12
1.645684033484095e-12
1.631154744646417e-12
1.616458075231659e-12
1.601593548471644e-12
1.586560687598197e-12
1.571359015843141e-12
1.555988056438295e-12
1.540447332615486e-12
1.524736367606534e-12
1.508854684643262e-12
1.492801806957498e-12
1.476577257781056e-12
1.460180560345765e-12
1.443611237883448e-12
1.426868813625924e-12
1.409952810805018e-12
1.392862752652558e-12
1.375598162400357e-12
1.358158563280242e-12
1.340543478524040e-12
1.322752431363568e-12
1.304784945030650e-12
1.286640542757113e-12
1.268318747774778e-12
1.249819083315464e-12
1.231141072610997e-12
1.212284238893202e-12
1.193248105393897e-12
1.174032195344909e-12
1.154636031978059e-12
1.135059138525169e-12
1.115301038218061e-12
1.095361254288564e-12
1.075239309968496e-12
1.054934728489678e-12
1.034447033083937e-12
1.013775746983092e-12
9.929203934189684e-13
9.718804956233914e-13
9.506555768281816e-13
9.292451602651583e-13
9.076487691661497e-13
8.858659267629740e-13
8.638961562874565e-13
8.417389809714226e-13
8.193939240466939e-13
7.968605087450882e-13
7.741382582984317e-13
7.512266959385507e-13
7.281253448972626e-13
7.048337284063922e-13
6.813513696977687e-13
6.576777920032045e-13
6.338125185545259e-13
6.097550725835598e-13
5.855049773221239e-13
5.610617560020457e-13
5.364249318551469e-13
5.115940281132447e-13
4.865685680081676e-13
4.613480747717396e-13
4.359320716357779e-13
4.103200818321133e-13
3.845116285925630e-13
3.585062351489475e-13
3.323034247330944e-13
3.059027205768274e-13
2.793036459119639e-13
2.525057239703336e-13
2.255084779837558e-13
1.983114311840500e-13
1.709141068030424e-13
1.433160280725595e-13
1.155167182244171e-13
8.751570049044511e-14
5.931249810245927e-14
3.090663429228839e-14
2.297632291750548e-15
-2.651498466732776e-14
-5.553169335312371e-14
-8.475297053381440e-14
-1.141792929775819e-13
-1.438111279569897e-13
-1.736469296758671e-13
-2.036806609157847e-13
-2.339056767394453e-13
-2.643153322095596e-13
-2.949029823888381e-13
-3.256619823399798e-13
-3.565856871256993e-13
-3.876674518086995e-13
-4.189006314516792e-13
-4.502785811173610e-13
-4.817946558684436e-13
-5.134422107676299e-13
-5.452146008776347e-13
-5.771051812611605e-13
-6.091073069809063e-13
-6.412143330995948e-13
-6.734196146799247e-13
-7.057165067846029e-13
-7.380983644763318e-13
-7.705585428178266e-13
-8.030903968717858e-13
-8.356872817009201e-13
-8.683425523679404e-13
-9.010495639355495e-13
-9.338016714664501e-13
-9.665922300233567e-13
-9.994145946689683e-13
-1.032262120465996e-12
-1.065128162477150e-12
-1.098006075765133e-12
-1.130889215392648e-12
-1.163770936422405e-12
-1.196644593917117e-12
-1.229503542939480e-12
-1.262341138552211e-12
-1.295150735818011e-12
-1.327925689799584e-12
-1.360659355559640e-12
-1.393345088160890e-12
-1.425976242666033e-12
-1.458546174137783e-12
-1.491048237638844e-12
-1.523475788231922e-12
-1.555822180979715e-12
-1.588080770944947e-12
-1.620244913190317e-12
-1.652307962778526e-12
-1.684263274772290e-12
-1.716104204234312e-12
-1.747824106227290e-12
-1.779416335813947e-12
-1.810874248056982e-12
-1.842191198019097e-12
-1.873360540763008e-12
-1.904375631351413e-12
-1.935229824847023e-12
-1.965916476312548e-12
-1.996428940810692e-12
-2.026760573404157e-12
-2.056904729155657e-12
-2.086854763127892e-12
-2.116604030383573e-12
-2.146145885985409e-12
-2.175473684996105e-12
-2.204580782478362e-12
-2.233460533494896e-12
-2.262106293108404e-12
-2.290511416381603e-12
-2.318669258377190e-12
-2.346573174157880e-12
-2.374216518786377e-12
-2.401592647325383e-12
-2.428694914837609e-12
-2.455516676385764e-12
-2.482051287032549e-12
-2.508292101840678e-12
-2.534232475872853e-12
-2.559865764191778e-12
-2.585185321860163e-12
-2.610184503940719e-12
-2.634856665496145e-12
-2.659195161589155e-12
-2.683193347282451e-12
-2.706844577638740e-12
-2.730142207720728e-12
-2.753079592591127e-12
-2.775650087312637e-12
-2.797847046947971e-12
-2.819663826559833e-12
-2.841093781210924e-12
-2.862130265963961e-12
-2.882766635881646e-12
-2.902996246026683e-12
-2.922812451461785e-12
-2.942208607249655e-12
-2.961178068452997e-12
-2.979714190134521e-12
-2.997810327356936e-12
-3.015459835182946e-12
-3.032656068675256e-12
-3.049392382896577e-12
-3.065662132909611e-12
-3.081458673777068e-12
-3.096775360561655e-12
-3.111605548326079e-12
-3.125942592133042e-12
-3.139779847045258e-12
-3.153110668125427e-12
-3.165928410436259e-12
-3.178226429040462e-12
-3.189998079000742e-12
-3.201236715379803e-12
-3.211935693240355e-12
-3.222088367645104e-12
-3.231688093656755e-12
-3.240728226338017e-12
-3.249202120751596e-12
-3.257103131960198e-12
-3.264424615026530e-12
-3.271159925013300e-12
-3.277302416983214e-12
-3.282845445998978e-12
-3.287782367123300e-12
-3.292106535418885e-12
-3.295811305948441e-12
-3.298890033774675e-12
-3.301336073960294e-12
-3.303142781568003e-12
-3.304303511660511e-12
-3.304811619300522e-12
-3.304660459550746e-12
-3.303843387473887e-12
-3.302353758132654e-12
-3.300184926589752e-12
-3.297330247907888e-12
-3.293783077149770e-12
-3.289536769378104e-12
-3.284584679655596e-12
-3.278920163044954e-12
-3.272536574608884e-12
-3.265427269410093e-12
-3.257585602511287e-12
-3.249004928975175e-12
-3.239678603864460e-12
-3.229599982241851e-12
-3.218762419170056e-12
-3.207159269711781e-12
-3.194783888929732e-12
-3.181629631886614e-12
-3.167689853645138e-12
-3.152957909268007e-12
-3.137427153817929e-12
-3.121090942357613e-12
-3.103942629949763e-12
-3.085975571657084e-12
-3.067183122542289e-12
-3.047558637668078e-12
-3.027095472097161e-12
-3.005786980892247e-12
-2.983626519116040e-12
-2.960607441831244e-12
-2.936723104100572e-12
-2.911966860986725e-12
-2.886332067552411e-12
-2.859812078860346e-12
-2.832400249973221e-12
-2.804089935953751e-12
-2.774874491864646e-12
-2.744747272768606e-12
-2.713701633728339e-12
-2.681730929806558e-12
-2.648828516065966e-12
-2.614987747569265e-12
-2.580201979379165e-12
-2.544464566558378e-12
-2.507768864169602e-12
-2.470108227275553e-12
-2.431476010938933e-12
-2.391865570222443e-12
-2.351270260188795e-12
-2.309683435900703e-12
-2.267098452420860e-12
-2.223508664811985e-12
-2.178907428136781e-12
-2.133288097457946e-12
-2.086644027838194e-12
-2.038968574340238e-12
-1.990255092026778e-12
-1.940496935960516e-12
-1.889687461204168e-12
-1.837820022820432e-12
-1.784887975872018e-12
-1.730884675421642e-12
-1.675803476532002e-12
-1.619637734265800e-12
-1.562380803685747e-12
-1.504026039854560e-12
-1.444566797834928e-12
-1.383996432689568e-12
-1.322308299481200e-12
-1.259495753272500e-12
-1.195552149126191e-12
-1.130470842104980e-12
-1.064245187271591e-12
-9.968685396886950e-13
-9.283342544190254e-13
-8.586356865252718e-13
-7.877661910701508e-13
-7.157191231163681e-13
-6.424878377266303e-13
-5.680656899636596e-13
-4.924460348901418e-13
-4.156222275687786e-13
-3.375876230622873e-13
-2.583355764333736e-13
-1.778594427447466e-13
-9.615429576694851e-14
-1.325473955030248e-14
7.076509157501926e-14
1.558293445710137e-13
2.418621663996880e-13
3.287877040230496e-13
4.165301044030724e-13
5.050135145018298e-13
5.941620812812959e-13
6.838999517034784e-13
7.741512727303842e-13
8.648401913240209e-13
9.558908544463611e-13
1.047227409059481e-12
1.138774002125353e-12
1.230454780605985e-12
1.322193891463383e-12
1.413915481659544e-12
1.505543698156499e-12
1.597002687916219e-12
1.688216597900758e-12
1.779109575072100e-12
1.869605766392253e-12
1.959629318823212e-12
2.049104379327008e-12
2.137955094865613e-12
2.226105612401081e-12
2.313480078895395e-12
2.400002641310563e-12
2.485597446608582e-12
2.570188641751479e-12
2.653700373701232e-12
2.736056789419889e-12
2.817182035869436e-12
2.897000260011881e-12
2.975435608809221e-12
3.052412229223482e-12
3.127854268216644e-12
3.201685872750752e-12
3.273831189787794e-12
3.344214366289776e-12
3.412759549218698e-12
3.479390885536585e-12
3.544032522205433e-12
3.606608606187238e-12
3.667043284444034e-12
3.725260703937808e-12
3.781185011630589e-12
3.834740354484355e-12
3.885850879461128e-12
3.934440733522914e-12
3.980434063631723e-12
4.023755016749570e-12
4.064327739838442e-12
4.102076379860367e-12
4.136925083777332e-12
4.168797998551348e-12
4.197619271144444e-12
4.223313048518604e-12
4.245803477635850e-12
4.265014705458176e-12
4.280870878947596e-12
4.293296145066118e-12
4.302214650775748e-12
4.307550543038495e-12
4.309227968816365e-12
4.307171075071362e-12
4.301304008765499e-12
4.291550916860779e-12
4.277835946319213e-12
4.260083244102806e-12
4.238216957173559e-12
4.212161232493493e-12
4.181840217024607e-12
4.147178057728900e-12
4.108098901568408e-12
4.064526895505101e-12
4.016386186501012e-12
3.963600921518140e-12
3.906095247518480e-12
3.843793311464065e-12
3.776619260316890e-12
3.704497241038962e-12
3.627351400592269e-12
3.545105885938855e-12
3.457684844040710e-12
3.365012421859817e-12
3.267012766358254e-12
3.163610024497932e-12
3.054728343240933e-12
2.940291869549238e-12
2.820224750384826e-12
2.694451132709763e-12
2.562895163486026e-12
2.425480989675622e-12
2.282132758240525e-12
2.132774616142810e-12
1.977330710344453e-12
1.815725187807415e-12
1.647882195493790e-12
1.473725880365541e-12
1.293180389384675e-12
1.106169869513204e-12
9.126184677130846e-13
7.124503309464183e-13
5.055896061751122e-13
2.919604403613334e-13
7.148698046693060e-14
-1.559064077615509e-13
-3.901976429187043e-13
-6.311134384300300e-13
-8.783406970373662e-13
-1.131566321482732e-12
-1.390477214508087e-12
-1.654760278855389e-12
-1.924102417266667e-12
-2.198190532483744e-12
-2.476711527248718e-12
-2.759352304303336e-12
-3.045799766389768e-12
-3.335740816249976e-12
-3.628862356625775e-12
-3.924851290259270e-12
-4.223394519892273e-12
-4.524178948266816e-12
-4.826891478124858e-12
-5.131219012208357e-12
-5.436848453259354e-12
-5.743466704019651e-12
-6.050760667231359e-12
-6.358417245636288e-12
-6.666123341976393e-12
-6.973565858993868e-12
-7.280431699430439e-12
-7.586407766028218e-12
-7.891180961529012e-12
-8.194438188674856e-12
-8.495866350207714e-12
-8.795152348869538e-12
-9.091983087402366e-12
-9.386045468548006e-12
-9.677026395048566e-12
-9.964612769645860e-12
-1.024849149508185e-11
-1.052834947409870e-11
-1.080387360943817e-11
-1.107475080384235e-11
-1.134066796005306e-11
-1.160131198081233e-11
-1.185636976886219e-11
-1.210552822694440e-11
-1.234847425780118e-11
-1.258489476417429e-11
-1.281447664880576e-11
-1.303690681443760e-11
-1.325187216381166e-11
-1.345905959966996e-11
-1.365815602475445e-11
-1.384884834180714e-11
-1.403082345356989e-11
-1.420376826278472e-11
-1.436736967219362e-11
-1.452131458453843e-11
-1.466528990256127e-11
-1.479898252900397e-11
-1.492207936660855e-11
-1.503426731811698e-11
-1.513523328627117e-11
-1.522466417381310e-11
-1.530224688348474e-11
-1.536766831802806e-11
-1.542061538018499e-11
-1.546077497269750e-11
-1.548783399830756e-11
-1.550147935975710e-11
-1.550139795978811e-11
-1.548727670114254e-11
-1.545880248656235e-11
-1.541566221878949e-11
-1.535754280056593e-11
-1.528413113463361e-11
-1.519511412373454e-11
-1.509017867061060e-11
-1.496901167800383e-11
-1.483130004865614e-11
-1.467673068530946e-11
-1.450499049070584e-11
-1.431576636758719e-11
-1.410874521869547e-11
-1.388361394677264e-11
-1.364005945456059e-11
-1.337776864480141e-11
-1.309642842023693e-11
-1.279572568360932e-11
-1.247534733766032e-11
-1.213498028513188e-11
-1.177431142876612e-11
-1.139302767130484e-11
-1.099081591549017e-11
-1.056736306406397e-11
-1.012235601976823e-11
-9.655481685344880e-12
-9.166426963535765e-12
-8.654878757083097e-12
-8.120523968728562e-12
-7.563049501214397e-12
-6.982142257282581e-12
-6.377489139674621e-12
-5.748777051132928e-12
-5.095692894399138e-12
-4.417923572215544e-12
-3.715155987323946e-12
-2.987077042466298e-12
-2.233373640384556e-12
-1.453732683820498e-12
-6.478410755164540e-13
1.846142817860159e-13
1.043661447721749e-12
1.927221875745236e-12
2.832272832186204e-12
3.755787129660187e-12
4.694737580783856e-12
5.646096998172945e-12
6.606838194443895e-12
7.573933982213158e-12
8.544357174096211e-12
9.515080582710236e-12
1.048307702067071e-11
1.144531930059432e-11
1.239878023509679e-11
1.334043263679457e-11
1.426724931830388e-11
1.517620309224091e-11
1.606426677122209e-11
1.692841316786319e-11
1.776561509478064e-11
1.857284536459085e-11
1.934707678990943e-11
2.008528218335334e-11
2.078443435753826e-11
2.144150612508055e-11
2.205347029859659e-11
2.261729969070226e-11
2.312996711401394e-11
2.358844538114784e-11
2.398970730472026e-11
2.433072569734719e-11
2.460847337164496e-11
2.481992314022981e-11
2.496204781571786e-11
2.503182021072536e-11
2.502621313786853e-11
2.494219940976357e-11
2.477675183902664e-11
2.452684323827403e-11
2.418944642012181e-11
2.376153419718649e-11
2.324007938208384e-11
2.262205478743042e-11
2.190443322584232e-11
2.108418750993554e-11
2.015829045232669e-11
1.912371486563179e-11
1.797743356246702e-11
1.671641935544864e-11
1.533764505719245e-11
1.383808348031536e-11
1.221470743743284e-11
1.046448974116234e-11
8.584403204118815e-12
6.571420638918385e-12
4.424361969960565e-12
2.167123511199556e-12
-1.583262817300675e-13
-2.509619977051030e-12
-4.844390142983154e-12
-7.120269347749786e-12
-9.294890159572455e-12
-1.132588514667165e-11
-1.317088687726994e-11
-1.478752791958799e-11
-1.613344084184756e-11
-1.716625821227114e-11
-1.784361259907941e-11
-1.812313657049429e-11
-1.796246269473720e-11
-1.731922354002985e-11
-1.615105167459382e-11
-1.441557966665070e-11
-1.207044008442142e-11
-9.073265496128706e-12
-5.381688469992630e-12
-9.533415742366300e-13
4.254142622917159e-12
1.028313155325136e-11
1.717599264854018e-11
2.497509334056549e-11
3.372280106110184e-11
4.345752651844782e-11
5.414089991981962e-11
6.566492917366252e-11
7.791910140518336e-11
9.079290373956862e-11
1.041758233020201e-10
1.179573472177263e-10
1.320269626118861e-10
1.462741566096948e-10
1.605884163363477e-10
1.748592289170439e-10
1.889760814769714e-10
2.028284611413294e-10
2.163058550353164e-10
2.292977502841180e-10
2.416936340129424e-10
2.533829933469756e-10
2.642553154114159e-10
2.742000873314614e-10
2.831067962323022e-10
2.908649292391364e-10
2.973639734771593e-10
3.024934160715675e-10
3.061427441475538e-10
3.082014448303149e-10
3.085590052450462e-10
3.071049125169434e-10
3.037442417861322e-10
2.988412196942947e-10
2.932832442978395e-10
2.879861740754992e-10
2.838658675060101e-10
2.818381830681043e-10
2.828189792405160e-10
2.877241145019800e-10
2.974694473312278e-10
3.129708362069937e-10
3.351441396080179e-10
3.649052160130228e-10
4.031699239007470e-10
4.508541217499239e-10
5.088736680392872e-10
5.781444212475894e-10
6.595822398535294e-10
7.541029823358823e-10
8.626225071733053e-10
9.860566728446084e-10
1.125321337828537e-09
1.281332360603754e-09
1.455005599649073e-09
1.647256913443141e-09
1.859002160464731e-09
2.091157199192578e-09
2.344637888105416e-09
2.620377169258821e-09
2.920146769485221e-09
3.246921450633906e-09
3.603768891587855e-09
3.993756771230185e-09
4.419952768444347e-09
4.885424562113174e-09
5.393239831120046e-09
5.946466254347850e-09
6.548171510679848e-09
7.201423278999188e-09
7.909289238189006e-09
8.674837067132649e-09
9.501134444712872e-09
1.039437402649831e-08
1.138250260612362e-08
1.250271602363434e-08
1.379224402119950e-08
1.528831634098627e-08
1.702816272516354e-08
1.904901291589855e-08
2.138809665535978e-08
2.408264368571536e-08
2.716988374913337e-08
3.068704658778285e-08
3.467136194383016e-08
3.916005955944539e-08
4.419115449811984e-08
4.987778775001977e-08
5.646936801084493e-08
6.422969406029608e-08
7.342256467807648e-08
8.431177864388230e-08
9.716113473741643e-08
1.122358844783003e-07
1.298342071646715e-07
1.502869425306905e-07
1.739263295807809e-07
2.010846073193852e-07
2.320940147509492e-07
2.672867908798953e-07
3.071212770896515e-07
3.532248254272665e-07
4.078583967819678e-07
4.732892119957800e-07
5.517844919107670e-07
6.456114573690056e-07
7.570373292124707e-07
8.888914368044117e-07
1.046543265541292e-06
1.236079491063792e-06
1.463742372611780e-06
1.738365184435093e-06
2.070919852104264e-06
2.472445166507256e-06
2.954690662757887e-06
3.531048346811636e-06
4.215141524441146e-06
5.023215657520643e-06
5.990798648383133e-06
7.162023061639543e-06
8.581274429877143e-06
1.030050905219748e-05
1.238207897084447e-05
1.489806096665362e-05
1.792127542165206e-05
2.150979810029900e-05
2.577796485798383e-05
3.092497340068062e-05
3.707984356686462e-05
4.437469241513930e-05
5.298158433012831e-05
6.311558229413529e-05
7.474661369685113e-05
8.770547742388172e-05
1.015584780598029e-04
1.155949893813875e-04
1.289116480497194e-04
1.405867175003085e-04
1.498941068739210e-04
1.564912374782810e-04
1.605225847099537e-04
1.625998769399035e-04
1.636396805701001e-04
1.645813100573536e-04
1.660643479179787e-04
1.681858315770909e-04
1.704374092679141e-04
1.718513990955553e-04
1.713017678918837e-04
1.678449566779373e-04
1.609785400032950e-04
1.507426738781631e-04
1.376677499356311e-04
1.225759233577914e-04
1.064908682760205e-04
9.039553902380732e-05
7.513234736085408e-05
6.127154157209822e-05
4.916928791321834e-05
3.897536828908860e-05
3.067129803885313e-05
2.411355582136430e-05
1.909256738725009e-05
1.534199316451953e-05
1.259942559536015e-05
1.062389216054368e-05
9.220624177936880e-06
8.218984955771430e-06
7.494657459101616e-06
6.962754359960268e-06
6.562647452342348e-06
6.257384515810243e-06
6.020567755051948e-06
5.825214406197841e-06
5.660085665730169e-06
5.518774351237962e-06
5.395005715042157e-06
5.284895237732010e-06
5.186625473897004e-06
5.098182309759201e-06
5.017448316728558e-06
4.942336992843310e-06
4.871595199615564e-06
4.804873966049377e-06
4.741869655602478e-06
4.682289233377448e-06
4.625872796461320e-06
4.572366896486154e-06
4.521519706088094e-06
4.473096316750150e-06
4.426871885631716e-06
4.382621703301001e-06
4.340121060326219e-06
4.299145247275619e-06
4.259469554717411e-06
4.220894715235290e-06
4.183349000986317e-06
4.146800564699004e-06
4.111217572663467e-06
4.076568191169784e-06
4.042820586508077e-06
4.009942919247265e-06
3.977900929558451e-06
3.946654190735579e-06
3.916161308235085e-06
3.886380887513429e-06
3.857271534027047e-06
3.828791853232383e-06
3.800900664007477e-06
3.773566080600745e-06
3.746768904011048e-06
3.720490847572452e-06
3.694713624619044e-06
3.669418948484902e-06
3.644588532504083e-06
3.620204266751268e-06
3.596250590111952e-06
3.572713855703981e-06
3.549580463199760e-06
3.526836812271729e-06
3.504469302592291e-06
3.482464333833865e-06
3.460808773175981e-06
3.439492555368626e-06
3.418506851797146e-06
3.397842837261901e-06
3.377491686563237e-06
3.357444574501530e-06
3.337692676003484e-06
3.318227706482173e-06
3.299043158465354e-06
3.280132889185256e-06
3.261490755874108e-06
3.243110615764131e-06
3.224986326087565e-06
3.207111746082769e-06
3.189480898351015e-06
3.172088087118736e-06
3.154927644493049e-06
3.137993902581069e-06
3.121281193489908e-06
3.104783849326690e-06
3.088496337657602e-06
3.072415943487688e-06
3.056542612963494e-06
3.040876396399216e-06
3.025417344109078e-06
3.010165506407284e-06
2.995120933608055e-06
2.980283244050064e-06
2.965648296284914e-06
2.951210012973845e-06
2.936962300779000e-06
2.922899066362530e-06
2.909014216386579e-06
2.895301657513287e-06
2.881755296404812e-06
2.868369039723284e-06
2.855136794130859e-06
2.842052466289681e-06
2.829109962861890e-06
2.816303190509640e-06
2.803626063445651e-06
2.791073976144929e-06
2.778645568458945e-06
2.766339910616917e-06
2.754156072848051e-06
2.742093125381554e-06
2.730150138446639e-06
2.718326182272513e-06
2.706620327088385e-06
2.695031643123464e-06
2.683559200606957e-06
2.672202069768077e-06
2.660959320836029e-06
2.649830024040030e-06
2.638813213621488e-06
2.627907499073950e-06
2.617111212795098e-06
2.606422682424674e-06
2.595840235602427e-06
2.585362199968099e-06
2.574986903161436e-06
2.564712672822181e-06
2.554537836590077e-06
2.544460722104874e-06
2.534479657006310e-06
2.524592968934136e-06
2.514798985528095e-06
2.505096034627511e-06
2.495482610161521e-06
2.485957673318919e-06
2.476520266857243e-06
2.467169433534018e-06
2.457904216106785e-06
2.448723657333070e-06
2.439626799970404e-06
2.430612686776324e-06
2.421680360508358e-06
2.412828863924043e-06
2.404057239780911e-06
2.395364530836488e-06
2.386749779848312e-06
2.378212027852556e-06
2.369750287394812e-06
2.361363547600349e-06
2.353050796899359e-06
2.344811023722033e-06
2.336643216498562e-06
2.328546363659140e-06
2.320519453633957e-06
2.312561474853206e-06
2.304671415747082e-06
2.296848264745768e-06
2.289091010279464e-06
2.281398640778356e-06
2.273770144678191e-06
2.266204709845446e-06
2.258702250556677e-06
2.251262846430642e-06
2.243886577086086e-06
2.236573522141768e-06
2.229323761216436e-06
2.222137373928847e-06
2.215014439897752e-06
2.207955038741904e-06
2.200959250080055e-06
2.194027153530956e-06
2.187158828713363e-06
2.180354355246028e-06
2.173613789744004e-06
2.166936627338467e-06
2.160321783064794e-06
2.153768145231055e-06
2.147274602145312e-06
2.140840042115632e-06
2.134463353450080e-06
2.128143424456720e-06
2.121879143443617e-06
2.115669398718834e-06
2.109513078590439e-06
2.103409071366496e-06
2.097356265355068e-06
2.091353548864224e-06
2.085399810202025e-06
2.079493937676538e-06
2.073634819595828e-06
2.067821344267957e-06
2.062052400000993e-06
2.056326875103000e-06
2.050643657882045e-06
2.045001636646188e-06
2.039399699703498e-06
2.033836735362039e-06
2.028311631929874e-06
2.022823277715072e-06
2.017370561025694e-06
2.011952380184649e-06
2.006568022841834e-06
2.001217282396673e-06
1.995899986048690e-06
1.990615960997399e-06
1.985365034442326e-06
1.980147033582983e-06
1.974961785618894e-06
1.969809117749576e-06
1.964688857174549e-06
1.959600831093332e-06
1.954544866705445e-06
1.949520791210408e-06
1.944528431807738e-06
1.939567615696955e-06
1.934638170077579e-06
1.929739922149127e-06
1.924872699111122e-06
1.920036328163082e-06
1.915230636504523e-06
1.910455451334969e-06
1.905710599853935e-06
1.900995909260944e-06
1.896311206755511e-06
1.891656319537161e-06
1.887031074805409e-06
1.882435299759774e-06
1.877868822146171e-06
1.873331508006136e-06
1.868823286146516e-06
1.864344091192157e-06
1.859893857767900e-06
1.855472520498591e-06
1.851080014009074e-06
1.846716272924195e-06
1.842381231868796e-06
1.838074825467722e-06
1.833796988345819e-06
1.829547655127927e-06
1.825326760438895e-06
1.821134238903564e-06
1.816970025146781e-06
1.812834053793388e-06
1.808726259468231e-06
1.804646576796153e-06
1.800594940401998e-06
1.796571284910612e-06
1.792575544946838e-06
1.788607655135520e-06
1.784667550101505e-06
1.780755164469633e-06
1.776870432864752e-06
1.773013289911703e-06
1.769183670235334e-06
1.765381508022667e-06
1.761606668554914e-06
1.757858873727718e-06
1.754137827544979e-06
1.750443234010601e-06
1.746774797128486e-06
1.743132220902533e-06
1.739515209336648e-06
1.735923466434731e-06
1.732356696200683e-06
1.728814602638407e-06
1.725296889751803e-06
1.721803261544776e-06
1.718333422021226e-06
1.714887075185056e-06
1.711463925040166e-06
1.708063675590460e-06
1.704686030839838e-06
1.701330694792203e-06
1.697997371451457e-06
1.694685764821502e-06
1.691395578906239e-06
1.688126517709571e-06
1.684878285235398e-06
1.681650585487625e-06
1.678443122470150e-06
1.675255600186879e-06
1.672087722641711e-06
1.668939193838549e-06
1.665809717781294e-06
1.662698998473849e-06
1.659606739920116e-06
1.656532646123995e-06
1.653476421089391e-06
1.650437768820204e-06
1.647416393320334e-06
1.644411998593687e-06
1.641424288644161e-06
1.638452967475661e-06
1.635497739092088e-06
1.632558307497343e-06
1.629634376695328e-06
1.626725650689945e-06
1.623831833485097e-06
1.620952629084685e-06
1.618087741492612e-06
1.615236874712778e-06
1.612399732749084e-06
1.609576019605436e-06
1.606765439285732e-06
1.603967695793877e-06
1.601182493133771e-06
1.598409535309315e-06
1.595648526324414e-06
1.592899170188439e-06
1.590161221573394e-06
1.587434609643720e-06
1.584719301102471e-06
1.582015262652704e-06
1.579322460997474e-06
1.576640862839836e-06
1.573970434882847e-06
1.571311143829562e-06
1.568662956383037e-06
1.566025839246328e-06
1.563399759122489e-06
1.560784682714576e-06
1.558180576725647e-06
1.555587407858755e-06
1.553005142816955e-06
1.550433748303307e-06
1.547873191020861e-06
1.545323437672677e-06
1.542784454961808e-06
1.540256209591312e-06
1.537738668264243e-06
1.535231797683657e-06
1.532735564552609e-06
1.530249935574155e-06
1.527774877451351e-06
1.525310356887253e-06
1.522856340584915e-06
1.520412795247395e-06
1.517979687577747e-06
1.515556984279027e-06
1.513144652054291e-06
1.510742657606593e-06
1.508350967638991e-06
1.505969548854539e-06
1.503598367956294e-06
1.501237391647310e-06
1.498886586630644e-06
1.496545919609351e-06
1.494215357286486e-06
1.491894866365106e-06
1.489584413548266e-06
1.487283965539022e-06
1.484993489040428e-06
1.482712950755542e-06
1.480442317387418e-06
1.478181555639112e-06
1.475930632213680e-06
1.473689513814178e-06
1.471458167143660e-06
1.469236558905184e-06
1.467024655801803e-06
1.464822424536575e-06
1.462629831812553e-06
1.460446844332796e-06
1.458273429848620e-06
1.456109562232824e-06
1.453955217573926e-06
1.451810371963495e-06
1.449675001493104e-06
1.447549082254322e-06
1.445432590338722e-06
1.443325501837875e-06
1.441227792843350e-06
1.439139439446721e-06
1.437060417739557e-06
1.434990703813431e-06
1.432930273759913e-06
1.430879103670573e-06
1.428837169636984e-06
1.426804447750717e-06
1.424780914103343e-06
1.422766544786433e-06
1.420761315891557e-06
1.418765203510288e-06
1.416778183734195e-06
1.414800232654851e-06
1.412831326363827e-06
1.410871440952694e-06
1.408920552513023e-06
1.406978637136384e-06
1.405045670914349e-06
1.403121629938490e-06
1.401206490300377e-06
1.399300228091582e-06
1.397402819403676e-06
1.395514240328229e-06
1.393634466956813e-06
1.391763475381000e-06
1.389901241692360e-06
1.388047741982464e-06
1.386202952342885e-06
1.384366848865191e-06
1.382539407640955e-06
1.380720604761749e-06
1.378910416319142e-06
1.377108818404707e-06
1.375315787110015e-06
1.373531298526636e-06
1.371755328746141e-06
1.369987853860103e-06
1.368228849960091e-06
1.366478293137678e-06
1.364736159484434e-06
1.363002425091930e-06
1.361277066051738e-06
1.359560058455429e-06
1.357851378394574e-06
1.356151001960743e-06
1.354458903667907e-06
1.352775041743485e-06
1.351099364806703e-06
1.349431821352604e-06
1.347772359876232e-06
1.346120928872628e-06
1.344477476836838e-06
1.342841952263902e-06
1.341214303648865e-06
1.339594479486769e-06
1.337982428272656e-06
1.336378098501571e-06
1.334781438668555e-06
1.333192397268652e-06
1.331610922796905e-06
1.330036963748356e-06
1.328470468618050e-06
1.326911385901027e-06
1.325359664092333e-06
1.323815251687008e-06
1.322278097180097e-06
1.320748149066643e-06
1.319225355841687e-06
1.317709666000274e-06
1.316201028037446e-06
1.314699390448246e-06
1.313204701727716e-06
1.311716910370901e-06
1.310235964872843e-06
1.308761813728584e-06
1.307294405433169e-06
1.305833688481638e-06
1.304379611369037e-06
1.302932122590407e-06
1.301491170640792e-06
1.300056704015234e-06
1.298628671208776e-06
1.297207020716462e-06
1.295791701033334e-06
1.294382660654435e-06
1.292979848074808e-06
1.291583211789496e-06
1.290192700293542e-06
1.288808262081989e-06
1.287429845649881e-06
1.286057399492259e-06
1.284690872104166e-06
1.283330211980646e-06
1.281975367616742e-06
1.280626287507496e-06
1.279282920147952e-06
1.277945214033153e-06
1.276613117658140e-06
1.275286579517958e-06
1.273965548107650e-06
1.272649971922257e-06
1.271339799456823e-06
1.270034979206392e-06
1.268735459666005e-06
1.267441189330707e-06
1.266152116695539e-06
1.264868190255545e-06
1.263589358505768e-06
1.262315569941251e-06
1.261046773057036e-06
1.259782916348167e-06
1.258523948309686e-06
1.257269817436636e-06
1.256020472224061e-06
1.254775861167004e-06
1.253535932760506e-06
1.252300635499612e-06
1.251069917879364e-06
1.249843728394804e-06
1.248622015540977e-06
1.247404727812925e-06
1.246191813705691e-06
1.244983221714317e-06
1.243778900333847e-06
1.242578798059324e-06
1.241382863385791e-06
1.240191044808290e-06
1.239003290821864e-06
1.237819549921557e-06
1.236639770602412e-06
1.235463901359470e-06
1.234291890687776e-06
1.233123687082372e-06
1.231959239038301e-06
1.230798495050606e-06
1.229641403614330e-06
1.228487913224516e-06
1.227337972376207e-06
1.226191529564446e-06
1.225048533284275e-06
1.223908932030739e-06
1.222772674298878e-06
1.221639708583738e-06
1.220509983380359e-06
1.219383447183786e-06
1.218260048489062e-06
1.217139735791229e-06
1.216022457585330e-06
1.214908162366408e-06
1.213796798629507e-06
1.212688314869668e-06
1.211582659581935e-06
1.210479781261352e-06
1.209379628752339e-06
1.208282169550832e-06
1.207187398806639e-06
1.206095313907420e-06
1.205005912240836e-06
1.203919191194550e-06
1.202835148156223e-06
1.201753780513515e-06
1.200675085654089e-06
1.199599060965607e-06
1.198525703835728e-06
1.197455011652116e-06
1.196386981802432e-06
1.195321611674336e-06
1.194258898655491e-06
1.193198840133557e-06
1.192141433496197e-06
1.191086676131072e-06
1.190034565425844e-06
1.188985098768173e-06
1.187938273545721e-06
1.186894087146151e-06
1.185852536957122e-06
1.184813620366297e-06
1.183777334761338e-06
1.182743677529905e-06
1.181712646059660e-06
1.180684237738264e-06
1.179658449953381e-06
1.178635280092669e-06
1.177614725543792e-06
1.176596783694410e-06
1.175581451932184e-06
1.174568727644778e-06
1.173558608219851e-06
1.172551091045066e-06
1.171546173508084e-06
1.170543852996566e-06
1.169544126898174e-06
1.168546992600569e-06
1.167552447491413e-06
1.166560488958368e-06
1.165571114389093e-06
1.164584321171253e-06
1.163600106692507e-06
1.162618468340517e-06
1.161639403502945e-06
1.160662909567451e-06
1.159688983921699e-06
1.158717623953348e-06
1.157748827050061e-06
1.156782590599499e-06
1.155818911989324e-06
1.154857788607196e-06
1.153899217840778e-06
1.152943197077731e-06
1.151989723705716e-06
1.151038795112395e-06
1.150090408685429e-06
1.149144561812480e-06
1.148201251881209e-06
1.147260476279278e-06
1.146322232394349e-06
1.145386517614082e-06
1.144453329326139e-06
1.143522664918182e-06
1.142594521777872e-06
1.141668897292870e-06
1.140745788850839e-06
1.139825193839439e-06
1.138907109646332e-06
1.137991533659180e-06
1.137078463265644e-06
1.136167895853384e-06
1.135259828810065e-06
1.134354259523345e-06
1.133451185380887e-06
1.132550603770353e-06
1.131652512079403e-06
1.130756907695700e-06
1.129863788006904e-06
1.128973150400678e-06
1.128084992264682e-06
1.127199310986579e-06
1.126316103954029e-06
1.125435368554694e-06
1.124557102176236e-06
1.123681302206316e-06
1.122807966032596e-06
1.121937091042736e-06
1.121068674624399e-06
1.120202714165246e-06
1.119339207052939e-06
1.118478150675138e-06
1.117619542419506e-06
1.116763379673704e-06
1.115909659825393e-06
1.115058380262235e-06
1.114209538371891e-06
1.113363131542023e-06
1.112519157160292e-06
1.111677612614360e-06
1.110838495291888e-06
1.110001802580538e-06
1.109167531867971e-06
1.108335680541849e-06
1.107506245989832e-06
1.106679225599584e-06
1.105854616758764e-06
1.105032415745571e-06
1.104212614400347e-06
1.103395203453969e-06
1.102580173637317e-06
1.101767515681268e-06
1.100957220316701e-06
1.100149278274494e-06
1.099343680285524e-06
1.098540417080671e-06
1.097739479390813e-06
1.096940857946827e-06
1.096144543479592e-06
1.095350526719987e-06
1.094558798398889e-06
1.093769349247176e-06
1.092982169995727e-06
1.092197251375421e-06
1.091414584117134e-06
1.090634158951747e-06
1.089855966610135e-06
1.089079997823179e-06
1.088306243321756e-06
1.087534693836744e-06
1.086765340099023e-06
1.085998172839469e-06
1.085233182788961e-06
1.084470360678377e-06
1.083709697238595e-06
1.082951183200495e-06
1.082194809294954e-06
1.081440566252849e-06
1.080688444805060e-06
1.079938435682464e-06
1.079190529615941e-06
1.078444717336367e-06
1.077700989574622e-06
1.076959337061583e-06
1.076219750528130e-06
1.075482220705139e-06
1.074746738323489e-06
1.074013294114058e-06
1.073281878807726e-06
1.072552483135368e-06
1.071825097827865e-06
1.071099713616095e-06
1.070376321230935e-06
1.069654911403263e-06
1.068935474863959e-06
1.068218002343899e-06
1.067502484573964e-06
1.066788912285029e-06
1.066077276207975e-06
1.065367567073678e-06
1.064659775613018e-06
1.063953892556872e-06
1.063249908636119e-06
1.062547814581637e-06
1.061847601124305e-06
1.061149258994999e-06
1.060452778924599e-06
1.059758151643983e-06
1.059065367884029e-06
1.058374418375616e-06
1.057685293849621e-06
1.056997985036923e-06
1.056312482668399e-06
1.055628777474929e-06
1.054946860187390e-06
1.054266721536660e-06
1.053588352253619e-06
1.052911743069143e-06
1.052236884714112e-06
1.051563767919404e-06
1.050892383415895e-06
1.050222721934467e-06
1.049554774205995e-06
1.048888530961358e-06
1.048223982931436e-06
1.047561120847104e-06
1.046899935439244e-06
1.046240417438731e-06
1.045582557576445e-06
1.044926346583263e-06
1.044271775190065e-06
1.043618834127727e-06
1.042967514127129e-06
1.042317805919149e-06
1.041669700234664e-06
1.041023187804554e-06
1.040378259359696e-06
1.039734905630968e-06
1.039093117349248e-06
1.038452885245417e-06
1.037814200050349e-06
1.037177052494926e-06
1.036541433310024e-06
1.035907333226522e-06
1.035274742975297e-06
1.034643653287230e-06
1.034014054893197e-06
1.033385938524076e-06
1.032759294910746e-06
1.032134114784086e-06
1.031510388874972e-06
1.030888107914285e-06
1.030267262632901e-06
1.029647843761699e-06
1.029029842031558e-06
1.028413248549533e-06
1.027798059071237e-06
1.027184272487557e-06
1.026571887748112e-06
1.025960903802523e-06
1.025351319600406e-06
1.024743134091380e-06
1.024136346225065e-06
1.023530954951080e-06
1.022926959219042e-06
1.022324357978571e-06
1.021723150179285e-06
1.021123334770804e-06
1.020524910702745e-06
1.019927876924728e-06
1.019332232386371e-06
1.018737976037293e-06
1.018145106827113e-06
1.017553623705450e-06
1.016963525621922e-06
1.016374811526148e-06
1.015787480367747e-06
1.015201531096337e-06
1.014616962661537e-06
1.014033774012966e-06
1.013451964100243e-06
1.012871531872987e-06
1.012292476280815e-06
1.011714796273348e-06
1.011138490800203e-06
1.010563558811000e-06
1.009989999255356e-06
1.009417811082892e-06
1.008846993243225e-06
1.008277544685974e-06
1.007709464360758e-06
1.007142751217196e-06
1.006577404204907e-06
1.006013422273509e-06
1.005450804372621e-06
1.004889549451861e-06
1.004329656460850e-06
1.003771124349204e-06
1.003213952066543e-06
1.002658138562486e-06
1.002103682786651e-06
1.001550583688657e-06
1.000998840218123e-06
1.000448451324668e-06
9.998994159579102e-07
9.993517330674686e-07
9.988054016029613e-07
9.982604205140080e-07
9.977167887502272e-07
9.971745052612369e-07
9.966335689966566e-07
9.960939789061047e-07
9.955557339391997e-07
9.950188330455609e-07
9.944832751748070e-07
9.939490592765562e-07
9.934161843004277e-07
9.928846491960402e-07
9.923544529130121e-07
9.918255944009624e-07
9.912980726095100e-07
9.907718864882736e-07
9.902470349868715e-07
9.897235170549226e-07
9.892013316420459e-07
9.886804776978598e-07
9.881609541719834e-07
9.876427600140353e-07
9.871258941736339e-07
9.866103556003983e-07
9.860961432439472e-07
9.855832560538994e-07
9.850716929798735e-07
9.845614529714881e-07
9.840525349783624e-07
9.835449379501146e-07
9.830386608363635e-07
9.825337025867283e-07
9.820300621508274e-07
9.815277384782794e-07
9.810267305187033e-07
9.805270372217178e-07
9.800286575369414e-07
9.795315904139930e-07
9.790358348024915e-07
9.785413896520554e-07
9.780482539123038e-07
9.775564265328547e-07
9.770659064633278e-07
9.765766926533409e-07
9.760887840525131e-07
9.756021796104636e-07
9.751168782768104e-07
9.746328790011726e-07
9.741501807331689e-07
9.736687824224182e-07
9.731886830185390e-07
9.727098814711500e-07
9.722323767298704e-07
9.717561677443182e-07
9.712812534641124e-07
9.708076328388722e-07
9.703353048182158e-07
9.698642683405828e-07
9.693945214794644e-07
9.689260608422051e-07
9.684588828941295e-07
9.679929841005636e-07
9.675283609268328e-07
9.670650098382620e-07
9.666029273001765e-07
9.661421097779025e-07
9.656825537367646e-07
9.652242556420881e-07
9.647672119591988e-07
9.643114191534219e-07
9.638568736900825e-07
9.634035720345062e-07
9.629515106520186e-07
9.625006860079446e-07
9.620510945676096e-07
9.616027327963393e-07
9.611555971594588e-07
9.607096841222937e-07
9.602649901501690e-07
9.598215117084102e-07
9.593792452623427e-07
9.589381872772917e-07
9.584983342185827e-07
9.580596825515413e-07
9.576222287414923e-07
9.571859692537615e-07
9.567509005536742e-07
9.563170191065555e-07
9.558843213777310e-07
9.554528038325260e-07
9.550224629362661e-07
9.545932951542759e-07
9.541652969518814e-07
9.537384647944081e-07
9.533127951471807e-07
9.528882844755251e-07
9.524649292447666e-07
9.520427259202302e-07
9.516216709672415e-07
9.512017608511258e-07
9.507829920372089e-07
9.503653609908154e-07
9.499488641772712e-07
9.495334980619015e-07
9.491192591100315e-07
9.487061437869866e-07
9.482941485580924e-07
9.478832698886741e-07
9.474735042440569e-07
9.470648480895664e-07
9.466572978905280e-07
9.462508501122668e-07
9.458455012201082e-07
9.454412476793778e-07
9.450380859554006e-07
9.446360125135024e-07
9.442350238190081e-07
9.438351163372435e-07
9.434362865335334e-07
9.430385308732036e-07
9.426418458215794e-07
9.422462278439861e-07
9.418516734057489e-07
9.414581789721933e-07
9.410657410086448e-07
9.406743559804286e-07
9.402840203528699e-07
9.398947305912947e-07
9.395064831610274e-07
9.391192745273939e-07
9.387331011557195e-07
9.383479595113297e-07
9.379638460595496e-07
9.375807572657046e-07
9.371986895951204e-07
9.368176395131218e-07
9.364376034850344e-07
9.360585779761839e-07
9.356805594518950e-07
9.353035443774935e-07
9.349275292183048e-07
9.345525104396542e-07
9.341784845068667e-07
9.338054478852679e-07
9.334333970401835e-07
9.330623284369383e-07
9.326922385408578e-07
9.323231238172678e-07
9.319549807314930e-07
9.315878057488591e-07
9.312215953346914e-07
9.308563459543155e-07
9.304920540730565e-07
9.301287161562395e-07
9.297663286691906e-07
9.294048880772344e-07
9.290443908456964e-07
9.286848334399023e-07
9.283262123251774e-07
9.279685239668467e-07
9.276117648302359e-07
9.272559313806703e-07
9.269010200834751e-07
9.265470274039757e-07
9.261939498074978e-07
9.258417837593664e-07
9.254905257249067e-07
9.251401721694443e-07
9.247907195583046e-07
9.244421643568129e-07
9.240945030302945e-07
9.237477320440749e-07
9.234018478634793e-07
9.230568469538331e-07
9.227127257804616e-07
9.223694808086904e-07
9.220271085038445e-07
9.216856053312498e-07
9.213449677562312e-07
9.210051922441139e-07
9.206662752602235e-07
9.203282132698855e-07
9.199910027384252e-07
9.196546401311678e-07
9.193191219134386e-07
9.189844445505633e-07
9.186506045078669e-07
9.183175982506750e-07
9.179854222443129e-07
9.176540729541058e-07
9.173235468453794e-07
9.169938403834586e-07
9.166649500336691e-07
9.163368722613361e-07
9.160096035317850e-07
9.156831403103412e-07
9.153574790623300e-07
9.150326162530766e-07
9.147085483479066e-07
9.143852718121455e-07
9.140627831111182e-07
9.137410787101503e-07
9.134201550745676e-07
9.131000086696945e-07
9.127806359608569e-07
9.124620334133802e-07
9.121441974925898e-07
9.118271246638109e-07
9.115108113923687e-07
9.111952541435889e-07
9.108804493827967e-07
9.105663935753173e-07
9.102530831864765e-07
9.099405146815991e-07
9.096286845260109e-07
9.093175891850371e-07
9.090072251240030e-07
9.086975888082340e-07
9.083886767030553e-07
9.080804852737927e-07
9.077730109857710e-07
9.074662503043158e-07
9.071601996947526e-07
9.068548556224067e-07
9.065502145526033e-07
9.062462729506678e-07
9.059430272819257e-07
9.056404740117023e-07
9.053386096053228e-07
9.050374305281128e-07
9.047369332453974e-07
9.044371142225021e-07
9.041379699247523e-07
9.038394968174733e-07
9.035416913659904e-07
9.032445500356290e-07
9.029480692917146e-07
9.026522455995722e-07
9.023570754245275e-07
9.020625552319058e-07
9.017686814870325e-07
9.014754506552326e-07
9.011828592018318e-07
9.008909035921554e-07
9.005995802915286e-07
9.003088857652768e-07
9.000188164787257e-07
8.997293688972002e-07
8.994405394860259e-07
8.991523247105280e-07
8.988647210360322e-07
8.985777249278634e-07
8.982913328513474e-07
8.980055412718092e-07
8.977203466545741e-07
8.974357454649678e-07
8.971517341683154e-07
8.968683092299425e-07
8.965854671151742e-07
8.963032042893359e-07
8.960215172177532e-07
8.957404023657512e-07
8.954598561986553e-07
8.951798751817909e-07
8.949004557804833e-07
8.946215944600581e-07
8.943432876858403e-07
8.940655319231554e-07
8.937883236373288e-07
8.935116592936857e-07
8.932355353575519e-07
8.929599482942522e-07
8.926848945691121e-07
8.924103706474572e-07
8.921363730883640e-07
8.918628998537045e-07
8.915899499852260e-07
8.913175225524541e-07
8.910456166249136e-07
8.907742312721300e-07
8.905033655636287e-07
8.902330185689349e-07
8.899631893575738e-07
8.896938769990709e-07
8.894250805629515e-07
8.891567991187406e-07
8.888890317359637e-07
8.886217774841463e-07
8.883550354328133e-07
8.880888046514903e-07
8.878230842097025e-07
8.875578731769752e-07
8.872931706228336e-07
8.870289756168029e-07
8.867652872284089e-07
8.865021045271764e-07
8.862394265826309e-07
8.859772524642976e-07
8.857155812417020e-07
8.854544119843692e-07
8.851937437618245e-07
8.849335756435934e-07
8.846739066992010e-07
8.844147359981726e-07
8.841560626100337e-07
8.838978856043093e-07
8.836402040505247e-07
8.833830170182055e-07
8.831263235768769e-07
8.828701227960640e-07
8.826144137452922e-07
8.823591954940870e-07
8.821044671119734e-07
8.818502276684769e-07
8.815964762331225e-07
8.813432118754362e-07
8.810904336649424e-07
8.808381406711669e-07
8.805863319636350e-07
8.803350066118717e-07
8.800841636854026e-07
8.798338022537531e-07
8.795839213864480e-07
8.793345201530130e-07
8.790855976229733e-07
8.788371528658543e-07
8.785891849511810e-07
8.783416929484790e-07
8.780946759272735e-07
8.778481329570897e-07
8.776020631074529e-07
8.773564654478886e-07
8.771113390479219e-07
8.768666829770782e-07
8.766224963048827e-07
8.763787781008610e-07
8.761355274345378e-07
8.758927433754390e-07
8.756504249930896e-07
8.754085713570148e-07
8.751671815367403e-07
8.749262546017910e-07
8.746857896216924e-07
8.744457856659696e-07
8.742062418041481e-07
8.739671571057532e-07
8.737285306403100e-07
8.734903614773440e-07
8.732526486863804e-07
8.730153913369446e-07
8.727785884985618e-07
8.725422392407572e-07
8.723063426330565e-07
8.720708977449844e-07
8.718359036460666e-07
8.716013594058282e-07
8.713672640937948e-07
8.711336167794914e-07
8.709004165324433e-07
8.706676624221761e-07
8.704353535182147e-07
8.702034888900847e-07
8.699720676073113e-07
8.697410887394196e-07
8.695105513559353e-07
8.692804545263833e-07
8.690507973202893e-07
8.688215788071781e-07
8.685927980565754e-07
8.683644541380064e-07
8.681365461209963e-07
8.679090730750704e-07
8.676820340697541e-07
8.674554281745727e-07
8.672292544590514e-07
8.670035119927156e-07
8.667781998450905e-07
8.665533170857015e-07
8.663288627840738e-07
8.661048360097328e-07
8.658812358322036e-07
8.656580613210116e-07
8.654353115456822e-07
8.652129855757407e-07
8.649910824807122e-07
8.647696013301221e-07
8.645485411934958e-07
8.643279011403586e-07
8.641076802402355e-07
8.638878775626521e-07
8.636684921771338e-07
8.634495231532054e-07
8.632309695603926e-07
8.630128304682207e-07
8.627951049462147e-07
8.625777920639002e-07
8.623608908908024e-07
8.621444004964465e-07
8.619283199503580e-07
8.617126483220619e-07
8.614973846810839e-07
8.612825280969489e-07
8.610680776391825e-07
8.608540323773100e-07
8.606403913808562e-07
8.604271537193469e-07
8.602143184623073e-07
8.600018846792627e-07
8.597898514397383e-07
8.595782178132594e-07
8.593669828693515e-07
8.591561456775396e-07
8.589457053073491e-07
8.587356608283055e-07
8.585260113099338e-07
8.583167558217596e-07
8.581078934333079e-07
8.578994232141042e-07
8.576913442336736e-07
8.574836555615416e-07
8.572763562672334e-07
8.570694454202744e-07
8.568629220901896e-07
8.566567853465047e-07
8.564510342587448e-07
8.562456678964351e-07
8.560406853291010e-07
8.558360856262681e-07
8.556318678574611e-07
8.554280310922056e-07
8.552245744000270e-07
8.550214968504504e-07
8.548187975130012e-07
8.546164754572047e-07
8.544145297525862e-07
8.542129594686710e-07
8.540117636749842e-07
8.538109414410515e-07
8.536104918363978e-07
8.534104139305486e-07
8.532107067930292e-07
8.530113694933650e-07
8.528124011010810e-07
8.526138006857026e-07
8.524155673167553e-07
8.522177000637641e-07
8.520201979962545e-07
8.518230601837517e-07
8.516262856957811e-07
8.514298736018679e-07
8.512338229715374e-07
8.510381328743152e-07
8.508428023797262e-07
8.506478305572956e-07
8.504532164765492e-07
8.502589592070118e-07
8.500650578182089e-07
8.498715113796660e-07
8.496783189609082e-07
8.494854796314607e-07
8.492929924608489e-07
8.491008565185982e-07
8.489090708742337e-07
8.487176345972809e-07
8.485265467572649e-07
8.483358064237113e-07
8.481454126661449e-07
8.479553645540914e-07
8.477656611570760e-07
8.475763015446240e-07
8.473872847862606e-07
8.471986099515112e-07
8.470102761099012e-07
8.468222823309556e-07
8.466346276841999e-07
8.464473112391594e-07
8.462603320653593e-07
8.460736892323251e-07
8.458873818095819e-07
8.457014088666550e-07
8.455157694730697e-07
8.453304626983515e-07
8.451454876120255e-07
8.449608432836169e-07
8.447765287826513e-07
8.445925431786537e-07
8.444088855411496e-07
8.442255549396642e-07
8.440425504437229e-07
8.438598711228510e-07
8.436775160465736e-07
8.434954842844161e-07
8.433137749059039e-07
8.431323869805621e-07
8.429513195779161e-07
8.427705717674913e-07
8.425901426188129e-07
8.424100312014062e-07
8.422302365847964e-07
8.420507578385090e-07
8.418715940320691e-07
8.416927442350022e-07
8.415142075168335e-07
8.413359829470882e-07
8.411580695952917e-07
8.409804665309692e-07
8.408031728236462e-07
8.406261875428478e-07
8.404495097580994e-07
8.402731385389263e-07
8.400970729548538e-07
8.399213120754070e-07
8.397458549701115e-07
8.395707007084923e-07
8.393958483600751e-07
8.392212969943847e-07
8.390470456809468e-07
8.388730934892865e-07
8.386994394889291e-07
8.385260827494001e-07
8.383530223402245e-07
8.381802573309277e-07
8.380077867910350e-07
8.378356097900719e-07
8.376637253975634e-07
8.374921326830349e-07
8.373208307160119e-07
8.371498185660195e-07
8.369790953025828e-07
8.368086599952274e-07
8.366385117134786e-07
8.364686495268614e-07
8.362990725049015e-07
8.361297797171240e-07
8.359607702330540e-07
8.357920431222172e-07
8.356235974541387e-07
8.354554322983436e-07
8.352875467243574e-07
8.351199398017055e-07
8.349526105999132e-07
8.347855581885054e-07
8.346187816370078e-07
8.344522800149456e-07
8.342860523918440e-07
8.341200978372284e-07
8.339544154206242e-07
8.337890042115563e-07
8.336238632795504e-07
8.334589916941316e-07
8.332943885248253e-07
8.331300528411567e-07
8.329659837126512e-07
8.328021802088341e-07
8.326386413992305e-07
8.324753663533659e-07
8.323123541407655e-07
8.321496038309548e-07
8.319871144934587e-07
8.318248851978028e-07
8.316629150135125e-07
8.315012030101126e-07
8.313397482571289e-07
8.311785498240866e-07
8.310176067805109e-07
8.308569181959269e-07
8.306964831398602e-07
8.305363006818361e-07
8.303763698913797e-07
8.302166898380164e-07
8.300572595912715e-07
8.298980782206704e-07
8.297391447957381e-07
8.295804583860001e-07
8.294220180609819e-07
8.292638228902084e-07
8.291058719432051e-07
8.289481642894975e-07
8.287906989986104e-07
8.286334751400694e-07
8.284764917833998e-07
8.283197479981269e-07
8.281632428537759e-07
8.280069754198722e-07
8.278509447659411e-07
8.276951499615078e-07
8.275395900760976e-07
8.273842641792360e-07
8.272291713404479e-07
8.270743106292591e-07
8.269196811151945e-07
8.267652818677796e-07
8.266111119565395e-07
8.264571704509997e-07
8.263034564206856e-07
8.261499689351221e-07
8.259967070638348e-07
8.258436698763488e-07
8.256908564421897e-07
8.255382658308824e-07
8.253858971119526e-07
8.252337493549254e-07
8.250818216293261e-07
8.249301130046800e-07
8.247786225505122e-07
8.246273493363484e-07
8.244762924317137e-07
8.243254509061333e-07
8.241748238291327e-07
8.240244102702370e-07
8.238742092989715e-07
8.237242199848617e-07
8.235744413974327e-07
8.234248726062100e-07
8.232755126807187e-07
8.231263606904842e-07
8.229774157050317e-07
8.228286767938865e-07
8.226801430265741e-07
8.225318134726196e-07
8.223836872015483e-07
8.222357632828857e-07
8.220880407861568e-07
8.219405187808870e-07
8.217931963366018e-07
8.216460725228263e-07
8.214991464090857e-07
8.213524170649057e-07
8.212058835598112e-07
8.210595449633276e-07
8.209134003449802e-07
8.207674487742943e-07
8.206216893207953e-07
8.204761210540084e-07
8.203307430434589e-07
8.201855543586721e-07
8.200405540691733e-07
8.198957412444878e-07
8.197511149541410e-07
8.196066742676580e-07
8.194624182545642e-07
8.193183459843849e-07
8.191744565266455e-07
8.190307489508711e-07
8.188872223265870e-07
8.187438757233187e-07
8.186007082105914e-07
8.184577188579303e-07
8.183149067348607e-07
8.181722709109081e-07
8.180298104555976e-07
8.178875244384546e-07
8.177454119290045e-07
8.176034719967723e-07
8.174617037112834e-07
8.173201061420633e-07
8.171786783586371e-07
8.170374194305301e-07
8.168963284272676e-07
8.167554044183752e-07
8.166146464733776e-07
8.164740536618006e-07
8.163336250531694e-07
8.161933597170092e-07
8.160532567228453e-07
8.159133151402030e-07
8.157735340386077e-07
8.156339124875845e-07
8.154944495566589e-07
8.153551443153562e-07
8.152159958332015e-07
8.150770031797201e-07
8.149381654244375e-07
8.147994816368790e-07
8.146609508865697e-07
8.145225722430351e-07
8.143843447758003e-07
8.142462675543908e-07
8.141083396483317e-07
8.139705601271483e-07
8.138329280603661e-07
8.136954425175103e-07
8.135581025681060e-07
8.134209072816789e-07
8.132838557277540e-07
8.131469469758566e-07
8.130101800955121e-07
8.128735541562459e-07
8.127370682275830e-07
8.126007213790490e-07
8.124645126801689e-07
8.123284412004682e-07
8.121925060094721e-07
8.120567061767061e-07
8.119210407716952e-07
8.117855088639649e-07
8.116501095230404e-07
8.115148418184471e-07
8.113797048197101e-07
8.112446975963550e-07
8.111098192179069e-07
8.109750687538910e-07
8.108404452738328e-07
8.107059478472576e-07
8.105715755436906e-07
8.104373274326570e-07
8.103032025836822e-07
8.101692000676259e-07
8.100353192382078e-07
8.099015600802470e-07
8.097679226639543e-07
8.096344070595403e-07
8.095010133372159e-07
8.093677415671920e-07
8.092345918196791e-07
8.091015641648881e-07
8.089686586730297e-07
8.088358754143148e-07
8.087032144589541e-07
8.085706758771583e-07
8.084382597391384e-07
8.083059661151049e-07
8.081737950752687e-07
8.080417466898404e-07
8.079098210290312e-07
8.077780181630514e-07
8.076463381621120e-07
8.075147810964238e-07
8.073833470361975e-07
8.072520360516438e-07
8.071208482129735e-07
8.069897835903975e-07
8.068588422541264e-07
8.067280242743711e-07
8.065973297213423e-07
8.064667586652509e-07
8.063363111763074e-07
8.062059873247229e-07
8.060757871807079e-07
8.059457108144733e-07
8.058157582962298e-07
8.056859296961883e-07
8.055562250845594e-07
8.054266445315540e-07
8.052971881073828e-07
8.051678558822566e-07
8.050386479263861e-07
8.049095643099822e-07
8.047806051032556e-07
8.046517703764171e-07
8.045230601996773e-07
8.043944746432472e-07
8.042660137773376e-07
8.041376776721591e-07
8.040094663979224e-07
8.038813800248386e-07
8.037534186231180e-07
8.036255822629718e-07
8.034978710146107e-07
8.033702849482452e-07
8.032428241340863e-07
8.031154886423447e-07
8.029882785432312e-07
8.028611939069565e-07
8.027342348037315e-07
8.026074013037670e-07
8.024806934772735e-07
8.023541113944620e-07
8.022276551255432e-07
8.021013247407278e-07
8.019751203102266e-07
8.018490419042506e-07
8.017230895930103e-07
8.015972634467166e-07
8.014715635355801e-07
8.013459899298118e-07
8.012205426996224e-07
8.010952219152226e-07
8.009700276468232e-07
8.008449599646350e-07
8.007200189388687e-07
8.005952046397351e-07
8.004705171374451e-07
8.003459565022092e-07
8.002215228042383e-07
8.000972161137434e-07
7.999730365009350e-07
7.998489840360239e-07
7.997250587892208e-07
7.996012608307368e-07
7.994775902307823e-07
7.993540470595683e-07
7.992306313873054e-07
7.991073432842045e-07
7.989841828204763e-07
7.988611500663318e-07
7.987382450919813e-07
7.986154679676359e-07
7.984928187635063e-07
7.983702975498034e-07
7.982479043967377e-07
7.981256393745202e-07
7.980035025533617e-07
7.978814940034727e-07
7.977596137950641e-07
7.976378619983468e-07
7.975162386835315e-07
7.973947439208289e-07
7.972733777804497e-07
7.971521403326050e-07
7.970310316475051e-07
7.969100517953612e-07
7.967892008463837e-07
7.966684788707838e-07
7.965478859387719e-07
7.964274221205589e-07
7.963070874863556e-07
7.961868821063728e-07
7.960668060508211e-07
7.959468593899114e-07
7.958270421938544e-07
7.957073545328611e-07
7.955877964771419e-07
7.954683680969078e-07
7.953490694623696e-07
7.952299006437380e-07
7.951108617112237e-07
7.949919527350377e-07
7.948731737853905e-07
7.947545249324930e-07
7.946360062465559e-07
7.945176177977901e-07
7.943993596564061e-07
7.942812318926151e-07
7.941632345766276e-07
7.940453677786543e-07
7.939276315689062e-07
7.938100260175938e-07
7.936925511949280e-07
7.935752071711198e-07
7.934579940163796e-07
7.933409118009183e-07
7.932239605949467e-07
7.931071404686757e-07
7.929904514923157e-07
7.928738937360779e-07
7.927574672701727e-07
7.926411721648112e-07
7.925250084902040e-07
7.924089763165618e-07
7.922930757140956e-07
7.921773067530158e-07
7.920616695035336e-07
7.919461640358595e-07
7.918307904202043e-07
7.917155487267788e-07
7.916004390257938e-07
7.914854613874600e-07
7.913706158819883e-07
7.912559025795894e-07
7.911413215504740e-07
7.910268728648528e-07
7.909125565929369e-07
7.907983728049367e-07
7.906843215710634e-07
7.905704029615272e-07
7.904566170465393e-07
7.903429638963104e-07
7.902294435810511e-07
7.901160561709724e-07
7.900028017362849e-07
7.898896803471994e-07
7.897766920739267e-07
7.896638369866776e-07
7.895511151556629e-07
7.894385266510932e-07
7.893260715431794e-07
7.892137499021323e-07
7.891015617981626e-07
7.889895073014811e-07
7.888775864822984e-07
7.887657994108256e-07
7.886541461572732e-07
7.885426267918521e-07
7.884312413847732e-07
7.883199900062469e-07
7.882088727264842e-07
7.880978896156960e-07
7.879870407440927e-07
7.878763261818854e-07
7.877657459992847e-07
7.876553002665016e-07
7.875449890537466e-07
7.874348124312304e-07
7.873247704691642e-07
7.872148632377584e-07
7.871050908072239e-07
7.869954532477713e-07
7.868859506296117e-07
7.867765830229557e-07
7.866673504980139e-07
7.865582531249974e-07
7.864492909741167e-07
7.863404641155826e-07
7.862317726196061e-07
7.861232165563978e-07
7.860147959961684e-07
7.859065110091287e-07
7.857983616654896e-07
7.856903480354618e-07
7.855824701892560e-07
7.854747281970831e-07
7.853671221291538e-07
7.852596520556789e-07
7.851523180468690e-07
7.850451201729352e-07
7.849380585040879e-07
7.848311331105382e-07
7.847243440624966e-07
7.846176914301740e-07
7.845111752837812e-07
7.844047956935290e-07
7.842985527296280e-07
7.841924464622891e-07
7.840864769617230e-07
7.839806442981406e-07
7.838749485417525e-07
7.837693897627696e-07
7.836639680314028e-07
7.835586834178624e-07
7.834535359923596e-07
7.833485258251050e-07
7.832436529863094e-07
7.831389175461836e-07
7.830343195749383e-07
7.829298591427843e-07
7.828255363199324e-07
7.827213511765934e-07
7.826173037829780e-07
7.825133942092971e-07
7.824096225257612e-07
7.823059888025812e-07
7.822024931099681e-07
7.820991355181323e-07
7.819959160972848e-07
7.818928349176364e-07
7.817898920493976e-07
7.816870875627795e-07
7.815844215279927e-07
7.814818940152480e-07
7.813795050947561e-07
7.812772548367278e-07
7.811751433113742e-07
7.810731705889055e-07
7.809713367395328e-07
7.808696418334668e-07
7.807680859409184e-07
7.806666691320981e-07
7.805653914772169e-07
7.804642530464855e-07
7.803632539101146e-07
7.802623941383151e-07
7.801616738012977e-07
7.800610929692732e-07
7.799606517124523e-07
7.798603501010458e-07
7.797601882052646e-07
7.796601660953192e-07
7.795602838414207e-07
7.794605415137795e-07
7.793609391826067e-07
7.792614769181129e-07
7.791621547905089e-07
7.790629728700055e-07
7.789639312268134e-07
7.788650299311435e-07
7.787662690532064e-07
7.786676486632130e-07
7.785691688313741e-07
7.784708296279002e-07
7.783726311230025e-07
7.782745733868914e-07
7.781766564897778e-07
7.780788805018726e-07
7.779812454933863e-07
7.778837515345298e-07
7.777863986955140e-07
7.776891870465496e-07
7.775921166578471e-07
7.774951875996178e-07
7.773983999420720e-07
7.773017537554207e-07
7.772052491098745e-07
7.771088860756444e-07
7.770126647229409e-07
7.769165851219751e-07
7.768206473429575e-07
7.767248514560990e-07
7.766291975316103e-07
7.765336856397022e-07
7.764383158505855e-07
7.763430882344708e-07
7.762480028615692e-07
7.761530598020912e-07
7.760582591262477e-07
7.759636009042493e-07
7.758690852063070e-07
7.757747121026314e-07
7.756804816634333e-07
7.755863939589236e-07
7.754924490593129e-07
7.753986470348121e-07
7.753049879556319e-07
7.752114718919830e-07
7.751180989140764e-07
7.750248690921226e-07
7.749317824963325e-07
7.748388391969169e-07
7.747460392640865e-07
7.746533827680521e-07
7.745608697790246e-07
7.744685003672144e-07
7.743762746028327e-07
7.742841925560900e-07
7.741922542971972e-07
7.741004598963650e-07
7.740088094238043e-07
7.739173029497256e-07
7.738259405443399e-07
7.737347222778579e-07
7.736436482204903e-07
7.735527184424481e-07
7.734619330139417e-07
7.733712920051823e-07
7.732807954863804e-07
7.731904435277468e-07
7.731002361994922e-07
7.730101735718275e-07
7.729202557149635e-07
7.728304826991109e-07
7.727408545944804e-07
7.726513714712830e-07
7.725620333997292e-07
7.724728404500298e-07
7.723837926923958e-07
7.722948901970379e-07
7.722061330341666e-07
7.721175212739929e-07
7.720290549867277e-07
7.719407342425814e-07
7.718525591117650e-07
7.717645296644893e-07
7.716766459709650e-07
7.715889081014029e-07
7.715013161260138e-07
7.714138701150084e-07
7.713265701385975e-07
7.712394162669918e-07
7.711524085704022e-07
7.710655471190393e-07
7.709788319831142e-07
7.708922632328373e-07
7.708058409384194e-07
7.707195651700715e-07
7.706334359980044e-07
7.705474534924286e-07
7.704616177235550e-07
7.703759287615943e-07
7.702903866767574e-07
7.702049915392550e-07
7.701197434192979e-07
7.700346423870968e-07
7.699496885128626e-07
7.698648818668059e-07
7.697802225191376e-07
7.696957105400684e-07
7.696113459998092e-07
7.695271289685706e-07
7.694430595165634e-07
7.693591377139985e-07
7.692753636310864e-07
7.691917373380382e-07
7.691082589050645e-07
7.690249284023761e-07
7.689417459001837e-07
7.688587114686982e-07
7.687758251781302e-07
7.686930870986906e-07
7.686104973005902e-07
7.685280558540397e-07
7.684457628292498e-07
7.683636182964314e-07
7.682816223257953e-07
7.681997749875520e-07
7.681180763519126e-07
7.680365264890877e-07
7.679551254692882e-07
7.678738733627246e-07
7.677927702396078e-07
7.677118161701489e-07
7.676310112245581e-07
7.675503554730466e-07
7.674698489858250e-07
7.673894918331041e-07
7.673092840850946e-07
7.672292258120074e-07
7.671493170840531e-07
7.670695579714426e-07
7.669899485443867e-07
7.669104888730961e-07
7.668311790277815e-07
7.667520190786539e-07
7.666730090959239e-07
7.665941491498022e-07
7.665154393104997e-07
7.664368796482270e-07
7.663584702331953e-07
7.662802111356148e-07
7.662021024256966e-07
7.661241441736516e-07
7.660463364496901e-07
7.659686793240233e-07
7.658911728668619e-07
7.658138171484165e-07
7.657366122388979e-07
7.656595582085170e-07
7.655826551274846e-07
7.655059030660112e-07
7.654293020943079e-07
7.653528522825852e-07
7.652765537010540e-07
7.652004064199251e-07
7.651244105094091e-07
7.650485660397171e-07
7.649728730810595e-07
7.648973317036473e-07
7.648219419776912e-07
7.647467039734020e-07
7.646716177609904e-07
7.645966834106673e-07
7.645219009926433e-07
7.644472705771293e-07
7.643727922343359e-07
7.642984660344741e-07
7.642242920477546e-07
7.641502703443881e-07
7.640764009945853e-07
7.640026840685573e-07
7.639291196365144e-07
7.638557077686677e-07
7.637824485352280e-07
7.637093420064059e-07
7.636363882524122e-07
7.635635873434577e-07
7.634909393497532e-07
7.634184443415093e-07
7.633461023889371e-07
7.632739135622471e-07
7.632018779316500e-07
7.631299955673569e-07
7.630582665395784e-07
7.629866909185251e-07
7.629152687744081e-07
7.628440001774378e-07
7.627728851978254e-07
7.627019239057814e-07
7.626311163715164e-07
7.625604626652415e-07
7.624899628571674e-07
7.624196170175048e-07
7.623494252164644e-07
7.622793875242571e-07
7.622095040110936e-07
7.621397747471849e-07
7.620701998027414e-07
7.620007792479740e-07
7.619315131530936e-07
7.618624015883108e-07
7.617934446238365e-07
7.617246423298814e-07
7.616559947766562e-07
7.615875020343720e-07
7.615191641732391e-07
7.614509812634686e-07
7.613829533752712e-07
7.613150805788575e-07
7.612473629444385e-07
7.611798005422249e-07
7.611123934424275e-07
7.610451417152569e-07
7.609780454309241e-07
7.609111046596396e-07
7.608443194716145e-07
7.607776899370594e-07
7.607112161261849e-07
7.606448981092021e-07
7.605787359563215e-07
7.605127297377540e-07
7.604468795237105e-07
7.603811853844014e-07
7.603156473900379e-07
7.602502656108305e-07
7.601850401169900e-07
7.601199709787271e-07
7.600550582662528e-07
7.599903020497777e-07
7.599257023995126e-07
7.598612593856683e-07
7.597969730784555e-07
7.597328435480851e-07
7.596688708647678e-07
7.596050550987143e-07
7.595413963201355e-07
7.594778945992420e-07
7.594145500062448e-07
7.593513626113544e-07
7.592883324847818e-07
7.592254596967377e-07
7.591627443174329e-07
7.591001864170781e-07
7.590377860658839e-07
7.589755433340615e-07
7.589134582918213e-07
7.588515310093742e-07
7.587897615569311e-07
7.587281500047025e-07
7.586666964228994e-07
7.586054008817325e-07
7.585442634514125e-07
7.584832842021503e-07
7.584224632041565e-07
7.583618005276420e-07
7.583012962428175e-07
7.582409504198938e-07
7.581807631290818e-07
7.581207344405921e-07
7.580608644246354e-07
7.580011531514226e-07
7.579416006911645e-07
7.578822071140720e-07
7.578229724903554e-07
7.577638968902259e-07
7.577049803838942e-07
7.576462230415709e-07
7.575876249334669e-07
7.575291861297929e-07
7.574709067007599e-07
7.574127867165783e-07
7.573548262474592e-07
7.572970253636131e-07
7.572393841352509e-07
7.571819026325834e-07
7.571245809258214e-07
7.570674190851755e-07
7.570104171808567e-07
7.569535752830755e-07
7.568968934620430e-07
7.568403717879697e-07
7.567840103310663e-07
7.567278091615440e-07
7.566717683496131e-07
7.566158879654846e-07
7.565601680793692e-07
7.565046087614778e-07
7.564492100820211e-07
7.563939721112098e-07
7.563388949192548e-07
7.562839785763667e-07
7.562292231527563e-07
7.561746287186345e-07
7.561201953442120e-07
7.560659230996996e-07
7.560118120553080e-07
7.559578622812479e-07
7.559040738477304e-07
7.558504468249659e-07
7.557969812831654e-07
7.557436772925395e-07
7.556905349232991e-07
7.556375542456550e-07
7.555847353298178e-07
7.555320782459984e-07
7.554795830644076e-07
7.554272498552560e-07
7.553750786887546e-07
7.553230696351139e-07
7.552712227645450e-07
7.552195381472583e-07
7.551680158534649e-07
7.551166559533754e-07
7.550654585172006e-07
7.550144236151512e-07
7.549635513174382e-07
7.549128416942721e-07
7.548622948158637e-07
7.548119107524240e-07
7.547616895741635e-07
7.547116313512933e-07
7.546617361540237e-07
7.546120040525659e-07
7.545624351171304e-07
7.545130294179281e-07
7.544637870251699e-07
7.544147080090662e-07
7.543657924398280e-07
7.543170403876661e-07
7.542684519227913e-07
7.542200271154142e-07
7.541717660357457e-07
7.541236687539965e-07
7.540757353403775e-07
7.540279658650992e-07
7.539803603983727e-07
7.539329190104085e-07
7.538856417714176e-07
7.538385287516106e-07
7.537915800211983e-07
7.537447956503916e-07
7.536981757094010e-07
7.536517202684375e-07
7.536054293977118e-07
7.535593031674347e-07
7.535133416478169e-07
7.534675449090693e-07
7.534219130214024e-07
7.533764460550273e-07
7.533311440801547e-07
7.532860071669952e-07
7.532410353857596e-07
7.531962288066588e-07
7.531515874999036e-07
7.531071115357045e-07
7.530628009842725e-07
7.530186559158183e-07
7.529746764005528e-07
7.529308625086865e-07
7.528872143104305e-07
7.528437318759953e-07
7.528004152755917e-07
7.527572645794307e-07
7.527142798577227e-07
7.526714611806788e-07
7.526288086185097e-07
7.525863222414260e-07
7.525440021196387e-07
7.525018483233583e-07
7.524598609227959e-07
7.524180399881620e-07
7.523763855896675e-07
7.523348977975231e-07
7.522935766819396e-07
7.522524223131278e-07
7.522114347612984e-07
7.521706140966623e-07
7.521299603894302e-07
7.520894737098128e-07
7.520491541280209e-07
7.520090017142654e-07
7.519690165387569e-07
7.519291986717062e-07
7.518895481833241e-07
7.518500651438215e-07
7.518107496234090e-07
7.517716016922973e-07
7.517326214206974e-07
7.516938088788200e-07
7.516551641368758e-07
7.516166872650756e-07
7.515783783336301e-07
7.515402374127501e-07
7.515022645726466e-07
7.514644598835300e-07
7.514268234156113e-07
7.513893552391013e-07
7.513520554242106e-07
7.513149240411501e-07
7.512779611601305e-07
7.512411668513626e-07
7.512045411850572e-07
7.511680842314250e-07
7.511317960606768e-07
7.510956767430234e-07
7.510597263486756e-07
7.510239449478441e-07
7.509883326107397e-07
7.509528894075732e-07
7.509176154085553e-07
7.508825106838967e-07
7.508475753038083e-07
7.508128093385009e-07
7.507782128581852e-07
7.507437859330720e-07
7.507095286333720e-07
7.506754410292960e-07
7.506415231910549e-07
7.506077751888593e-07
7.505741970929200e-07
7.505407889734478e-07
7.505075509006535e-07
7.504744829447480e-07
7.504415851759417e-07
7.504088576644457e-07
7.503763004804706e-07
7.503439136942271e-07
7.503116973759263e-07
7.502796515957786e-07
7.502477764239951e-07
7.502160719307863e-07
7.501845381863631e-07
7.501531752609361e-07
7.501219832247164e-07
7.500909621479146e-07
7.500601121007413e-07
7.500294331534075e-07
7.499989253761240e-07
7.499685888391013e-07
7.499384236125504e-07
7.499084297666820e-07
7.498786073717069e-07
7.498489564978358e-07
7.498194772152795e-07
7.497901695942488e-07
7.497610337049545e-07
7.497320696176073e-07
7.497032774024180e-07
7.496746571295973e-07
7.496462088693561e-07
7.496179326919051e-07
7.495898286674551e-07
7.495618968662168e-07
7.495341373584011e-07
7.495065502142186e-07
7.494791355038801e-07
7.494518932975965e-07
7.494248236655785e-07
7.493979266780368e-07
7.493712024051824e-07
7.493446509172258e-07
7.493182722843778e-07
7.492920665768494e-07
7.492660338648511e-07
7.492401742185939e-07
7.492144877082883e-07
7.491889744041453e-07
7.491636343763757e-07
7.491384676951901e-07
7.491134744307993e-07
7.490886546534141e-07
7.490640084332453e-07
7.490395358405036e-07
7.490152369453999e-07
7.489911118181449e-07
7.489671605289492e-07
7.489433831480238e-07
7.489197797455796e-07
7.488963503918269e-07
7.488730951569769e-07
7.488500141112401e-07
7.488271073248275e-07
7.488043748679496e-07
7.487818168108175e-07
7.487594332236416e-07
7.487372241766330e-07
7.487151897400022e-07
7.486933299839602e-07
7.486716449787176e-07
7.486501347944853e-07
7.486287995014740e-07
7.486076391698945e-07
7.485866538699575e-07
7.485658436718738e-07
7.485452086458543e-07
7.485247488621096e-07
7.485044643908504e-07
7.484843553022879e-07
7.484644216666323e-07
7.484446635540948e-07
7.484250810348858e-07
7.484056741792165e-07
7.483864430572974e-07
7.483673877393392e-07
7.483485082955530e-07
7.483298047961491e-07
7.483112773113387e-07
7.482929259113324e-07
7.482747506663410e-07
7.482567516465752e-07
7.482389289222457e-07
7.482212825635635e-07
7.482038126407393e-07
7.481865192239838e-07
7.481694023835077e-07
7.481524621895220e-07
7.481356987122372e-07
7.481191120218642e-07
7.481027021886138e-07
7.480864692826967e-07
7.480704133743239e-07
7.480545345337058e-07
7.480388328310534e-07
7.480233083365775e-07
7.480079611204887e-07
7.479927912529979e-07
7.479777988043158e-07
7.479629838446532e-07
7.479483464442209e-07
7.479338866732297e-07
7.479196046018902e-07
7.479055003004134e-07
7.478915738390098e-07
7.478778252878904e-07
7.478642547172659e-07
7.478508621973472e-07
7.478376477983448e-07
7.478246115904696e-07
7.478117536439324e-07
7.477990740289438e-07
7.477865728157149e-07
7.477742500744563e-07
7.477621058753786e-07
7.477501402886929e-07
7.477383533846097e-07
7.477267452333399e-07
7.477153159050941e-07
7.477040654700834e-07
7.476929939985183e-07
7.476821015606096e-07
7.476713882265681e-07
7.476608540666047e-07
7.476504991509300e-07
7.476403235497548e-07
7.476303273332899e-07
7.476205105717461e-07
7.476108733353341e-07
7.476014156942647e-07
7.475921377187488e-07
7.475830394789969e-07
7.475741210452199e-07
7.475653824876287e-07
7.475568238764339e-07
7.475484452818463e-07
7.475402467740768e-07
7.475322284233360e-07
7.475243902998347e-07
7.475167324737837e-07
7.475092550153938e-07
7.475019579948758e-07
7.474948414824404e-07
7.474879055482984e-07
7.474811502626605e-07
7.474745756957377e-07
7.474681819177403e-07
7.474619689988796e-07
7.474559370093660e-07
7.474500860194105e-07
7.474444160992238e-07
7.474389273190166e-07
7.474336197489997e-07
7.474284934593839e-07
7.474235485203800e-07
7.474187850021987e-07
7.474142029750508e-07
7.474098025091471e-07
7.474055836746983e-07
7.474015465419152e-07
7.473976911810086e-07
7.473940176621892e-07
7.473905260556679e-07
7.473872164316553e-07
7.473840888603624e-07
7.473811434119997e-07
7.473783801567782e-07
7.473757991649085e-07
7.473734005066015e-07
7.473711842520678e-07
7.473691504715184e-07
7.473672992351639e-07
7.473656306132151e-07
7.473641446758828e-07
7.473628414933779e-07
7.473617211359109e-07
7.473607836736926e-07
7.473600291769341e-07
7.473594577158458e-07
7.473590693606386e-07
7.473588641815233e-07
7.473588422487107e-07
7.473590036324115e-07
7.473593484028364e-07
7.473598766301964e-07
7.473605883847020e-07
7.473614837365643e-07
7.473625627559937e-07
7.473638255132012e-07
7.473652720783975e-07
7.473669025217934e-07
7.473687169135996e-07
7.473707153240271e-07
7.473728978232862e-07
7.473752644815882e-07
7.473778153691436e-07
7.473805505561631e-07
7.473834701128576e-07
7.473865741094380e-07
7.473898626161147e-07
7.473933357030989e-07
7.473969934406009e-07
7.474008358988319e-07
7.474048631480025e-07
7.474090752583234e-07
7.474134723000054e-07
7.474180543432593e-07
7.474228214582960e-07
7.474277737153261e-07
7.474329111845603e-07
7.474382339362097e-07
7.474437420404847e-07
7.474494355675962e-07
7.474553145877550e-07
7.474613791711720e-07
7.474676293880577e-07
7.474740653086231e-07
7.474806870030788e-07
7.474874945416357e-07
7.474944879945045e-07
7.475016674318960e-07
7.475090329240209e-07
7.475165845410901e-07
7.475243223533142e-07
7.475322464309042e-07
7.475403568440707e-07
7.475486536630244e-07
7.475571369579763e-07
7.475658067991369e-07
7.475746632567173e-07
7.475837064009279e-07
7.475929363019798e-07
7.476023530300837e-07
7.476119566554501e-07
7.476217472482900e-07
7.476317248788142e-07
7.476418896172334e-07
7.476522415337584e-07
7.476627806985999e-07
7.476735071819687e-07
7.476844210540756e-07
7.476955223851315e-07
7.477068112453469e-07
7.477182877049327e-07
7.477299518340997e-07
7.477418037030586e-07
7.477538433820201e-07
7.477660709411953e-07
7.477784864507947e-07
7.477910899810290e-07
7.478038816021092e-07
7.478168613842459e-07
7.478300293976500e-07
7.478433857125322e-07
7.478569303991032e-07
7.478706635275738e-07
7.478845851681549e-07
7.478986953910571e-07
7.479129942664914e-07
7.479274818646683e-07
7.479421582557987e-07
7.479570235100933e-07
7.479720776977631e-07
7.479873208890186e-07
7.480027531540706e-07
7.480183745631301e-07
7.480341851864076e-07
7.480501850941141e-07
7.480663743564600e-07
7.480827530436566e-07
7.480993212259142e-07
7.481160789734439e-07
7.481330263564563e-07
7.481501634451621e-07
7.481674903097722e-07
7.481850070204974e-07
7.482027136475484e-07
7.482206102611360e-07
7.482386969314710e-07
7.482569737287639e-07
7.482754407232259e-07
7.482940979850675e-07
7.483129455844996e-07
7.483319835917328e-07
7.483512120769780e-07
7.483706311104460e-07
7.483902407623475e-07
7.484100411028932e-07
7.484300322022940e-07
7.484502141307606e-07
7.484705869585039e-07
7.484911507557344e-07
7.485119055926632e-07
7.485328515395009e-07
7.485539886664581e-07
7.485753170437458e-07
7.485968367415748e-07
7.486185478301558e-07
7.486404503796995e-07
7.486625444604167e-07
7.486848301425182e-07
7.487073074962147e-07
7.487299765917172e-07
7.487528374992362e-07
7.487758902889826e-07
7.487991350311672e-07
7.488225717960007e-07
7.488462006536938e-07
7.488700216744573e-07
7.488940349285022e-07
7.489182404860390e-07
7.489426384172785e-07
7.489672287924317e-07
7.489920116817091e-07
7.490169871553216e-07
7.490421552834800e-07
7.490675161363949e-07
7.490930697842773e-07
7.491188162973378e-07
7.491447557457872e-07
7.491708881998364e-07
7.491972137296959e-07
7.492237324055768e-07
7.492504442976896e-07
7.492773494762453e-07
7.493044480114544e-07
7.493317399735279e-07
7.493592254326765e-07
7.493869044591109e-07
7.494147771230420e-07
7.494428434946804e-07
7.494711036442370e-07
7.494995576419226e-07
7.495282055579478e-07
7.495570474625236e-07
7.495860834258606e-07
7.496153135181696e-07
7.496447378096614e-07
7.496743563705468e-07
7.497041692710364e-07
7.497341765813412e-07
7.497643783716720e-07
7.497947747122392e-07
7.498253656732540e-07
7.498561513249268e-07
7.498871317374686e-07
7.499183069810902e-07
7.499496771260022e-07
7.499812422424156e-07
7.500130024005409e-07
7.500449576705890e-07
7.500771081227708e-07
7.501094538272968e-07
7.501419948543779e-07
7.501747312742250e-07
7.502076631570486e-07
7.502407905730597e-07
7.502741135924690e-07
7.503076322854873e-07
7.503413467223252e-07
7.503752569731937e-07
7.504093631083036e-07
7.504436651978653e-07
7.504781633120900e-07
7.505128575211882e-07
7.505477478953707e-07
7.505828345048483e-07
7.506181174198319e-07
7.506535967105321e-07
7.506892724471597e-07
7.507251446999256e-07
7.507612135390404e-07
7.507974790347150e-07
7.508339412571601e-07
7.508706002765865e-07
7.509074561632049e-07
7.509445089872261e-07
7.509817588188609e-07
7.510192057283201e-07
7.510568497858144e-07
7.510946910615546e-07
7.511327296257515e-07
7.511709655486160e-07
7.512093989003584e-07
7.512480297511901e-07
7.512868581713213e-07
7.513258842309631e-07
7.513651080003263e-07
7.514045295496214e-07
7.514441489490594e-07
7.514839662688511e-07
7.515239815792070e-07
7.515641949503382e-07
7.516046064524553e-07
7.516452161557690e-07
7.516860241304901e-07
7.517270304468295e-07
7.517682351749980e-07
7.518096383852062e-07
7.518512401476648e-07
7.518930405325849e-07
7.519350396101770e-07
7.519772374506519e-07
7.520196341242205e-07
7.520622297010934e-07
7.521050242514815e-07
7.521480178455955e-07
7.521912105536462e-07
7.522346024458444e-07
7.522781935924008e-07
7.523219840635262e-07
7.523659739294314e-07
7.524101632603271e-07
7.524545521264242e-07
7.524991405979333e-07
7.525439287450654e-07
7.525889166380310e-07
7.526341043470410e-07
7.526794919423062e-07
7.527250794940374e-07
7.527708670724453e-07
7.528168547477405e-07
7.528630425901341e-07
7.529094306698367e-07
7.529560190570590e-07
7.530028078220120e-07
7.530497970349063e-07
7.530969867659525e-07
7.531443770853618e-07
7.531919680633446e-07
7.532397597701119e-07
7.532877522758744e-07
7.533359456508428e-07
7.533843399652279e-07
7.534329352892405e-07
7.534817316930914e-07
7.535307292469913e-07
7.535799280211509e-07
7.536293280857812e-07
7.536789295110928e-07
7.537287323672965e-07
7.537787367246031e-07
7.538289426532234e-07
7.538793502233680e-07
7.539299595052478e-07
7.539807705690736e-07
7.540317834850562e-07
7.540829983234062e-07
7.541344151543345e-07
7.541860340480518e-07
7.542378550747691e-07
7.542898783046968e-07
7.543421038080459e-07
7.543945316550271e-07
7.544471619158512e-07
7.544999946607289e-07
7.545530299598711e-07
7.546062678834885e-07
7.546597085017919e-07
7.547133518849920e-07
7.547671981032997e-07
7.548212472269255e-07
7.548754993260805e-07
7.549299544709753e-07
7.549846127318206e-07
7.550394741788273e-07
7.550945388822062e-07
7.551498069121680e-07
7.552052783389234e-07
7.552609532326833e-07
7.553168316636584e-07
7.553729137020594e-07
7.554291994180973e-07
7.554856888819827e-07
7.555423821639263e-07
7.555992793341390e-07
7.556563804628315e-07
7.557136856202147e-07
7.557711948764991e-07
7.558289083018959e-07
7.558868259666155e-07
7.559449479408687e-07
7.560032742948664e-07
7.560618050988193e-07
7.561205404229382e-07
7.561794803374339e-07
7.562386249125172e-07
7.562979742183987e-07
7.563575283252893e-07
7.564172873033998e-07
7.564772512229408e-07
7.565374201541232e-07
7.565977941671579e-07
7.566583733322554e-07
7.567191577196266e-07
7.567801473994823e-07
7.568413424420332e-07
7.569027429174902e-07
7.569643488960638e-07
7.570261604479652e-07
7.570881776434047e-07
7.571504005525934e-07
7.572128292457418e-07
7.572754637930610e-07
7.573383042647615e-07
7.574013507310542e-07
7.574646032621499e-07
7.575280619282593e-07
7.575917267995930e-07
7.576555979463621e-07
7.577196754387771e-07
7.577839593470490e-07
7.578484497413884e-07
7.579131466920062e-07
7.579780502691130e-07
7.580431605429198e-07
7.581084775836372e-07
7.581740014614760e-07
7.582397322466469e-07
7.583056700093607e-07
7.583718148198284e-07
7.584381667482604e-07
7.585047258648678e-07
7.585714922398612e-07
7.586384659434514e-07
7.587056470458491e-07
7.587730356172652e-07
7.588406317279104e-07
7.589084354479955e-07
7.589764468477312e-07
7.590446659973283e-07
7.591130929669977e-07
7.591817278269500e-07
7.592505706473959e-07
7.593196214985464e-07
7.593888804506123e-07
7.594583475738040e-07
7.595280229383327e-07
7.595979066144089e-07
7.596679986722435e-07
7.597382991820472e-07
7.598088082140308e-07
7.598795258384050e-07
7.599504521253806e-07
7.600215871451686e-07
7.600929309679794e-07
7.601644836640240e-07
7.602362453035131e-07
7.603082159566574e-07
7.603803956936679e-07
7.604527845847551e-07
7.605253827001299e-07
7.605981901100031e-07
7.606712068845854e-07
7.607444330940877e-07
7.608178688087206e-07
7.608915140986949e-07
7.609653690342215e-07
7.610394336855110e-07
7.611137081227743e-07
7.611881924162221e-07
7.612628866360653e-07
7.613377908525144e-07
7.614129051357804e-07
7.614882295560740e-07
7.615637641836059e-07
7.616395090885870e-07
7.617154643412281e-07
7.617916300117399e-07
7.618680061703330e-07
7.619445928872183e-07
7.620213902326067e-07
7.620983982767089e-07
7.621756170897356e-07
7.622530467418975e-07
7.623306873034056e-07
7.624085388444705e-07
7.624866014353029e-07
7.625648751461139e-07
7.626433600471139e-07
7.627220562085139e-07
7.628009637005245e-07
7.628800825933567e-07
7.629594129572211e-07
7.630389548623285e-07
7.631187083788896e-07
7.631986735771153e-07
7.632788505272163e-07
7.633592392994034e-07
7.634398399638873e-07
7.635206525908790e-07
7.636016772505889e-07
7.636829140132281e-07
7.637643629490071e-07
7.638460241281369e-07
7.639278976208281e-07
7.640099834972917e-07
7.640922818277381e-07
7.641747926823785e-07
7.642575161314234e-07
7.643404522450835e-07
7.644236010935698e-07
7.645069627470929e-07
)
;

boundaryField
{
    inlet
    {
        type            fixedValue;
        value           uniform 0;
    }
    outlet
    {
        type            zeroGradient;
    }
    wall
    {
        type            empty;
    }
}


// ************************************************************************* //
