/*--------------------------------*- C++ -*----------------------------------*\
| =========                 |                                                 |
| \\      /  F ield         | OpenFOAM: The Open Source CFD Toolbox           |
|  \\    /   O peration     | Version:  5.x                                   |
|   \\  /    A nd           | Web:      www.OpenFOAM.org                      |
|    \\/     M anipulation  |                                                 |
\*---------------------------------------------------------------------------*/
FoamFile
{
    version     2.0;
    format      ascii;
    class       volScalarField;
    location    "1";
    object       N2;
}
// * * * * * * * * * * * * * * * * * * * * * * * * * * * * * * * * * * * * * //

dimensions      [0 0 0 0 0 0 0];

internalField   nonuniform List<scalar>
4335
(
7.247731344412651e-01
7.247731344537576e-01
7.247731344661638e-01
7.247731344784840e-01
7.247731344907185e-01
7.247731345028673e-01
7.247731345149308e-01
7.247731345269091e-01
7.247731345388022e-01
7.247731345506108e-01
7.247731345623346e-01
7.247731345739740e-01
7.247731345855293e-01
7.247731345970004e-01
7.247731346083879e-01
7.247731346196916e-01
7.247731346309120e-01
7.247731346420491e-01
7.247731346531032e-01
7.247731346640744e-01
7.247731346749631e-01
7.247731346857693e-01
7.247731346964932e-01
7.247731347071351e-01
7.247731347176952e-01
7.247731347281736e-01
7.247731347385705e-01
7.247731347488863e-01
7.247731347591209e-01
7.247731347692746e-01
7.247731347793478e-01
7.247731347893404e-01
7.247731347992528e-01
7.247731348090850e-01
7.247731348188374e-01
7.247731348285102e-01
7.247731348381035e-01
7.247731348476174e-01
7.247731348570523e-01
7.247731348664084e-01
7.247731348756856e-01
7.247731348848844e-01
7.247731348940050e-01
7.247731349030473e-01
7.247731349120118e-01
7.247731349208986e-01
7.247731349297079e-01
7.247731349384399e-01
7.247731349470946e-01
7.247731349556725e-01
7.247731349641737e-01
7.247731349725984e-01
7.247731349809468e-01
7.247731349892190e-01
7.247731349974152e-01
7.247731350055358e-01
7.247731350135808e-01
7.247731350215504e-01
7.247731350294450e-01
7.247731350372645e-01
7.247731350450093e-01
7.247731350526795e-01
7.247731350602754e-01
7.247731350677971e-01
7.247731350752449e-01
7.247731350826189e-01
7.247731350899193e-01
7.247731350971464e-01
7.247731351043002e-01
7.247731351113811e-01
7.247731351183891e-01
7.247731351253247e-01
7.247731351321879e-01
7.247731351389788e-01
7.247731351456977e-01
7.247731351523449e-01
7.247731351589204e-01
7.247731351654246e-01
7.247731351718575e-01
7.247731351782195e-01
7.247731351845106e-01
7.247731351907311e-01
7.247731351968811e-01
7.247731352029610e-01
7.247731352089709e-01
7.247731352149109e-01
7.247731352207814e-01
7.247731352265823e-01
7.247731352323140e-01
7.247731352379767e-01
7.247731352435706e-01
7.247731352490958e-01
7.247731352545526e-01
7.247731352599410e-01
7.247731352652614e-01
7.247731352705141e-01
7.247731352756991e-01
7.247731352808165e-01
7.247731352858667e-01
7.247731352908499e-01
7.247731352957661e-01
7.247731353006158e-01
7.247731353053989e-01
7.247731353101158e-01
7.247731353147665e-01
7.247731353193514e-01
7.247731353238707e-01
7.247731353283243e-01
7.247731353327127e-01
7.247731353370360e-01
7.247731353412945e-01
7.247731353454882e-01
7.247731353496174e-01
7.247731353536823e-01
7.247731353576831e-01
7.247731353616200e-01
7.247731353654931e-01
7.247731353693028e-01
7.247731353730491e-01
7.247731353767323e-01
7.247731353803526e-01
7.247731353839101e-01
7.247731353874051e-01
7.247731353908378e-01
7.247731353942083e-01
7.247731353975169e-01
7.247731354007637e-01
7.247731354039489e-01
7.247731354070729e-01
7.247731354101357e-01
7.247731354131375e-01
7.247731354160786e-01
7.247731354189590e-01
7.247731354217792e-01
7.247731354245391e-01
7.247731354272391e-01
7.247731354298793e-01
7.247731354324600e-01
7.247731354349812e-01
7.247731354374433e-01
7.247731354398463e-01
7.247731354421907e-01
7.247731354444764e-01
7.247731354467036e-01
7.247731354488728e-01
7.247731354509839e-01
7.247731354530371e-01
7.247731354550329e-01
7.247731354569711e-01
7.247731354588521e-01
7.247731354606762e-01
7.247731354624435e-01
7.247731354641540e-01
7.247731354658082e-01
7.247731354674062e-01
7.247731354689481e-01
7.247731354704342e-01
7.247731354718646e-01
7.247731354732396e-01
7.247731354745595e-01
7.247731354758241e-01
7.247731354770340e-01
7.247731354781892e-01
7.247731354792900e-01
7.247731354803365e-01
7.247731354813289e-01
7.247731354822675e-01
7.247731354831525e-01
7.247731354839839e-01
7.247731354847621e-01
7.247731354854872e-01
7.247731354861594e-01
7.247731354867789e-01
7.247731354873460e-01
7.247731354878608e-01
7.247731354883235e-01
7.247731354887342e-01
7.247731354890934e-01
7.247731354894009e-01
7.247731354896573e-01
7.247731354898624e-01
7.247731354900168e-01
7.247731354901203e-01
7.247731354901733e-01
7.247731354901761e-01
7.247731354901287e-01
7.247731354900314e-01
7.247731354898844e-01
7.247731354896878e-01
7.247731354894420e-01
7.247731354891470e-01
7.247731354888030e-01
7.247731354884103e-01
7.247731354879691e-01
7.247731354874795e-01
7.247731354869418e-01
7.247731354863561e-01
7.247731354857226e-01
7.247731354850417e-01
7.247731354843133e-01
7.247731354835378e-01
7.247731354827154e-01
7.247731354818461e-01
7.247731354809303e-01
7.247731354799681e-01
7.247731354789597e-01
7.247731354779053e-01
7.247731354768052e-01
7.247731354756596e-01
7.247731354744684e-01
7.247731354732321e-01
7.247731354719509e-01
7.247731354706247e-01
7.247731354692540e-01
7.247731354678389e-01
7.247731354663797e-01
7.247731354648763e-01
7.247731354633292e-01
7.247731354617385e-01
7.247731354601042e-01
7.247731354584269e-01
7.247731354567065e-01
7.247731354549433e-01
7.247731354531374e-01
7.247731354512891e-01
7.247731354493986e-01
7.247731354474660e-01
7.247731354454916e-01
7.247731354434755e-01
7.247731354414180e-01
7.247731354393192e-01
7.247731354371795e-01
7.247731354349988e-01
7.247731354327774e-01
7.247731354305156e-01
7.247731354282135e-01
7.247731354258714e-01
7.247731354234894e-01
7.247731354210678e-01
7.247731354186067e-01
7.247731354161062e-01
7.247731354135667e-01
7.247731354109883e-01
7.247731354083712e-01
7.247731354057156e-01
7.247731354030218e-01
7.247731354002898e-01
7.247731353975200e-01
7.247731353947123e-01
7.247731353918673e-01
7.247731353889849e-01
7.247731353860654e-01
7.247731353831089e-01
7.247731353801158e-01
7.247731353770862e-01
7.247731353740202e-01
7.247731353709180e-01
7.247731353677801e-01
7.247731353646063e-01
7.247731353613970e-01
7.247731353581524e-01
7.247731353548725e-01
7.247731353515579e-01
7.247731353482083e-01
7.247731353448243e-01
7.247731353414060e-01
7.247731353379534e-01
7.247731353344669e-01
7.247731353309467e-01
7.247731353273928e-01
7.247731353238056e-01
7.247731353201853e-01
7.247731353165319e-01
7.247731353128458e-01
7.247731353091271e-01
7.247731353053760e-01
7.247731353015928e-01
7.247731352977775e-01
7.247731352939305e-01
7.247731352900518e-01
7.247731352861418e-01
7.247731352822006e-01
7.247731352782284e-01
7.247731352742253e-01
7.247731352701916e-01
7.247731352661276e-01
7.247731352620334e-01
7.247731352579090e-01
7.247731352537549e-01
7.247731352495712e-01
7.247731352453580e-01
7.247731352411156e-01
7.247731352368442e-01
7.247731352325439e-01
7.247731352282151e-01
7.247731352238577e-01
7.247731352194721e-01
7.247731352150585e-01
7.247731352106170e-01
7.247731352061478e-01
7.247731352016512e-01
7.247731351971274e-01
7.247731351925765e-01
7.247731351879987e-01
7.247731351833943e-01
7.247731351787634e-01
7.247731351741061e-01
7.247731351694229e-01
7.247731351647138e-01
7.247731351599790e-01
7.247731351552187e-01
7.247731351504331e-01
7.247731351456224e-01
7.247731351407868e-01
7.247731351359264e-01
7.247731351310417e-01
7.247731351261326e-01
7.247731351211995e-01
7.247731351162423e-01
7.247731351112615e-01
7.247731351062572e-01
7.247731351012295e-01
7.247731350961788e-01
7.247731350911051e-01
7.247731350860087e-01
7.247731350808898e-01
7.247731350757485e-01
7.247731350705852e-01
7.247731350653998e-01
7.247731350601927e-01
7.247731350549641e-01
7.247731350497141e-01
7.247731350444430e-01
7.247731350391509e-01
7.247731350338381e-01
7.247731350285047e-01
7.247731350231509e-01
7.247731350177770e-01
7.247731350123832e-01
7.247731350069695e-01
7.247731350015363e-01
7.247731349960836e-01
7.247731349906119e-01
7.247731349851211e-01
7.247731349796116e-01
7.247731349740835e-01
7.247731349685369e-01
7.247731349629722e-01
7.247731349573895e-01
7.247731349517890e-01
7.247731349461709e-01
7.247731349405353e-01
7.247731349348826e-01
7.247731349292129e-01
7.247731349235264e-01
7.247731349178231e-01
7.247731349121036e-01
7.247731349063677e-01
7.247731349006159e-01
7.247731348948483e-01
7.247731348890649e-01
7.247731348832662e-01
7.247731348774522e-01
7.247731348716232e-01
7.247731348657794e-01
7.247731348599209e-01
7.247731348540479e-01
7.247731348481607e-01
7.247731348422595e-01
7.247731348363443e-01
7.247731348304156e-01
7.247731348244734e-01
7.247731348185179e-01
7.247731348125492e-01
7.247731348065678e-01
7.247731348005737e-01
7.247731347945671e-01
7.247731347885482e-01
7.247731347825173e-01
7.247731347764744e-01
7.247731347704198e-01
7.247731347643538e-01
7.247731347582765e-01
7.247731347521881e-01
7.247731347460887e-01
7.247731347399787e-01
7.247731347338582e-01
7.247731347277273e-01
7.247731347215863e-01
7.247731347154355e-01
7.247731347092748e-01
7.247731347031047e-01
7.247731346969253e-01
7.247731346907367e-01
7.247731346845392e-01
7.247731346783329e-01
7.247731346721181e-01
7.247731346658950e-01
7.247731346596638e-01
7.247731346534245e-01
7.247731346471776e-01
7.247731346409231e-01
7.247731346346612e-01
7.247731346283922e-01
7.247731346221162e-01
7.247731346158335e-01
7.247731346095442e-01
7.247731346032484e-01
7.247731345969466e-01
7.247731345906387e-01
7.247731345843251e-01
7.247731345780060e-01
7.247731345716814e-01
7.247731345653516e-01
7.247731345590169e-01
7.247731345526773e-01
7.247731345463332e-01
7.247731345399847e-01
7.247731345336319e-01
7.247731345272752e-01
7.247731345209146e-01
7.247731345145505e-01
7.247731345081829e-01
7.247731345018121e-01
7.247731344954383e-01
7.247731344890617e-01
7.247731344826824e-01
7.247731344763008e-01
7.247731344699169e-01
7.247731344635309e-01
7.247731344571431e-01
7.247731344507538e-01
7.247731344443629e-01
7.247731344379708e-01
7.247731344315775e-01
7.247731344251835e-01
7.247731344187889e-01
7.247731344123938e-01
7.247731344059984e-01
7.247731343996030e-01
7.247731343932077e-01
7.247731343868127e-01
7.247731343804182e-01
7.247731343740245e-01
7.247731343676317e-01
7.247731343612400e-01
7.247731343548497e-01
7.247731343484608e-01
7.247731343420737e-01
7.247731343356885e-01
7.247731343293053e-01
7.247731343229245e-01
7.247731343165461e-01
7.247731343101705e-01
7.247731343037978e-01
7.247731342974282e-01
7.247731342910618e-01
7.247731342846989e-01
7.247731342783397e-01
7.247731342719844e-01
7.247731342656332e-01
7.247731342592861e-01
7.247731342529437e-01
7.247731342466058e-01
7.247731342402729e-01
7.247731342339450e-01
7.247731342276224e-01
7.247731342213052e-01
7.247731342149936e-01
7.247731342086879e-01
7.247731342023883e-01
7.247731341960949e-01
7.247731341898079e-01
7.247731341835276e-01
7.247731341772541e-01
7.247731341709877e-01
7.247731341647284e-01
7.247731341584766e-01
7.247731341522324e-01
7.247731341459961e-01
7.247731341397677e-01
7.247731341335476e-01
7.247731341273359e-01
7.247731341211328e-01
7.247731341149385e-01
7.247731341087532e-01
7.247731341025770e-01
7.247731340964103e-01
7.247731340902532e-01
7.247731340841059e-01
7.247731340779686e-01
7.247731340718414e-01
7.247731340657246e-01
7.247731340596185e-01
7.247731340535231e-01
7.247731340474386e-01
7.247731340413653e-01
7.247731340353034e-01
7.247731340292531e-01
7.247731340232145e-01
7.247731340171879e-01
7.247731340111735e-01
7.247731340051714e-01
7.247731339991818e-01
7.247731339932050e-01
7.247731339872411e-01
7.247731339812904e-01
7.247731339753530e-01
7.247731339694291e-01
7.247731339635191e-01
7.247731339576228e-01
7.247731339517408e-01
7.247731339458731e-01
7.247731339400197e-01
7.247731339341813e-01
7.247731339283577e-01
7.247731339225492e-01
7.247731339167560e-01
7.247731339109784e-01
7.247731339052164e-01
7.247731338994703e-01
7.247731338937404e-01
7.247731338880267e-01
7.247731338823296e-01
7.247731338766490e-01
7.247731338709854e-01
7.247731338653389e-01
7.247731338597097e-01
7.247731338540979e-01
7.247731338485038e-01
7.247731338429275e-01
7.247731338373694e-01
7.247731338318295e-01
7.247731338263080e-01
7.247731338208053e-01
7.247731338153214e-01
7.247731338098565e-01
7.247731338044109e-01
7.247731337989848e-01
7.247731337935782e-01
7.247731337881915e-01
7.247731337828249e-01
7.247731337774784e-01
7.247731337721525e-01
7.247731337668472e-01
7.247731337615626e-01
7.247731337562991e-01
7.247731337510569e-01
7.247731337458361e-01
7.247731337406368e-01
7.247731337354594e-01
7.247731337303039e-01
7.247731337251707e-01
7.247731337200599e-01
7.247731337149717e-01
7.247731337099063e-01
7.247731337048638e-01
7.247731336998446e-01
7.247731336948487e-01
7.247731336898765e-01
7.247731336849280e-01
7.247731336800036e-01
7.247731336751033e-01
7.247731336702273e-01
7.247731336653760e-01
7.247731336605494e-01
7.247731336557477e-01
7.247731336509713e-01
7.247731336462201e-01
7.247731336414945e-01
7.247731336367947e-01
7.247731336321209e-01
7.247731336274732e-01
7.247731336228519e-01
7.247731336182570e-01
7.247731336136889e-01
7.247731336091477e-01
7.247731336046338e-01
7.247731336001471e-01
7.247731335956880e-01
7.247731335912565e-01
7.247731335868530e-01
7.247731335824776e-01
7.247731335781306e-01
7.247731335738120e-01
7.247731335695221e-01
7.247731335652612e-01
7.247731335610293e-01
7.247731335568268e-01
7.247731335526537e-01
7.247731335485104e-01
7.247731335443970e-01
7.247731335403136e-01
7.247731335362605e-01
7.247731335322378e-01
7.247731335282459e-01
7.247731335242850e-01
7.247731335203550e-01
7.247731335164562e-01
7.247731335125890e-01
7.247731335087535e-01
7.247731335049498e-01
7.247731335011781e-01
7.247731334974388e-01
7.247731334937318e-01
7.247731334900576e-01
7.247731334864160e-01
7.247731334828077e-01
7.247731334792326e-01
7.247731334756908e-01
7.247731334721828e-01
7.247731334687085e-01
7.247731334652683e-01
7.247731334618623e-01
7.247731334584908e-01
7.247731334551539e-01
7.247731334518518e-01
7.247731334485846e-01
7.247731334453528e-01
7.247731334421563e-01
7.247731334389954e-01
7.247731334358704e-01
7.247731334327813e-01
7.247731334297285e-01
7.247731334267120e-01
7.247731334237321e-01
7.247731334207890e-01
7.247731334178830e-01
7.247731334150140e-01
7.247731334121824e-01
7.247731334093885e-01
7.247731334066323e-01
7.247731334039141e-01
7.247731334012341e-01
7.247731333985924e-01
7.247731333959893e-01
7.247731333934250e-01
7.247731333908995e-01
7.247731333884133e-01
7.247731333859664e-01
7.247731333835591e-01
7.247731333811914e-01
7.247731333788638e-01
7.247731333765762e-01
7.247731333743291e-01
7.247731333721225e-01
7.247731333699565e-01
7.247731333678316e-01
7.247731333657477e-01
7.247731333637052e-01
7.247731333617041e-01
7.247731333597448e-01
7.247731333578274e-01
7.247731333559522e-01
7.247731333541192e-01
7.247731333523287e-01
7.247731333505809e-01
7.247731333488761e-01
7.247731333472143e-01
7.247731333455958e-01
7.247731333440208e-01
7.247731333424895e-01
7.247731333410021e-01
7.247731333395587e-01
7.247731333381597e-01
7.247731333368052e-01
7.247731333354952e-01
7.247731333342302e-01
7.247731333330102e-01
7.247731333318355e-01
7.247731333307063e-01
7.247731333296227e-01
7.247731333285850e-01
7.247731333275932e-01
7.247731333266477e-01
7.247731333257488e-01
7.247731333248965e-01
7.247731333240909e-01
7.247731333233325e-01
7.247731333226212e-01
7.247731333219574e-01
7.247731333213412e-01
7.247731333207729e-01
7.247731333202525e-01
7.247731333197804e-01
7.247731333193568e-01
7.247731333189816e-01
7.247731333186553e-01
7.247731333183781e-01
7.247731333181501e-01
7.247731333179714e-01
7.247731333178423e-01
7.247731333177631e-01
7.247731333177339e-01
7.247731333177547e-01
7.247731333178260e-01
7.247731333179479e-01
7.247731333181207e-01
7.247731333183443e-01
7.247731333186190e-01
7.247731333189453e-01
7.247731333193230e-01
7.247731333197526e-01
7.247731333202341e-01
7.247731333207678e-01
7.247731333213537e-01
7.247731333219923e-01
7.247731333226837e-01
7.247731333234280e-01
7.247731333242254e-01
7.247731333250762e-01
7.247731333259805e-01
7.247731333269385e-01
7.247731333279505e-01
7.247731333290166e-01
7.247731333301370e-01
7.247731333313120e-01
7.247731333325417e-01
7.247731333338263e-01
7.247731333351660e-01
7.247731333365610e-01
7.247731333380116e-01
7.247731333395179e-01
7.247731333410801e-01
7.247731333426983e-01
7.247731333443729e-01
7.247731333461039e-01
7.247731333478917e-01
7.247731333497364e-01
7.247731333516381e-01
7.247731333535971e-01
7.247731333556136e-01
7.247731333576878e-01
7.247731333598199e-01
7.247731333620100e-01
7.247731333642584e-01
7.247731333665652e-01
7.247731333689308e-01
7.247731333713552e-01
7.247731333738386e-01
7.247731333763813e-01
7.247731333789835e-01
7.247731333816453e-01
7.247731333843670e-01
7.247731333871487e-01
7.247731333899906e-01
7.247731333928930e-01
7.247731333958560e-01
7.247731333988798e-01
7.247731334019647e-01
7.247731334051108e-01
7.247731334083183e-01
7.247731334115874e-01
7.247731334149184e-01
7.247731334183114e-01
7.247731334217666e-01
7.247731334252842e-01
7.247731334288644e-01
7.247731334325074e-01
7.247731334362134e-01
7.247731334399826e-01
7.247731334438152e-01
7.247731334477114e-01
7.247731334516714e-01
7.247731334556953e-01
7.247731334597834e-01
7.247731334639360e-01
7.247731334681531e-01
7.247731334724350e-01
7.247731334767819e-01
7.247731334811938e-01
7.247731334856712e-01
7.247731334902141e-01
7.247731334948229e-01
7.247731334994975e-01
7.247731335042383e-01
7.247731335090455e-01
7.247731335139191e-01
7.247731335188596e-01
7.247731335238670e-01
7.247731335289415e-01
7.247731335340833e-01
7.247731335392927e-01
7.247731335445698e-01
7.247731335499149e-01
7.247731335553281e-01
7.247731335608096e-01
7.247731335663596e-01
7.247731335719784e-01
7.247731335776659e-01
7.247731335834228e-01
7.247731335892488e-01
7.247731335951443e-01
7.247731336011096e-01
7.247731336071448e-01
7.247731336132500e-01
7.247731336194255e-01
7.247731336256715e-01
7.247731336319883e-01
7.247731336383759e-01
7.247731336448345e-01
7.247731336513645e-01
7.247731336579659e-01
7.247731336646390e-01
7.247731336713840e-01
7.247731336782011e-01
7.247731336850903e-01
7.247731336920521e-01
7.247731336990865e-01
7.247731337061938e-01
7.247731337133740e-01
7.247731337206277e-01
7.247731337279547e-01
7.247731337353553e-01
7.247731337428298e-01
7.247731337503783e-01
7.247731337580011e-01
7.247731337656983e-01
7.247731337734701e-01
7.247731337813167e-01
7.247731337892384e-01
7.247731337972353e-01
7.247731338053075e-01
7.247731338134554e-01
7.247731338216792e-01
7.247731338299789e-01
7.247731338383548e-01
7.247731338468071e-01
7.247731338553360e-01
7.247731338639418e-01
7.247731338726244e-01
7.247731338813844e-01
7.247731338902217e-01
7.247731338991366e-01
7.247731339081291e-01
7.247731339171998e-01
7.247731339263486e-01
7.247731339355757e-01
7.247731339448815e-01
7.247731339542660e-01
7.247731339637294e-01
7.247731339732721e-01
7.247731339828941e-01
7.247731339925957e-01
7.247731340023770e-01
7.247731340122382e-01
7.247731340221796e-01
7.247731340322012e-01
7.247731340423036e-01
7.247731340524866e-01
7.247731340627505e-01
7.247731340730955e-01
7.247731340835220e-01
7.247731340940299e-01
7.247731341046195e-01
7.247731341152911e-01
7.247731341260447e-01
7.247731341368807e-01
7.247731341477992e-01
7.247731341588004e-01
7.247731341698845e-01
7.247731341810517e-01
7.247731341923022e-01
7.247731342036362e-01
7.247731342150538e-01
7.247731342265555e-01
7.247731342381412e-01
7.247731342498110e-01
7.247731342615643e-01
7.247731342733972e-01
7.247731342853057e-01
7.247731342972857e-01
7.247731343093334e-01
7.247731343214446e-01
7.247731343336155e-01
7.247731343458418e-01
7.247731343581197e-01
7.247731343704451e-01
7.247731343828141e-01
7.247731343952226e-01
7.247731344076666e-01
7.247731344201420e-01
7.247731344326449e-01
7.247731344451712e-01
7.247731344577171e-01
7.247731344702784e-01
7.247731344828511e-01
7.247731344954311e-01
7.247731345080146e-01
7.247731345205976e-01
7.247731345331758e-01
7.247731345457454e-01
7.247731345583024e-01
7.247731345708427e-01
7.247731345833623e-01
7.247731345958573e-01
7.247731346083236e-01
7.247731346207572e-01
7.247731346331541e-01
7.247731346455102e-01
7.247731346578216e-01
7.247731346700842e-01
7.247731346822940e-01
7.247731346944472e-01
7.247731347065394e-01
7.247731347185669e-01
7.247731347305255e-01
7.247731347424113e-01
7.247731347542204e-01
7.247731347659485e-01
7.247731347775919e-01
7.247731347891463e-01
7.247731348006078e-01
7.247731348119725e-01
7.247731348232361e-01
7.247731348343950e-01
7.247731348454449e-01
7.247731348563818e-01
7.247731348672017e-01
7.247731348779007e-01
7.247731348884748e-01
7.247731348989198e-01
7.247731349092319e-01
7.247731349194069e-01
7.247731349294408e-01
7.247731349393298e-01
7.247731349490697e-01
7.247731349586565e-01
7.247731349680863e-01
7.247731349773550e-01
7.247731349864585e-01
7.247731349953929e-01
7.247731350041542e-01
7.247731350127384e-01
7.247731350211415e-01
7.247731350293594e-01
7.247731350373880e-01
7.247731350452236e-01
7.247731350528619e-01
7.247731350602991e-01
7.247731350675309e-01
7.247731350745537e-01
7.247731350813631e-01
7.247731350879553e-01
7.247731350943262e-01
7.247731351004718e-01
7.247731351063881e-01
7.247731351120711e-01
7.247731351175168e-01
7.247731351227212e-01
7.247731351276803e-01
7.247731351323901e-01
7.247731351368464e-01
7.247731351410454e-01
7.247731351449829e-01
7.247731351486552e-01
7.247731351520579e-01
7.247731351551873e-01
7.247731351580392e-01
7.247731351606096e-01
7.247731351628947e-01
7.247731351648902e-01
7.247731351665923e-01
7.247731351679968e-01
7.247731351690999e-01
7.247731351698975e-01
7.247731351703854e-01
7.247731351705600e-01
7.247731351704169e-01
7.247731351699522e-01
7.247731351691621e-01
7.247731351680422e-01
7.247731351665888e-01
7.247731351647978e-01
7.247731351626652e-01
7.247731351601869e-01
7.247731351573590e-01
7.247731351541774e-01
7.247731351506381e-01
7.247731351467372e-01
7.247731351424705e-01
7.247731351378343e-01
7.247731351328242e-01
7.247731351274364e-01
7.247731351216669e-01
7.247731351155116e-01
7.247731351089665e-01
7.247731351020277e-01
7.247731350946910e-01
7.247731350869526e-01
7.247731350788084e-01
7.247731350702543e-01
7.247731350612864e-01
7.247731350519006e-01
7.247731350420930e-01
7.247731350318595e-01
7.247731350211961e-01
7.247731350100988e-01
7.247731349985636e-01
7.247731349865865e-01
7.247731349741634e-01
7.247731349612904e-01
7.247731349479635e-01
7.247731349341785e-01
7.247731349199316e-01
7.247731349052187e-01
7.247731348900358e-01
7.247731348743789e-01
7.247731348582439e-01
7.247731348416269e-01
7.247731348245239e-01
7.247731348069307e-01
7.247731347888435e-01
7.247731347702583e-01
7.247731347511709e-01
7.247731347315773e-01
7.247731347114738e-01
7.247731346908560e-01
7.247731346697202e-01
7.247731346480620e-01
7.247731346258778e-01
7.247731346031634e-01
7.247731345799148e-01
7.247731345561279e-01
7.247731345317988e-01
7.247731345069236e-01
7.247731344814980e-01
7.247731344555183e-01
7.247731344289803e-01
7.247731344018798e-01
7.247731343742133e-01
7.247731343459763e-01
7.247731343171651e-01
7.247731342877756e-01
7.247731342578037e-01
7.247731342272454e-01
7.247731341960968e-01
7.247731341643537e-01
7.247731341320124e-01
7.247731340990686e-01
7.247731340655184e-01
7.247731340313578e-01
7.247731339965827e-01
7.247731339611893e-01
7.247731339251733e-01
7.247731338885308e-01
7.247731338512580e-01
7.247731338133505e-01
7.247731337748047e-01
7.247731337356162e-01
7.247731336957812e-01
7.247731336552957e-01
7.247731336141557e-01
7.247731335723571e-01
7.247731335298959e-01
7.247731334867681e-01
7.247731334429697e-01
7.247731333984967e-01
7.247731333533450e-01
7.247731333075108e-01
7.247731332609899e-01
7.247731332137783e-01
7.247731331658721e-01
7.247731331172671e-01
7.247731330679595e-01
7.247731330179452e-01
7.247731329672201e-01
7.247731329157803e-01
7.247731328636218e-01
7.247731328107405e-01
7.247731327571324e-01
7.247731327027936e-01
7.247731326477199e-01
7.247731325919076e-01
7.247731325353522e-01
7.247731324780502e-01
7.247731324199973e-01
7.247731323611895e-01
7.247731323016229e-01
7.247731322412934e-01
7.247731321801969e-01
7.247731321183296e-01
7.247731320556874e-01
7.247731319922663e-01
7.247731319280620e-01
7.247731318630657e-01
7.247731317972638e-01
7.247731317306423e-01
7.247731316631877e-01
7.247731315948860e-01
7.247731315257234e-01
7.247731314556862e-01
7.247731313847605e-01
7.247731313129326e-01
7.247731312401887e-01
7.247731311665149e-01
7.247731310918973e-01
7.247731310163225e-01
7.247731309397762e-01
7.247731308622449e-01
7.247731307837147e-01
7.247731307041719e-01
7.247731306236027e-01
7.247731305419931e-01
7.247731304593295e-01
7.247731303755980e-01
7.247731302907848e-01
7.247731302048761e-01
7.247731301178583e-01
7.247731300297172e-01
7.247731299404393e-01
7.247731298500107e-01
7.247731297584177e-01
7.247731296656463e-01
7.247731295716828e-01
7.247731294765135e-01
7.247731293801245e-01
7.247731292825019e-01
7.247731291836321e-01
7.247731290835012e-01
7.247731289820953e-01
7.247731288794008e-01
7.247731287754038e-01
7.247731286700905e-01
7.247731285634471e-01
7.247731284554597e-01
7.247731283461147e-01
7.247731282353981e-01
7.247731281232962e-01
7.247731280097952e-01
7.247731278948814e-01
7.247731277785407e-01
7.247731276607596e-01
7.247731275415241e-01
7.247731274208206e-01
7.247731272986351e-01
7.247731271749538e-01
7.247731270497630e-01
7.247731269230490e-01
7.247731267947978e-01
7.247731266649956e-01
7.247731265336287e-01
7.247731264006834e-01
7.247731262661455e-01
7.247731261300017e-01
7.247731259922379e-01
7.247731258528403e-01
7.247731257117951e-01
7.247731255690887e-01
7.247731254247071e-01
7.247731252786365e-01
7.247731251308632e-01
7.247731249813734e-01
7.247731248301531e-01
7.247731246771888e-01
7.247731245224664e-01
7.247731243659723e-01
7.247731242076927e-01
7.247731240476136e-01
7.247731238857215e-01
7.247731237220024e-01
7.247731235564425e-01
7.247731233890280e-01
7.247731232197452e-01
7.247731230485802e-01
7.247731228755192e-01
7.247731227005484e-01
7.247731225236541e-01
7.247731223448224e-01
7.247731221640394e-01
7.247731219812916e-01
7.247731217965649e-01
7.247731216098457e-01
7.247731214211200e-01
7.247731212303743e-01
7.247731210375945e-01
7.247731208427669e-01
7.247731206458777e-01
7.247731204469131e-01
7.247731202458594e-01
7.247731200427026e-01
7.247731198374290e-01
7.247731196300248e-01
7.247731194204763e-01
7.247731192087695e-01
7.247731189948907e-01
7.247731187788261e-01
7.247731185605619e-01
7.247731183400843e-01
7.247731181173794e-01
7.247731178924336e-01
7.247731176652330e-01
7.247731174357634e-01
7.247731172039091e-01
7.247731169692923e-01
7.247731167314932e-01
7.247731164900927e-01
7.247731162446713e-01
7.247731159948096e-01
7.247731157400883e-01
7.247731154800878e-01
7.247731152143888e-01
7.247731149425719e-01
7.247731146642176e-01
7.247731143789066e-01
7.247731140862195e-01
7.247731137857367e-01
7.247731134770391e-01
7.247731131597070e-01
7.247731128333212e-01
7.247731124974623e-01
7.247731121517108e-01
7.247731117956472e-01
7.247731114288523e-01
7.247731110509065e-01
7.247731106613905e-01
7.247731102598849e-01
7.247731098459703e-01
7.247731094192272e-01
7.247731089792363e-01
7.247731085255782e-01
7.247731080578333e-01
7.247731075755824e-01
7.247731070784061e-01
7.247731065658849e-01
7.247731060375994e-01
7.247731054931301e-01
7.247731049320578e-01
7.247731043539630e-01
7.247731037584263e-01
7.247731031450282e-01
7.247731025133494e-01
7.247731018629705e-01
7.247731011934720e-01
7.247731005044346e-01
7.247730997954388e-01
7.247730990660654e-01
7.247730983158945e-01
7.247730975445074e-01
7.247730967514840e-01
7.247730959364054e-01
7.247730950988519e-01
7.247730942384042e-01
7.247730933546430e-01
7.247730924471487e-01
7.247730915155020e-01
7.247730905592834e-01
7.247730895780735e-01
7.247730885714531e-01
7.247730875390026e-01
7.247730864803026e-01
7.247730853949338e-01
7.247730842824767e-01
7.247730831425119e-01
7.247730819746200e-01
7.247730807783815e-01
7.247730795533772e-01
7.247730782991876e-01
7.247730770153933e-01
7.247730757015748e-01
7.247730743573129e-01
7.247730729821878e-01
7.247730715757806e-01
7.247730701376716e-01
7.247730686674414e-01
7.247730671646706e-01
7.247730656289398e-01
7.247730640598298e-01
7.247730624569209e-01
7.247730608197936e-01
7.247730591480289e-01
7.247730574412072e-01
7.247730556989090e-01
7.247730539207151e-01
7.247730521062059e-01
7.247730502549620e-01
7.247730483665641e-01
7.247730464405928e-01
7.247730444766286e-01
7.247730424742521e-01
7.247730404330439e-01
7.247730383525847e-01
7.247730362324549e-01
7.247730340722353e-01
7.247730318715063e-01
7.247730296298487e-01
7.247730273468430e-01
7.247730250220696e-01
7.247730226551095e-01
7.247730202455429e-01
7.247730177929506e-01
7.247730152969132e-01
7.247730127570111e-01
7.247730101728251e-01
7.247730075439358e-01
7.247730048699237e-01
7.247730021503693e-01
7.247729993848534e-01
7.247729965729565e-01
7.247729937142591e-01
7.247729908083420e-01
7.247729878541582e-01
7.247729848460244e-01
7.247729817761789e-01
7.247729786368502e-01
7.247729754202670e-01
7.247729721186577e-01
7.247729687242509e-01
7.247729652292753e-01
7.247729616259592e-01
7.247729579065314e-01
7.247729540632203e-01
7.247729500882545e-01
7.247729459738625e-01
7.247729417122731e-01
7.247729372957146e-01
7.247729327164156e-01
7.247729279666048e-01
7.247729230385105e-01
7.247729179243615e-01
7.247729126163863e-01
7.247729071068133e-01
7.247729013878713e-01
7.247728954517887e-01
7.247728892907941e-01
7.247728828971161e-01
7.247728762629831e-01
7.247728693806238e-01
7.247728622422668e-01
7.247728548401404e-01
7.247728471664735e-01
7.247728392134944e-01
7.247728309734319e-01
7.247728224385143e-01
7.247728136009702e-01
7.247728044530284e-01
7.247727949869172e-01
7.247727851948651e-01
7.247727750691010e-01
7.247727646018531e-01
7.247727537853502e-01
7.247727426118207e-01
7.247727310734933e-01
7.247727191625963e-01
7.247727068713586e-01
7.247726941920085e-01
7.247726811167747e-01
7.247726676378857e-01
7.247726537475702e-01
7.247726394380565e-01
7.247726247015732e-01
7.247726095303489e-01
7.247725939166124e-01
7.247725778525920e-01
7.247725613305162e-01
7.247725443401811e-01
7.247725268383580e-01
7.247725087580181e-01
7.247724900316069e-01
7.247724705915699e-01
7.247724503703529e-01
7.247724293004014e-01
7.247724073141609e-01
7.247723843440773e-01
7.247723603225961e-01
7.247723351821627e-01
7.247723088552228e-01
7.247722812742222e-01
7.247722523716064e-01
7.247722220798208e-01
7.247721903313115e-01
7.247721570585235e-01
7.247721221939029e-01
7.247720856698950e-01
7.247720474189456e-01
7.247720073735002e-01
7.247719654660045e-01
7.247719216289040e-01
7.247718757946444e-01
7.247718278956713e-01
7.247717778644301e-01
7.247717256333668e-01
7.247716711350145e-01
7.247716143036101e-01
7.247715550749354e-01
7.247714933848276e-01
7.247714291691245e-01
7.247713623636634e-01
7.247712929042819e-01
7.247712207268173e-01
7.247711457671074e-01
7.247710679609897e-01
7.247709872443014e-01
7.247709035528803e-01
7.247708168225638e-01
7.247707269891893e-01
7.247706339885945e-01
7.247705377566168e-01
7.247704382290937e-01
7.247703353418626e-01
7.247702290307613e-01
7.247701192316270e-01
7.247700058802974e-01
7.247698889126098e-01
7.247697682644020e-01
7.247696438715112e-01
7.247695156697751e-01
7.247693835950312e-01
7.247692475831169e-01
7.247691075604071e-01
7.247689631745527e-01
7.247688137556171e-01
7.247686586163872e-01
7.247684970696500e-01
7.247683284281925e-01
7.247681520048015e-01
7.247679671122641e-01
7.247677730633670e-01
7.247675691708975e-01
7.247673547476421e-01
7.247671291063881e-01
7.247668915599221e-01
7.247666414210314e-01
7.247663780025027e-01
7.247661006171230e-01
7.247658085776791e-01
7.247655011969582e-01
7.247651777877470e-01
7.247648376628325e-01
7.247644801350017e-01
7.247641045170415e-01
7.247637101217389e-01
7.247632962618806e-01
7.247628622502538e-01
7.247624073996454e-01
7.247619310228420e-01
7.247614324243522e-01
7.247609105022013e-01
7.247603635714136e-01
7.247597899019852e-01
7.247591877639119e-01
7.247585554271897e-01
7.247578911618143e-01
7.247571932377819e-01
7.247564599250882e-01
7.247556894937293e-01
7.247548802137008e-01
7.247540303549989e-01
7.247531381876193e-01
7.247522019815582e-01
7.247512195543053e-01
7.247501855732867e-01
7.247490933666391e-01
7.247479362575897e-01
7.247467075693661e-01
7.247454006251955e-01
7.247440087483055e-01
7.247425252619235e-01
7.247409434892769e-01
7.247392567535930e-01
7.247374583780994e-01
7.247355416860235e-01
7.247335000005927e-01
7.247313265888997e-01
7.247290093480604e-01
7.247265264348178e-01
7.247238549773167e-01
7.247209721037018e-01
7.247178549421177e-01
7.247144806207090e-01
7.247108261854633e-01
7.247068668201988e-01
7.247025758616824e-01
7.246979265675483e-01
7.246928921954306e-01
7.246874460029634e-01
7.246815612477808e-01
7.246752048363772e-01
7.246682847980842e-01
7.246606772505572e-01
7.246522579961689e-01
7.246429028372924e-01
7.246324875763005e-01
7.246208880155660e-01
7.246079577829129e-01
7.245934502998651e-01
7.245770906955981e-01
7.245585990023696e-01
7.245376103755616e-01
7.245136899122803e-01
7.244864005669672e-01
7.244552939431430e-01
7.244198954132928e-01
7.243797266559345e-01
7.243342304837457e-01
7.242822697569467e-01
7.242224485357877e-01
7.241533709872106e-01
7.240736875618418e-01
7.239821000991321e-01
7.238772537715742e-01
7.237580216858953e-01
7.236242134278713e-01
7.234747030597342e-01
7.233069266787037e-01
7.231220317963507e-01
7.229220169474367e-01
7.227086817167722e-01
7.224840503517727e-01
7.222543748254627e-01
7.220252880257694e-01
7.218030646375112e-01
7.215942841719362e-01
7.214055301085963e-01
7.212431245580549e-01
7.211129231481196e-01
7.210201860567932e-01
7.209695313195864e-01
7.209649616569539e-01
7.210099416230823e-01
7.211074758139125e-01
7.212601149131906e-01
7.214698060218312e-01
7.217375135883390e-01
7.220625834777717e-01
7.224419247156746e-01
7.228692121245470e-01
7.233344291056408e-01
7.238240533669020e-01
7.243219466792961e-01
7.248123035864464e-01
7.252770727261245e-01
7.257020447159527e-01
7.260763164589019e-01
7.263948114920580e-01
7.266546730747351e-01
7.268558171014108e-01
7.270004321325619e-01
7.270924795502663e-01
7.271367809939663e-01
7.271398783046054e-01
7.271085879830432e-01
7.270498764939548e-01
7.269701404042623e-01
7.268757660510284e-01
7.267721320258832e-01
7.266635416186566e-01
7.265534907239229e-01
7.264445926041425e-01
7.263384866733696e-01
7.262363984471228e-01
7.261392286024582e-01
7.260475814116509e-01
7.259616757877936e-01
7.258819294329901e-01
7.258088268603130e-01
7.257419245126695e-01
7.256804197808652e-01
7.256235204860326e-01
7.255707333766492e-01
7.255218895259270e-01
7.254768362773053e-01
7.254354443385034e-01
7.253976574346784e-01
7.253634335157425e-01
7.253327116718604e-01
7.253052341490375e-01
7.252806260830764e-01
7.252585110576202e-01
7.252385126563116e-01
7.252202544627936e-01
7.252033600607090e-01
7.251875002139470e-01
7.251725821986522e-01
7.251585872463994e-01
7.251454966139116e-01
7.251332915579122e-01
7.251219533351244e-01
7.251114631749386e-01
7.251017907431978e-01
7.250928762432441e-01
7.250846552545376e-01
7.250770633565380e-01
7.250700361287052e-01
7.250635091504994e-01
7.250574183915507e-01
7.250517168149814e-01
7.250463805774159e-01
7.250413875033799e-01
7.250367154173993e-01
7.250323421439998e-01
7.250282455077073e-01
7.250244035561557e-01
7.250207975544705e-01
7.250174111842072e-01
7.250142281856898e-01
7.250112322992424e-01
7.250084072651890e-01
7.250057368238535e-01
7.250032055089615e-01
7.250008030601810e-01
7.249985213158613e-01
7.249963521201472e-01
7.249942873171838e-01
7.249923187511158e-01
7.249904382662467e-01
7.249886383850145e-01
7.249869138595586e-01
7.249852598996038e-01
7.249836717148753e-01
7.249821445150978e-01
7.249806735099963e-01
7.249792539166633e-01
7.249778815521529e-01
7.249765532678073e-01
7.249752660173620e-01
7.249740167545526e-01
7.249728024331150e-01
7.249716200067849e-01
7.249704664929455e-01
7.249693402327986e-01
7.249682408179257e-01
7.249671678888528e-01
7.249661210861065e-01
7.249651000502128e-01
7.249641044216981e-01
7.249631337584153e-01
7.249621868986525e-01
7.249612623101995e-01
7.249603584577832e-01
7.249594738061309e-01
7.249586068199699e-01
7.249577559640276e-01
7.249569197030311e-01
7.249560965017078e-01
7.249552848247850e-01
7.249544831369897e-01
7.249536899030495e-01
7.249529035876916e-01
7.249521226581241e-01
7.249513460679563e-01
7.249505738371979e-01
7.249498061272769e-01
7.249490430996215e-01
7.249482849156597e-01
7.249475317368196e-01
7.249467837245293e-01
7.249460410402168e-01
7.249453038453102e-01
7.249445723012377e-01
7.249438465694272e-01
7.249431268113069e-01
7.249424131883049e-01
7.249417058462589e-01
7.249410047470051e-01
7.249403097323400e-01
7.249396206419992e-01
7.249389373157185e-01
7.249382595932334e-01
7.249375873142796e-01
7.249369203185927e-01
7.249362584459083e-01
7.249356015359619e-01
7.249349494284895e-01
7.249343019632264e-01
7.249336589799084e-01
7.249330203183150e-01
7.249323858547818e-01
7.249317555684880e-01
7.249311294565656e-01
7.249305075161468e-01
7.249298897443638e-01
7.249292761383487e-01
7.249286666952337e-01
7.249280614121508e-01
7.249274602862325e-01
7.249268633146106e-01
7.249262704944175e-01
7.249256818227852e-01
7.249250972968458e-01
7.249245169104970e-01
7.249239406040958e-01
7.249233682739880e-01
7.249227998152127e-01
7.249222351228094e-01
7.249216740918174e-01
7.249211166172760e-01
7.249205625942245e-01
7.249200119177024e-01
7.249194644827489e-01
7.249189201844034e-01
7.249183789177052e-01
7.249178405776935e-01
7.249173050594098e-01
7.249167723273088e-01
7.249162425986786e-01
7.249157161483563e-01
7.249151932511785e-01
7.249146741819823e-01
7.249141592156046e-01
7.249136486268822e-01
7.249131426906521e-01
7.249126416817512e-01
7.249121458750162e-01
7.249116555452841e-01
7.249111709673920e-01
7.249106924161764e-01
7.249102201574096e-01
7.249097542355981e-01
7.249092944666501e-01
7.249088406559407e-01
7.249083926088454e-01
7.249079501307395e-01
7.249075130269984e-01
7.249070811029973e-01
7.249066541641116e-01
7.249062320157168e-01
7.249058144631880e-01
7.249054013119007e-01
7.249049923672303e-01
7.249045874345520e-01
7.249041863192413e-01
7.249037888266733e-01
7.249033947622235e-01
7.249030039312674e-01
7.249026161391802e-01
7.249022311913370e-01
7.249018488931136e-01
7.249014690498851e-01
7.249010914670267e-01
7.249007159499141e-01
7.249003423039224e-01
7.248999703344270e-01
7.248995998468033e-01
7.248992306486236e-01
7.248988626328697e-01
7.248984958034733e-01
7.248981301717808e-01
7.248977657491390e-01
7.248974025468943e-01
7.248970405763933e-01
7.248966798489827e-01
7.248963203760090e-01
7.248959621688188e-01
7.248956052387586e-01
7.248952495971751e-01
7.248948952554150e-01
7.248945422248244e-01
7.248941905167504e-01
7.248938401425394e-01
7.248934911135378e-01
7.248931434410926e-01
7.248927971365500e-01
7.248924522112566e-01
7.248921086765592e-01
7.248917665438043e-01
7.248914258243383e-01
7.248910865295081e-01
7.248907486706599e-01
7.248904122591407e-01
7.248900773062968e-01
7.248897438237576e-01
7.248894118429671e-01
7.248890814278447e-01
7.248887526453207e-01
7.248884255623248e-01
7.248881002457870e-01
7.248877767626374e-01
7.248874551798057e-01
7.248871355642220e-01
7.248868179828162e-01
7.248865025025183e-01
7.248861891902582e-01
7.248858781129658e-01
7.248855693375711e-01
7.248852629310041e-01
7.248849589601947e-01
7.248846574920728e-01
7.248843585935684e-01
7.248840623316113e-01
7.248837687731318e-01
7.248834779850595e-01
7.248831900343244e-01
7.248829049878567e-01
7.248826229125860e-01
7.248823438754425e-01
7.248820679433560e-01
7.248817951832566e-01
7.248815256618409e-01
7.248812594091220e-01
7.248809963787765e-01
7.248807365149562e-01
7.248804797618130e-01
7.248802260634986e-01
7.248799753641645e-01
7.248797276079627e-01
7.248794827390448e-01
7.248792407015626e-01
7.248790014396678e-01
7.248787648975121e-01
7.248785310192474e-01
7.248782997490252e-01
7.248780710309973e-01
7.248778448093155e-01
7.248776210281316e-01
7.248773996315971e-01
7.248771805638641e-01
7.248769637690839e-01
7.248767491914085e-01
7.248765367749896e-01
7.248763264639789e-01
7.248761182025283e-01
7.248759119347892e-01
7.248757076049135e-01
7.248755051570530e-01
7.248753045353594e-01
7.248751056839845e-01
7.248749085470798e-01
7.248747130687972e-01
7.248745191932886e-01
7.248743268647054e-01
7.248741360271995e-01
7.248739466249227e-01
7.248737586020265e-01
7.248735719026630e-01
7.248733864709835e-01
7.248732022511402e-01
7.248730191872844e-01
7.248728372235681e-01
7.248726563041429e-01
7.248724763731607e-01
7.248722973747731e-01
7.248721192531318e-01
7.248719419523886e-01
7.248717654166953e-01
7.248715895902035e-01
7.248714144170650e-01
7.248712398414316e-01
7.248710658074550e-01
7.248708922592868e-01
7.248707191410788e-01
7.248705463969829e-01
7.248703739711519e-01
7.248702018193530e-01
7.248700299373552e-01
7.248698583295325e-01
7.248696870002598e-01
7.248695159539111e-01
7.248693451948610e-01
7.248691747274838e-01
7.248690045561540e-01
7.248688346852458e-01
7.248686651191337e-01
7.248684958621922e-01
7.248683269187954e-01
7.248681582933181e-01
7.248679899901344e-01
7.248678220136188e-01
7.248676543681455e-01
7.248674870580892e-01
7.248673200878241e-01
7.248671534617247e-01
7.248669871841652e-01
7.248668212595203e-01
7.248666556921640e-01
7.248664904864711e-01
7.248663256468157e-01
7.248661611775723e-01
7.248659970831154e-01
7.248658333678192e-01
7.248656700360581e-01
7.248655070922067e-01
7.248653445406391e-01
7.248651823857299e-01
7.248650206318535e-01
7.248648592833842e-01
7.248646983446965e-01
7.248645378201646e-01
7.248643777141630e-01
7.248642180310663e-01
7.248640587752485e-01
7.248638999510842e-01
7.248637415629480e-01
7.248635836152139e-01
7.248634261122564e-01
7.248632690584501e-01
7.248631124581691e-01
7.248629563157881e-01
7.248628006356813e-01
7.248626454222231e-01
7.248624906797880e-01
7.248623364127502e-01
7.248621826254843e-01
7.248620293223647e-01
7.248618765077655e-01
7.248617241860613e-01
7.248615723616266e-01
7.248614210393282e-01
7.248612702269096e-01
7.248611199331554e-01
7.248609701668518e-01
7.248608209367847e-01
7.248606722517402e-01
7.248605241205045e-01
7.248603765518634e-01
7.248602295546033e-01
7.248600831375099e-01
7.248599373093696e-01
7.248597920789682e-01
7.248596474550919e-01
7.248595034465267e-01
7.248593600620589e-01
7.248592173104741e-01
7.248590752005587e-01
7.248589337410988e-01
7.248587929408802e-01
7.248586528086891e-01
7.248585133533118e-01
7.248583745835339e-01
7.248582365081417e-01
7.248580991359214e-01
7.248579624756588e-01
7.248578265361402e-01
7.248576913261515e-01
7.248575568544788e-01
7.248574231299082e-01
7.248572901612258e-01
7.248571579572175e-01
7.248570265266695e-01
7.248568958783679e-01
7.248567660210986e-01
7.248566369636478e-01
7.248565087148016e-01
7.248563812833458e-01
7.248562546780668e-01
7.248561289077504e-01
7.248560039811829e-01
7.248558799071501e-01
7.248557566944382e-01
7.248556343518333e-01
7.248555128881214e-01
7.248553923120887e-01
7.248552726325210e-01
7.248551538582046e-01
7.248550359979254e-01
7.248549190604697e-01
7.248548030546232e-01
7.248546879891723e-01
7.248545738729030e-01
7.248544607146011e-01
7.248543485230530e-01
7.248542373060308e-01
7.248541270608417e-01
7.248540177786190e-01
7.248539094504159e-01
7.248538020672860e-01
7.248536956202827e-01
7.248535901004591e-01
7.248534854988690e-01
7.248533818065656e-01
7.248532790146022e-01
7.248531771140323e-01
7.248530760959094e-01
7.248529759512867e-01
7.248528766712179e-01
7.248527782467561e-01
7.248526806689548e-01
7.248525839288674e-01
7.248524880175473e-01
7.248523929260479e-01
7.248522986454227e-01
7.248522051667249e-01
7.248521124810080e-01
7.248520205793254e-01
7.248519294527306e-01
7.248518390922768e-01
7.248517494890175e-01
7.248516606340063e-01
7.248515725182962e-01
7.248514851329408e-01
7.248513984689936e-01
7.248513125175079e-01
7.248512272695370e-01
7.248511427161345e-01
7.248510588483537e-01
7.248509756572479e-01
7.248508931338706e-01
7.248508112692753e-01
7.248507300545153e-01
7.248506494806439e-01
7.248505695387146e-01
7.248504902197809e-01
7.248504115148959e-01
7.248503334151134e-01
7.248502559114866e-01
7.248501789950688e-01
7.248501026569134e-01
7.248500268880740e-01
7.248499516796039e-01
7.248498770225564e-01
7.248498029079852e-01
7.248497293269434e-01
7.248496562704844e-01
7.248495837296617e-01
7.248495116955287e-01
7.248494401591388e-01
7.248493691115454e-01
7.248492985438019e-01
7.248492284469616e-01
7.248491588120781e-01
7.248490896302047e-01
7.248490208923947e-01
7.248489525897016e-01
7.248488847131789e-01
7.248488172538797e-01
7.248487502028577e-01
7.248486835511662e-01
7.248486172898585e-01
7.248485514099881e-01
7.248484859026084e-01
7.248484207587728e-01
7.248483559695346e-01
7.248482915259473e-01
7.248482274190644e-01
7.248481636399391e-01
7.248481001796249e-01
7.248480370291751e-01
7.248479741796432e-01
7.248479116220826e-01
7.248478493475466e-01
7.248477873470888e-01
7.248477256117625e-01
7.248476641326209e-01
7.248476029007177e-01
7.248475419071062e-01
7.248474811428397e-01
7.248474205989717e-01
7.248473602665556e-01
7.248473001366447e-01
7.248472402002926e-01
7.248471804485525e-01
7.248471208724777e-01
7.248470614631219e-01
7.248470022115384e-01
7.248469431087806e-01
7.248468841459018e-01
7.248468253139555e-01
7.248467666039952e-01
7.248467080070740e-01
7.248466495142455e-01
7.248465911165630e-01
7.248465328050800e-01
7.248464745708499e-01
7.248464164049261e-01
7.248463582983619e-01
7.248463002422108e-01
7.248462422275261e-01
7.248461842453613e-01
7.248461262867698e-01
7.248460683428800e-01
7.248460104088275e-01
7.248459524856892e-01
7.248458945750227e-01
7.248458366783858e-01
7.248457787973358e-01
7.248457209334306e-01
7.248456630882278e-01
7.248456052632850e-01
7.248455474601599e-01
7.248454896804101e-01
7.248454319255933e-01
7.248453741972669e-01
7.248453164969888e-01
7.248452588263166e-01
7.248452011868078e-01
7.248451435800202e-01
7.248450860075114e-01
7.248450284708389e-01
7.248449709715605e-01
7.248449135112338e-01
7.248448560914165e-01
7.248447987136660e-01
7.248447413795402e-01
7.248446840905967e-01
7.248446268483930e-01
7.248445696544868e-01
7.248445125104358e-01
7.248444554177976e-01
7.248443983781299e-01
7.248443413929901e-01
7.248442844639362e-01
7.248442275925255e-01
7.248441707803159e-01
7.248441140288649e-01
7.248440573397302e-01
7.248440007144694e-01
7.248439441546403e-01
7.248438876618002e-01
7.248438312375070e-01
7.248437748833182e-01
7.248437186007916e-01
7.248436623914847e-01
7.248436062569551e-01
7.248435501987607e-01
7.248434942184588e-01
7.248434383176073e-01
7.248433824977637e-01
7.248433267604857e-01
7.248432711073309e-01
7.248432155398571e-01
7.248431600596216e-01
7.248431046681824e-01
7.248430493670969e-01
7.248429941579227e-01
7.248429390422177e-01
7.248428840215394e-01
7.248428290974454e-01
7.248427742714934e-01
7.248427195452409e-01
7.248426649202458e-01
7.248426103980655e-01
7.248425559802578e-01
7.248425016683802e-01
7.248424474639904e-01
7.248423933686461e-01
7.248423393839049e-01
7.248422855113243e-01
7.248422317524622e-01
7.248421781088761e-01
7.248421245821236e-01
7.248420711737623e-01
7.248420178853501e-01
7.248419647184443e-01
7.248419116746028e-01
7.248418587553830e-01
7.248418059623428e-01
7.248417532970397e-01
7.248417007610313e-01
7.248416483558754e-01
7.248415960831294e-01
7.248415439443512e-01
7.248414919410981e-01
7.248414400749282e-01
7.248413883473988e-01
7.248413367600676e-01
7.248412853144923e-01
7.248412340122304e-01
7.248411828548398e-01
7.248411318438779e-01
7.248410809809025e-01
7.248410302674710e-01
7.248409797051414e-01
7.248409292954711e-01
7.248408790400176e-01
7.248408289403389e-01
7.248407789979924e-01
7.248407292145358e-01
7.248406795915268e-01
7.248406301305228e-01
7.248405808330818e-01
7.248405317007611e-01
7.248404827351186e-01
7.248404339377118e-01
7.248403853100984e-01
7.248403368538360e-01
7.248402885704822e-01
7.248402404615948e-01
7.248401925287312e-01
7.248401447729732e-01
7.248400971934983e-01
7.248400497890081e-01
7.248400025582040e-01
7.248399554997877e-01
7.248399086124608e-01
7.248398618949247e-01
7.248398153458808e-01
7.248397689640309e-01
7.248397227480765e-01
7.248396766967191e-01
7.248396308086603e-01
7.248395850826015e-01
7.248395395172444e-01
7.248394941112904e-01
7.248394488634412e-01
7.248394037723983e-01
7.248393588368632e-01
7.248393140555375e-01
7.248392694271226e-01
7.248392249503202e-01
7.248391806238318e-01
7.248391364463589e-01
7.248390924166032e-01
7.248390485332660e-01
7.248390047950489e-01
7.248389612006537e-01
7.248389177487816e-01
7.248388744381344e-01
7.248388312674136e-01
7.248387882353206e-01
7.248387453405570e-01
7.248387025818245e-01
7.248386599578244e-01
7.248386174672584e-01
7.248385751088281e-01
7.248385328812348e-01
7.248384907831803e-01
7.248384488133660e-01
7.248384069704935e-01
7.248383652532644e-01
7.248383236603801e-01
7.248382821905422e-01
7.248382408424523e-01
7.248381996148120e-01
7.248381585063226e-01
7.248381175156858e-01
7.248380766416033e-01
7.248380358827763e-01
7.248379952379066e-01
7.248379547056957e-01
7.248379142848451e-01
7.248378739740564e-01
7.248378337720310e-01
7.248377936774707e-01
7.248377536890768e-01
7.248377138055508e-01
7.248376740255946e-01
7.248376343479095e-01
7.248375947711970e-01
7.248375552941587e-01
7.248375159154962e-01
7.248374766339110e-01
7.248374374481046e-01
7.248373983567786e-01
7.248373593586346e-01
7.248373204523740e-01
7.248372816366985e-01
7.248372429103096e-01
7.248372042719087e-01
7.248371657201975e-01
7.248371272538775e-01
7.248370888716502e-01
7.248370505722173e-01
7.248370123542801e-01
7.248369742165404e-01
7.248369361576995e-01
7.248368981764591e-01
7.248368602715207e-01
7.248368224415859e-01
7.248367846853562e-01
7.248367470015331e-01
7.248367093888182e-01
7.248366718459129e-01
7.248366343715191e-01
7.248365969643380e-01
7.248365596230713e-01
7.248365223464205e-01
7.248364851330871e-01
7.248364479817727e-01
7.248364108911789e-01
7.248363738600071e-01
7.248363368869589e-01
7.248362999707360e-01
7.248362631100398e-01
7.248362263035717e-01
7.248361895500336e-01
7.248361528481267e-01
7.248361161965527e-01
7.248360795940132e-01
7.248360430392097e-01
7.248360065308437e-01
7.248359700676167e-01
7.248359336482304e-01
7.248358972713862e-01
7.248358609357857e-01
7.248358246401304e-01
7.248357883831220e-01
7.248357521635601e-01
7.248357159814578e-01
7.248356798376467e-01
7.248356437329738e-01
7.248356076682859e-01
7.248355716444298e-01
7.248355356622525e-01
7.248354997226006e-01
7.248354638263215e-01
7.248354279742616e-01
7.248353921672680e-01
7.248353564061875e-01
7.248353206918671e-01
7.248352850251535e-01
7.248352494068937e-01
7.248352138379345e-01
7.248351783191229e-01
7.248351428513057e-01
7.248351074353298e-01
7.248350720720420e-01
7.248350367622893e-01
7.248350015069185e-01
7.248349663067766e-01
7.248349311627102e-01
7.248348960755665e-01
7.248348610461922e-01
7.248348260754343e-01
7.248347911641395e-01
7.248347563131549e-01
7.248347215233271e-01
7.248346867955032e-01
7.248346521305300e-01
7.248346175292545e-01
7.248345829925233e-01
7.248345485211837e-01
7.248345141160821e-01
7.248344797780657e-01
7.248344455079813e-01
7.248344113066758e-01
7.248343771749960e-01
7.248343431137888e-01
7.248343091239011e-01
7.248342752061799e-01
7.248342413614719e-01
7.248342075906240e-01
7.248341738944832e-01
7.248341402738963e-01
7.248341067297102e-01
7.248340732627716e-01
7.248340398739277e-01
7.248340065640252e-01
7.248339733339110e-01
7.248339401844319e-01
7.248339071164349e-01
7.248338741307668e-01
7.248338412282747e-01
7.248338084098052e-01
7.248337756762051e-01
7.248337430283216e-01
7.248337104670014e-01
7.248336779930915e-01
7.248336456074386e-01
7.248336133108897e-01
7.248335811042916e-01
7.248335489884913e-01
7.248335169643355e-01
7.248334850326713e-01
7.248334531943454e-01
7.248334214502048e-01
7.248333898010964e-01
7.248333582478668e-01
7.248333267913631e-01
7.248332954324322e-01
7.248332641719211e-01
7.248332330106764e-01
7.248332019495450e-01
7.248331709893741e-01
7.248331401310102e-01
7.248331093753003e-01
7.248330787230913e-01
7.248330481752302e-01
7.248330177325638e-01
7.248329873959389e-01
7.248329571662024e-01
7.248329270442012e-01
7.248328970307822e-01
7.248328671267923e-01
7.248328373330784e-01
7.248328076504873e-01
7.248327780798658e-01
7.248327486220609e-01
7.248327192779196e-01
7.248326900482885e-01
7.248326609340148e-01
7.248326319359450e-01
7.248326030549262e-01
7.248325742918054e-01
7.248325456474293e-01
7.248325171226447e-01
7.248324887182988e-01
7.248324604352381e-01
7.248324322743097e-01
7.248324042363604e-01
7.248323763222372e-01
7.248323485327868e-01
7.248323208688562e-01
7.248322933312923e-01
7.248322659209419e-01
7.248322386386460e-01
7.248322114847856e-01
7.248321844589624e-01
7.248321575607024e-01
7.248321307895318e-01
7.248321041449767e-01
7.248320776265631e-01
7.248320512338173e-01
7.248320249662653e-01
7.248319988234331e-01
7.248319728048470e-01
7.248319469100329e-01
7.248319211385171e-01
7.248318954898256e-01
7.248318699634845e-01
7.248318445590199e-01
7.248318192759581e-01
7.248317941138249e-01
7.248317690721466e-01
7.248317441504493e-01
7.248317193482589e-01
7.248316946651018e-01
7.248316701005039e-01
7.248316456539914e-01
7.248316213250904e-01
7.248315971133269e-01
7.248315730182271e-01
7.248315490393171e-01
7.248315251761231e-01
7.248315014281711e-01
7.248314777949871e-01
7.248314542760974e-01
7.248314308710280e-01
7.248314075793050e-01
7.248313844004546e-01
7.248313613340027e-01
7.248313383794757e-01
7.248313155363995e-01
7.248312928043001e-01
7.248312701827040e-01
7.248312476711369e-01
7.248312252691251e-01
7.248312029761947e-01
7.248311807918718e-01
7.248311587156825e-01
7.248311367471528e-01
7.248311148858090e-01
7.248310931311771e-01
7.248310714827831e-01
7.248310499401533e-01
7.248310285028138e-01
7.248310071702905e-01
7.248309859421096e-01
7.248309648177973e-01
7.248309437968796e-01
7.248309228788826e-01
7.248309020633326e-01
7.248308813497555e-01
7.248308607376773e-01
7.248308402266245e-01
7.248308198161229e-01
7.248307995056986e-01
7.248307792948778e-01
7.248307591831866e-01
7.248307391701512e-01
7.248307192552974e-01
7.248306994381516e-01
7.248306797182399e-01
7.248306600950882e-01
7.248306405682228e-01
7.248306211371696e-01
7.248306018014549e-01
7.248305825606047e-01
7.248305634141452e-01
7.248305443616024e-01
7.248305254025025e-01
7.248305065363716e-01
7.248304877627356e-01
7.248304690811209e-01
7.248304504910534e-01
7.248304319920594e-01
7.248304135836647e-01
7.248303952653957e-01
7.248303770367784e-01
7.248303588973389e-01
7.248303408466034e-01
7.248303228840978e-01
7.248303050093482e-01
7.248302872218809e-01
7.248302695212220e-01
7.248302519068975e-01
7.248302343784335e-01
7.248302169353562e-01
7.248301995771916e-01
7.248301823034660e-01
7.248301651137051e-01
7.248301480074355e-01
7.248301309841829e-01
7.248301140434736e-01
7.248300971848338e-01
7.248300804077894e-01
7.248300637118665e-01
7.248300470965915e-01
7.248300305614902e-01
7.248300141060887e-01
7.248299977299134e-01
7.248299814324901e-01
7.248299652133451e-01
7.248299490720044e-01
7.248299330079940e-01
7.248299170208403e-01
7.248299011100692e-01
7.248298852752069e-01
7.248298695157793e-01
7.248298538313128e-01
7.248298382213333e-01
7.248298226853670e-01
7.248298072229400e-01
7.248297918335783e-01
7.248297765168081e-01
7.248297612721556e-01
7.248297460991467e-01
7.248297309973076e-01
7.248297159661645e-01
7.248297010052434e-01
7.248296861140704e-01
7.248296712921716e-01
7.248296565390731e-01
7.248296418543010e-01
7.248296272373815e-01
7.248296126878407e-01
7.248295982052045e-01
7.248295837889993e-01
7.248295694387511e-01
7.248295551539858e-01
7.248295409342298e-01
7.248295267790090e-01
7.248295126878497e-01
7.248294986602778e-01
7.248294846958194e-01
7.248294707940008e-01
7.248294569543481e-01
7.248294431763872e-01
7.248294294596443e-01
7.248294158036456e-01
7.248294022079170e-01
7.248293886719849e-01
7.248293751953750e-01
7.248293617776139e-01
7.248293484182273e-01
7.248293351167415e-01
7.248293218726826e-01
7.248293086855766e-01
7.248292955549497e-01
7.248292824803279e-01
7.248292694612374e-01
7.248292564972043e-01
7.248292435877547e-01
7.248292307324148e-01
7.248292179307104e-01
7.248292051821680e-01
7.248291924863134e-01
7.248291798426728e-01
7.248291672507724e-01
7.248291547101382e-01
7.248291422202963e-01
7.248291297807729e-01
7.248291173910939e-01
7.248291050507857e-01
7.248290927593741e-01
7.248290805163855e-01
7.248290683213459e-01
7.248290561737812e-01
7.248290440732178e-01
7.248290320191817e-01
7.248290200111990e-01
7.248290080487957e-01
7.248289961314980e-01
7.248289842588320e-01
7.248289724303238e-01
7.248289606454996e-01
7.248289489038854e-01
7.248289372050073e-01
7.248289255483914e-01
7.248289139335639e-01
7.248289023600508e-01
7.248288908273782e-01
7.248288793350723e-01
7.248288678826592e-01
7.248288564696649e-01
7.248288450956156e-01
7.248288337600374e-01
7.248288224624563e-01
7.248288112023985e-01
7.248287999793901e-01
7.248287887929572e-01
7.248287776426259e-01
7.248287665279223e-01
7.248287554483724e-01
7.248287444035025e-01
7.248287333928387e-01
7.248287224159070e-01
7.248287114722335e-01
7.248287005613443e-01
7.248286896827656e-01
7.248286788360234e-01
7.248286680206439e-01
7.248286572361531e-01
7.248286464820772e-01
7.248286357579423e-01
7.248286250632744e-01
7.248286143975997e-01
7.248286037604443e-01
7.248285931513343e-01
7.248285825697958e-01
7.248285720153549e-01
7.248285614875377e-01
7.248285509858847e-01
7.248285405101519e-01
7.248285300602610e-01
7.248285196361385e-01
7.248285092377100e-01
7.248284988649021e-01
7.248284885176405e-01
7.248284781958516e-01
7.248284678994613e-01
7.248284576283959e-01
7.248284473825813e-01
7.248284371619439e-01
7.248284269664096e-01
7.248284167959046e-01
7.248284066503549e-01
7.248283965296867e-01
7.248283864338261e-01
7.248283763626991e-01
7.248283663162320e-01
7.248283562943509e-01
7.248283462969818e-01
7.248283363240509e-01
7.248283263754841e-01
7.248283164512078e-01
7.248283065511480e-01
7.248282966752307e-01
7.248282868233823e-01
7.248282769955285e-01
7.248282671915958e-01
7.248282574115101e-01
7.248282476551976e-01
7.248282379225842e-01
7.248282282135964e-01
7.248282185281599e-01
7.248282088662011e-01
7.248281992276461e-01
7.248281896124208e-01
7.248281800204515e-01
7.248281704516643e-01
7.248281609059851e-01
7.248281513833403e-01
7.248281418836559e-01
7.248281324068580e-01
7.248281229528726e-01
7.248281135216260e-01
7.248281041130442e-01
7.248280947270535e-01
7.248280853635797e-01
7.248280760225491e-01
7.248280667038877e-01
7.248280574075218e-01
7.248280481333773e-01
7.248280388813805e-01
7.248280296514574e-01
7.248280204435342e-01
7.248280112575369e-01
7.248280020933916e-01
7.248279929510246e-01
7.248279838303618e-01
7.248279747313294e-01
7.248279656538535e-01
7.248279565978603e-01
7.248279475632757e-01
7.248279385500261e-01
7.248279295580374e-01
7.248279205872358e-01
7.248279116375472e-01
7.248279027088981e-01
7.248278938012143e-01
7.248278849144220e-01
7.248278760484473e-01
7.248278672032165e-01
7.248278583786554e-01
7.248278495746903e-01
7.248278407912473e-01
7.248278320282524e-01
7.248278232856319e-01
7.248278145633117e-01
7.248278058612181e-01
7.248277971792771e-01
7.248277885174148e-01
7.248277798755575e-01
7.248277712536310e-01
7.248277626515617e-01
7.248277540692755e-01
7.248277455066986e-01
7.248277369637571e-01
7.248277284403772e-01
7.248277199364849e-01
7.248277114520063e-01
7.248277029868676e-01
7.248276945409949e-01
7.248276861143143e-01
7.248276777067518e-01
7.248276693182337e-01
7.248276609486860e-01
7.248276525980347e-01
7.248276442662062e-01
7.248276359531264e-01
7.248276276587214e-01
7.248276193829175e-01
7.248276111256406e-01
7.248276028868169e-01
7.248275946663726e-01
7.248275864642336e-01
7.248275782803262e-01
7.248275701145764e-01
7.248275619669103e-01
7.248275538372542e-01
7.248275457255341e-01
7.248275376316760e-01
7.248275295556061e-01
7.248275214972505e-01
7.248275134565354e-01
7.248275054333868e-01
7.248274974277309e-01
7.248274894394937e-01
7.248274814686013e-01
7.248274735149800e-01
7.248274655785558e-01
7.248274576592548e-01
7.248274497570031e-01
7.248274418717269e-01
7.248274340033521e-01
7.248274261518051e-01
7.248274183170117e-01
7.248274104988983e-01
7.248274026973909e-01
7.248273949124155e-01
7.248273871438984e-01
7.248273793917657e-01
7.248273716559432e-01
7.248273639363575e-01
7.248273562329343e-01
7.248273485455999e-01
7.248273408742805e-01
7.248273332189019e-01
7.248273255793906e-01
7.248273179556723e-01
7.248273103476736e-01
7.248273027553201e-01
7.248272951785383e-01
7.248272876172541e-01
7.248272800713936e-01
7.248272725408832e-01
7.248272650256486e-01
7.248272575256163e-01
7.248272500407120e-01
7.248272425708622e-01
7.248272351159928e-01
7.248272276760299e-01
7.248272202508997e-01
7.248272128405284e-01
7.248272054448419e-01
7.248271980637664e-01
7.248271906972280e-01
7.248271833451528e-01
7.248271760074670e-01
7.248271686840967e-01
7.248271613749679e-01
7.248271540800068e-01
7.248271467991394e-01
7.248271395322921e-01
7.248271322793906e-01
7.248271250403613e-01
7.248271178151302e-01
7.248271106036235e-01
7.248271034057672e-01
7.248270962214876e-01
7.248270890507105e-01
7.248270818933622e-01
7.248270747493689e-01
7.248270676186566e-01
7.248270605011514e-01
7.248270533967794e-01
7.248270463054669e-01
7.248270392271398e-01
7.248270321617242e-01
7.248270251091463e-01
7.248270180693323e-01
7.248270110422080e-01
7.248270040277000e-01
7.248269970257338e-01
7.248269900362361e-01
7.248269830591327e-01
7.248269760943498e-01
7.248269691418133e-01
7.248269622014497e-01
7.248269552731847e-01
7.248269483569448e-01
7.248269414526558e-01
7.248269345602441e-01
7.248269276796355e-01
7.248269208107563e-01
7.248269139535325e-01
7.248269071078904e-01
7.248269002737560e-01
7.248268934510553e-01
7.248268866397145e-01
7.248268798396599e-01
7.248268730508173e-01
7.248268662731130e-01
7.248268595064731e-01
7.248268527508236e-01
7.248268460060907e-01
7.248268392722006e-01
7.248268325490792e-01
7.248268258366527e-01
7.248268191348474e-01
7.248268124435890e-01
7.248268057628041e-01
7.248267990924184e-01
7.248267924323583e-01
7.248267857825498e-01
7.248267791429189e-01
7.248267725133919e-01
7.248267658938947e-01
7.248267592843537e-01
7.248267526846948e-01
7.248267460948441e-01
7.248267395147279e-01
7.248267329442720e-01
7.248267263834028e-01
7.248267198320464e-01
7.248267132901287e-01
7.248267067575760e-01
7.248267002343143e-01
7.248266937202698e-01
7.248266872153685e-01
7.248266807195366e-01
7.248266742327002e-01
7.248266677547854e-01
7.248266612857184e-01
7.248266548254252e-01
7.248266483738318e-01
7.248266419308645e-01
7.248266354964495e-01
7.248266290705127e-01
7.248266226529803e-01
7.248266162437783e-01
7.248266098428330e-01
7.248266034500703e-01
7.248265970654166e-01
7.248265906887977e-01
7.248265843201399e-01
7.248265779593693e-01
7.248265716064121e-01
7.248265652611940e-01
7.248265589236417e-01
7.248265525936808e-01
7.248265462712377e-01
7.248265399562384e-01
7.248265336486091e-01
7.248265273482758e-01
7.248265210551648e-01
7.248265147692019e-01
7.248265084903135e-01
7.248265022184256e-01
7.248264959534643e-01
7.248264896953558e-01
7.248264834440260e-01
7.248264771994013e-01
7.248264709614075e-01
7.248264647299710e-01
7.248264585050178e-01
7.248264522864740e-01
7.248264460742656e-01
7.248264398683190e-01
7.248264336685599e-01
7.248264274749149e-01
7.248264212873097e-01
7.248264151056706e-01
7.248264089299237e-01
7.248264027599951e-01
7.248263965958108e-01
7.248263904372971e-01
7.248263842843801e-01
7.248263781369858e-01
7.248263719950403e-01
7.248263658584698e-01
7.248263597272003e-01
7.248263536011581e-01
7.248263474802691e-01
7.248263413644596e-01
7.248263352536556e-01
7.248263291477831e-01
7.248263230467685e-01
7.248263169505377e-01
7.248263108590169e-01
7.248263047721322e-01
7.248262986898096e-01
7.248262926119754e-01
7.248262865385555e-01
7.248262804694762e-01
7.248262744046635e-01
7.248262683440436e-01
7.248262622875425e-01
7.248262562350865e-01
7.248262501866015e-01
7.248262441420137e-01
7.248262381012492e-01
7.248262320642341e-01
7.248262260308945e-01
7.248262200011567e-01
7.248262139749465e-01
7.248262079521902e-01
7.248262019328140e-01
7.248261959167437e-01
7.248261899039057e-01
7.248261838942260e-01
7.248261778876307e-01
7.248261718840460e-01
7.248261658833979e-01
7.248261598856126e-01
7.248261538906161e-01
7.248261478983347e-01
7.248261419086943e-01
7.248261359216212e-01
7.248261299370412e-01
7.248261239548809e-01
7.248261179750659e-01
7.248261119975227e-01
7.248261060221772e-01
7.248261000489556e-01
7.248260940777841e-01
7.248260881085885e-01
7.248260821412953e-01
7.248260761758303e-01
7.248260702121198e-01
7.248260642500898e-01
7.248260582896664e-01
7.248260523307759e-01
7.248260463733442e-01
7.248260404172975e-01
7.248260344625619e-01
7.248260285090635e-01
7.248260225567286e-01
7.248260166054830e-01
7.248260106552529e-01
7.248260047059645e-01
7.248259987575439e-01
7.248259928099172e-01
7.248259868630105e-01
7.248259809167499e-01
7.248259749710615e-01
7.248259690258714e-01
7.248259630811058e-01
7.248259571366907e-01
7.248259511925523e-01
7.248259452486168e-01
7.248259393048100e-01
7.248259333610583e-01
7.248259274172877e-01
7.248259214734243e-01
7.248259155293942e-01
7.248259095851237e-01
7.248259036405387e-01
7.248258976955653e-01
7.248258917501297e-01
7.248258858041581e-01
7.248258798575764e-01
7.248258739103108e-01
7.248258679622875e-01
7.248258620134326e-01
7.248258560636720e-01
7.248258501129321e-01
7.248258441611388e-01
7.248258382082183e-01
7.248258322540967e-01
7.248258262987002e-01
7.248258203419548e-01
7.248258143837866e-01
7.248258084241217e-01
7.248258024628863e-01
7.248257965000064e-01
7.248257905354083e-01
7.248257845690179e-01
7.248257786007615e-01
7.248257726305650e-01
7.248257666583547e-01
7.248257606840567e-01
7.248257547075970e-01
7.248257487289017e-01
7.248257427478971e-01
7.248257367645091e-01
7.248257307786640e-01
7.248257247902877e-01
7.248257187993065e-01
7.248257128056463e-01
7.248257068092335e-01
7.248257008099940e-01
7.248256948078540e-01
7.248256888027395e-01
7.248256827945767e-01
7.248256767832918e-01
7.248256707688108e-01
7.248256647510597e-01
7.248256587299649e-01
7.248256527054522e-01
7.248256466774480e-01
7.248256406458782e-01
7.248256346106690e-01
7.248256285717465e-01
7.248256225290368e-01
7.248256164824660e-01
7.248256104319604e-01
7.248256043774457e-01
7.248255983188484e-01
7.248255922560944e-01
7.248255861891100e-01
7.248255801178211e-01
7.248255740421539e-01
7.248255679620345e-01
7.248255618773890e-01
7.248255557881436e-01
7.248255496942243e-01
7.248255435955573e-01
7.248255374920687e-01
7.248255313836846e-01
7.248255252703311e-01
7.248255191519342e-01
7.248255130284201e-01
7.248255068997150e-01
7.248255007657450e-01
7.248254946264361e-01
7.248254884817145e-01
7.248254823315062e-01
7.248254761757374e-01
7.248254700143343e-01
7.248254638472229e-01
7.248254576743293e-01
7.248254514955795e-01
7.248254453109000e-01
7.248254391202166e-01
7.248254329234847e-01
7.248254267207235e-01
7.248254205119612e-01
7.248254142972261e-01
7.248254080765461e-01
7.248254018499495e-01
7.248253956174643e-01
7.248253893791186e-01
7.248253831349407e-01
7.248253768849586e-01
7.248253706292005e-01
7.248253643676944e-01
7.248253581004687e-01
7.248253518275511e-01
7.248253455489702e-01
7.248253392647538e-01
7.248253329749301e-01
7.248253266795274e-01
7.248253203785736e-01
7.248253140720969e-01
7.248253077601255e-01
7.248253014426875e-01
7.248252951198110e-01
7.248252887915241e-01
7.248252824578550e-01
7.248252761188319e-01
7.248252697744826e-01
7.248252634248357e-01
7.248252570699188e-01
7.248252507097606e-01
7.248252443443888e-01
7.248252379738316e-01
7.248252315981173e-01
7.248252252172739e-01
7.248252188313296e-01
7.248252124403124e-01
7.248252060442506e-01
7.248251996431722e-01
7.248251932371054e-01
7.248251868260782e-01
7.248251804101189e-01
7.248251739892556e-01
7.248251675635163e-01
7.248251611329294e-01
7.248251546975226e-01
7.248251482573245e-01
7.248251418123628e-01
7.248251353626660e-01
7.248251289082620e-01
7.248251224491790e-01
7.248251159854451e-01
7.248251095170883e-01
7.248251030441372e-01
7.248250965666193e-01
7.248250900845632e-01
7.248250835979968e-01
7.248250771069483e-01
7.248250706114459e-01
7.248250641115176e-01
7.248250576071915e-01
7.248250510984959e-01
7.248250445854588e-01
7.248250380681084e-01
7.248250315464728e-01
7.248250250205801e-01
7.248250184904584e-01
7.248250119561359e-01
7.248250054176408e-01
7.248249988750011e-01
7.248249923282449e-01
7.248249857774005e-01
7.248249792224958e-01
7.248249726635592e-01
7.248249661006185e-01
7.248249595337022e-01
7.248249529628381e-01
7.248249463880546e-01
7.248249398093796e-01
7.248249332268414e-01
7.248249266404679e-01
7.248249200502875e-01
7.248249134563283e-01
7.248249068586182e-01
7.248249002571856e-01
7.248248936520584e-01
7.248248870432649e-01
7.248248804308330e-01
7.248248738147912e-01
7.248248671951673e-01
7.248248605719896e-01
7.248248539452861e-01
7.248248473150850e-01
7.248248406814145e-01
7.248248340443026e-01
7.248248274037776e-01
7.248248207598674e-01
7.248248141126004e-01
7.248248074620044e-01
7.248248008081077e-01
7.248247941509386e-01
7.248247874905249e-01
7.248247808268951e-01
7.248247741600768e-01
7.248247674900987e-01
7.248247608169887e-01
7.248247541407747e-01
7.248247474614853e-01
7.248247407791482e-01
7.248247340937917e-01
7.248247274054439e-01
7.248247207141331e-01
7.248247140198871e-01
7.248247073227343e-01
7.248247006227027e-01
7.248246939198205e-01
7.248246872141157e-01
7.248246805056167e-01
7.248246737943513e-01
7.248246670803479e-01
7.248246603636345e-01
7.248246536442392e-01
7.248246469221902e-01
7.248246401975156e-01
7.248246334702434e-01
7.248246267404019e-01
7.248246200080193e-01
7.248246132731235e-01
7.248246065357429e-01
7.248245997959053e-01
7.248245930536391e-01
7.248245863089723e-01
7.248245795619331e-01
7.248245728125495e-01
7.248245660608498e-01
7.248245593068620e-01
7.248245525506143e-01
7.248245457921347e-01
7.248245390314516e-01
7.248245322685929e-01
7.248245255035868e-01
7.248245187364614e-01
7.248245119672447e-01
7.248245051959652e-01
7.248244984226507e-01
7.248244916473294e-01
7.248244848700296e-01
7.248244780907792e-01
7.248244713096064e-01
7.248244645265394e-01
7.248244577416062e-01
7.248244509548352e-01
7.248244441662541e-01
7.248244373758914e-01
7.248244305837750e-01
7.248244237899332e-01
7.248244169943940e-01
7.248244101971857e-01
7.248244033983362e-01
7.248243965978738e-01
7.248243897958265e-01
7.248243829922225e-01
7.248243761870899e-01
7.248243693804570e-01
7.248243625723517e-01
7.248243557628021e-01
7.248243489518367e-01
7.248243421394831e-01
7.248243353257698e-01
7.248243285107249e-01
7.248243216943764e-01
7.248243148767525e-01
7.248243080578812e-01
7.248243012377908e-01
7.248242944165095e-01
7.248242875940653e-01
7.248242807704861e-01
7.248242739458004e-01
7.248242671200362e-01
7.248242602932217e-01
7.248242534653848e-01
7.248242466365538e-01
7.248242398067568e-01
7.248242329760219e-01
7.248242261443774e-01
7.248242193118513e-01
7.248242124784715e-01
7.248242056442665e-01
7.248241988092643e-01
7.248241919734929e-01
7.248241851369807e-01
7.248241782997554e-01
7.248241714618456e-01
7.248241646232791e-01
7.248241577840843e-01
7.248241509442891e-01
7.248241441039217e-01
7.248241372630102e-01
7.248241304215828e-01
7.248241235796676e-01
7.248241167372927e-01
7.248241098944863e-01
7.248241030512764e-01
7.248240962076913e-01
7.248240893637590e-01
7.248240825195077e-01
7.248240756749654e-01
7.248240688301604e-01
7.248240619851207e-01
7.248240551398746e-01
7.248240482944500e-01
7.248240414488752e-01
7.248240346031782e-01
7.248240277573873e-01
7.248240209115304e-01
7.248240140656359e-01
7.248240072197317e-01
7.248240003738461e-01
7.248239935280070e-01
7.248239866822428e-01
7.248239798365814e-01
7.248239729910511e-01
7.248239661456799e-01
7.248239593004960e-01
7.248239524555276e-01
7.248239456108027e-01
7.248239387663494e-01
7.248239319221960e-01
7.248239250783705e-01
7.248239182349010e-01
7.248239113918157e-01
7.248239045491428e-01
7.248238977069102e-01
7.248238908651463e-01
7.248238840238791e-01
7.248238771831368e-01
7.248238703429474e-01
7.248238635033390e-01
7.248238566643399e-01
7.248238498259781e-01
7.248238429882818e-01
7.248238361512792e-01
7.248238293149982e-01
7.248238224794672e-01
7.248238156447141e-01
7.248238088107671e-01
7.248238019776545e-01
7.248237951454042e-01
7.248237883140444e-01
7.248237814836032e-01
7.248237746541087e-01
7.248237678255892e-01
7.248237609980728e-01
7.248237541715875e-01
7.248237473461614e-01
7.248237405218227e-01
7.248237336985996e-01
7.248237268765203e-01
7.248237200556126e-01
7.248237132359049e-01
7.248237064174253e-01
7.248236996002019e-01
7.248236927842627e-01
7.248236859696360e-01
7.248236791563498e-01
7.248236723444325e-01
7.248236655339119e-01
7.248236587248161e-01
7.248236519171736e-01
7.248236451110123e-01
7.248236383063603e-01
7.248236315032458e-01
7.248236247016968e-01
7.248236179017417e-01
7.248236111034083e-01
7.248236043067250e-01
7.248235975117198e-01
7.248235907184208e-01
7.248235839268562e-01
7.248235771370541e-01
7.248235703490427e-01
7.248235635628499e-01
7.248235567785042e-01
7.248235499960334e-01
7.248235432154658e-01
7.248235364368294e-01
7.248235296601525e-01
7.248235228854630e-01
7.248235161127893e-01
7.248235093421593e-01
7.248235025736013e-01
7.248234958071433e-01
7.248234890428136e-01
7.248234822806401e-01
7.248234755206511e-01
7.248234687628745e-01
7.248234620073387e-01
7.248234552540718e-01
7.248234485031018e-01
7.248234417544569e-01
7.248234350081652e-01
7.248234282642548e-01
7.248234215227539e-01
7.248234147836906e-01
7.248234080470930e-01
7.248234013129893e-01
7.248233945814075e-01
7.248233878523759e-01
7.248233811259226e-01
7.248233744020756e-01
7.248233676808630e-01
7.248233609623131e-01
7.248233542464541e-01
7.248233475333138e-01
7.248233408229205e-01
7.248233341153025e-01
7.248233274104877e-01
7.248233207085043e-01
7.248233140093805e-01
7.248233073131443e-01
7.248233006198238e-01
7.248232939294473e-01
7.248232872420429e-01
7.248232805576386e-01
7.248232738762627e-01
7.248232671979431e-01
7.248232605227081e-01
7.248232538505859e-01
7.248232471816044e-01
7.248232405157918e-01
7.248232338531764e-01
7.248232271937862e-01
7.248232205376494e-01
7.248232138847939e-01
7.248232072352481e-01
7.248232005890399e-01
7.248231939461977e-01
7.248231873067494e-01
7.248231806707233e-01
7.248231740381473e-01
7.248231674090497e-01
7.248231607834587e-01
7.248231541614022e-01
7.248231475429086e-01
7.248231409280057e-01
7.248231343167220e-01
7.248231277090853e-01
7.248231211051239e-01
7.248231145048659e-01
7.248231079083395e-01
7.248231013155726e-01
7.248230947265937e-01
7.248230881414305e-01
7.248230815601114e-01
7.248230749826645e-01
7.248230684091179e-01
7.248230618394998e-01
7.248230552738382e-01
7.248230487121613e-01
7.248230421544972e-01
7.248230356008740e-01
7.248230290513199e-01
7.248230225058631e-01
7.248230159645315e-01
7.248230094273534e-01
7.248230028943569e-01
7.248229963655701e-01
7.248229898410212e-01
7.248229833207382e-01
7.248229768047494e-01
7.248229702930827e-01
7.248229637857665e-01
7.248229572828288e-01
7.248229507842976e-01
7.248229442902012e-01
7.248229378005676e-01
7.248229313154252e-01
7.248229248348018e-01
7.248229183587257e-01
7.248229118872249e-01
7.248229054203278e-01
7.248228989580622e-01
7.248228925004564e-01
7.248228860475385e-01
7.248228795993368e-01
7.248228731558791e-01
7.248228667171938e-01
7.248228602833088e-01
7.248228538542524e-01
7.248228474300528e-01
7.248228410107378e-01
7.248228345963359e-01
7.248228281868750e-01
7.248228217823833e-01
7.248228153828890e-01
7.248228089884201e-01
7.248228025990048e-01
7.248227962146712e-01
7.248227898354475e-01
7.248227834613616e-01
7.248227770924420e-01
7.248227707287165e-01
7.248227643702134e-01
7.248227580169608e-01
7.248227516689868e-01
7.248227453263196e-01
7.248227389889872e-01
7.248227326570178e-01
7.248227263304396e-01
7.248227200092806e-01
7.248227136935690e-01
7.248227073833330e-01
7.248227010786005e-01
7.248226947793999e-01
7.248226884857591e-01
7.248226821977064e-01
7.248226759152698e-01
7.248226696384776e-01
7.248226633673578e-01
7.248226571019385e-01
7.248226508422478e-01
7.248226445883140e-01
7.248226383401651e-01
7.248226320978294e-01
7.248226258613347e-01
7.248226196307095e-01
7.248226134059816e-01
7.248226071871794e-01
7.248226009743308e-01
7.248225947674641e-01
7.248225885666074e-01
7.248225823717888e-01
7.248225761830362e-01
7.248225700003782e-01
7.248225638238426e-01
7.248225576534576e-01
7.248225514892515e-01
7.248225453312520e-01
7.248225391794877e-01
7.248225330339865e-01
7.248225268947764e-01
7.248225207618858e-01
7.248225146353428e-01
7.248225085151753e-01
7.248225024014117e-01
7.248224962940798e-01
7.248224901932081e-01
7.248224840988244e-01
7.248224780109572e-01
7.248224719296343e-01
7.248224658548840e-01
7.248224597867343e-01
7.248224537252134e-01
7.248224476703494e-01
7.248224416221706e-01
7.248224355807049e-01
7.248224295459805e-01
7.248224235180256e-01
7.248224174968683e-01
7.248224114825367e-01
7.248224054750588e-01
7.248223994744629e-01
7.248223934807773e-01
7.248223874940297e-01
7.248223815142485e-01
7.248223755414618e-01
7.248223695756977e-01
7.248223636169843e-01
7.248223576653497e-01
7.248223517208223e-01
7.248223457834299e-01
7.248223398532008e-01
7.248223339301630e-01
7.248223280143448e-01
7.248223221057741e-01
7.248223162044793e-01
7.248223103104884e-01
7.248223044238294e-01
7.248222985445306e-01
7.248222926726201e-01
7.248222868081261e-01
7.248222809510766e-01
7.248222751014997e-01
7.248222692594236e-01
7.248222634248764e-01
7.248222575978863e-01
7.248222517784815e-01
7.248222459666899e-01
7.248222401625397e-01
7.248222343660591e-01
7.248222285772763e-01
7.248222227962192e-01
7.248222170229162e-01
7.248222112573951e-01
7.248222054996843e-01
7.248221997498119e-01
7.248221940078059e-01
7.248221882736945e-01
7.248221825475059e-01
7.248221768292681e-01
7.248221711190093e-01
7.248221654167576e-01
7.248221597225413e-01
7.248221540363882e-01
7.248221483583266e-01
7.248221426883847e-01
7.248221370265906e-01
7.248221313729722e-01
7.248221257275580e-01
7.248221200903759e-01
7.248221144614542e-01
7.248221088408208e-01
7.248221032285038e-01
7.248220976245316e-01
7.248220920289322e-01
7.248220864417337e-01
7.248220808629643e-01
7.248220752926521e-01
7.248220697308251e-01
7.248220641775116e-01
7.248220586327396e-01
7.248220530965374e-01
7.248220475689330e-01
7.248220420499545e-01
7.248220365396301e-01
7.248220310379879e-01
7.248220255450560e-01
7.248220200608627e-01
7.248220145854359e-01
7.248220091188038e-01
7.248220036609946e-01
7.248219982120364e-01
7.248219927719574e-01
7.248219873407855e-01
7.248219819185490e-01
7.248219765052760e-01
7.248219711009947e-01
7.248219657057331e-01
7.248219603195193e-01
7.248219549423817e-01
7.248219495743481e-01
7.248219442154468e-01
7.248219388657059e-01
7.248219335251536e-01
7.248219281938179e-01
7.248219228717270e-01
7.248219175589090e-01
7.248219122553921e-01
7.248219069612043e-01
7.248219016763738e-01
7.248218964009289e-01
7.248218911348974e-01
7.248218858783076e-01
7.248218806311877e-01
7.248218753935657e-01
7.248218701654697e-01
7.248218649469280e-01
7.248218597379686e-01
7.248218545386197e-01
7.248218493489094e-01
7.248218441688657e-01
7.248218389985170e-01
7.248218338378912e-01
7.248218286870166e-01
7.248218235459212e-01
7.248218184146331e-01
7.248218132931805e-01
7.248218081815916e-01
7.248218030798944e-01
7.248217979881171e-01
7.248217929062878e-01
7.248217878344346e-01
7.248217827725858e-01
7.248217777207693e-01
7.248217726790133e-01
7.248217676473460e-01
7.248217626257955e-01
7.248217576143898e-01
7.248217526131573e-01
7.248217476221259e-01
7.248217426413238e-01
7.248217376707792e-01
7.248217327105201e-01
7.248217277605746e-01
7.248217228209710e-01
7.248217178917373e-01
7.248217129729018e-01
7.248217080644923e-01
7.248217031665373e-01
7.248216982790647e-01
7.248216934021027e-01
7.248216885356794e-01
7.248216836798229e-01
7.248216788345615e-01
7.248216739999230e-01
7.248216691759359e-01
7.248216643626282e-01
7.248216595600279e-01
7.248216547681632e-01
7.248216499870623e-01
7.248216452167533e-01
7.248216404572643e-01
7.248216357086233e-01
7.248216309708587e-01
7.248216262439985e-01
7.248216215280707e-01
7.248216168231036e-01
7.248216121291254e-01
7.248216074461640e-01
7.248216027742477e-01
7.248215981134045e-01
7.248215934636626e-01
7.248215888250501e-01
7.248215841975952e-01
7.248215795813260e-01
7.248215749762706e-01
7.248215703824571e-01
7.248215657999137e-01
7.248215612286686e-01
7.248215566687497e-01
7.248215521201852e-01
7.248215475830034e-01
7.248215430572322e-01
7.248215385429000e-01
7.248215340400347e-01
7.248215295486644e-01
7.248215250688175e-01
7.248215206005219e-01
7.248215161438056e-01
7.248215116986971e-01
7.248215072652243e-01
7.248215028434154e-01
7.248214984332986e-01
7.248214940349018e-01
7.248214896482532e-01
7.248214852733811e-01
7.248214809103135e-01
7.248214765590786e-01
7.248214722197044e-01
7.248214678922190e-01
7.248214635766508e-01
7.248214592730277e-01
7.248214549813778e-01
7.248214507017295e-01
7.248214464341106e-01
7.248214421785495e-01
7.248214379350741e-01
7.248214337037128e-01
7.248214294844934e-01
7.248214252774442e-01
7.248214210825934e-01
7.248214168999690e-01
7.248214127295992e-01
7.248214085715121e-01
7.248214044257358e-01
7.248214002922985e-01
7.248213961712283e-01
7.248213920625534e-01
7.248213879663017e-01
7.248213838825016e-01
7.248213798111810e-01
7.248213757523683e-01
7.248213717060913e-01
7.248213676723784e-01
7.248213636512576e-01
7.248213596427571e-01
7.248213556469049e-01
7.248213516637292e-01
7.248213476932582e-01
7.248213437355200e-01
7.248213397905426e-01
7.248213358583543e-01
7.248213319389831e-01
7.248213280324572e-01
7.248213241388048e-01
7.248213202580539e-01
7.248213163902327e-01
7.248213125353693e-01
7.248213086934917e-01
7.248213048646284e-01
7.248213010488070e-01
7.248212972460562e-01
7.248212934564037e-01
7.248212896798777e-01
7.248212859165065e-01
7.248212821663181e-01
7.248212784293407e-01
7.248212747056023e-01
7.248212709951313e-01
7.248212672979555e-01
7.248212636141032e-01
7.248212599436025e-01
7.248212562864815e-01
7.248212526427685e-01
7.248212490124915e-01
7.248212453956785e-01
7.248212417923577e-01
7.248212382025574e-01
7.248212346263055e-01
7.248212310636304e-01
7.248212275145599e-01
7.248212239791224e-01
7.248212204573459e-01
7.248212169492586e-01
7.248212134548885e-01
7.248212099742638e-01
7.248212065074127e-01
7.248212030543633e-01
7.248211996151436e-01
7.248211961897818e-01
7.248211927783061e-01
7.248211893807447e-01
7.248211859971255e-01
7.248211826274767e-01
7.248211792718267e-01
7.248211759302031e-01
7.248211726026345e-01
7.248211692891489e-01
7.248211659897742e-01
7.248211627045388e-01
7.248211594334708e-01
7.248211561765983e-01
7.248211529339492e-01
7.248211497055520e-01
7.248211464914347e-01
7.248211432916253e-01
7.248211401061520e-01
7.248211369350429e-01
7.248211337783264e-01
7.248211306360302e-01
7.248211275081826e-01
7.248211243948119e-01
7.248211212959460e-01
7.248211182116132e-01
7.248211151418416e-01
7.248211120866591e-01
7.248211090460941e-01
7.248211060201746e-01
7.248211030089288e-01
7.248211000123848e-01
7.248210970305706e-01
7.248210940635146e-01
7.248210911112447e-01
7.248210881737892e-01
7.248210852511761e-01
7.248210823434336e-01
7.248210794505896e-01
7.248210765726726e-01
7.248210737097105e-01
7.248210708617315e-01
7.248210680287637e-01
7.248210652108352e-01
7.248210624079743e-01
7.248210596202089e-01
7.248210568475673e-01
7.248210540900774e-01
7.248210513477675e-01
7.248210486206659e-01
7.248210459088004e-01
7.248210432121993e-01
7.248210405308907e-01
7.248210378649027e-01
7.248210352142634e-01
7.248210325790012e-01
7.248210299591439e-01
7.248210273547196e-01
7.248210247657567e-01
7.248210221922833e-01
7.248210196343273e-01
7.248210170919169e-01
7.248210145650804e-01
7.248210120538459e-01
7.248210095582412e-01
7.248210070782949e-01
7.248210046140349e-01
7.248210021654892e-01
7.248209997326861e-01
7.248209973156536e-01
7.248209949144201e-01
7.248209925290134e-01
7.248209901594619e-01
7.248209878057936e-01
7.248209854680365e-01
7.248209831462190e-01
7.248209808403691e-01
7.248209785505149e-01
7.248209762766844e-01
7.248209740189060e-01
7.248209717772077e-01
7.248209695516177e-01
7.248209673421639e-01
7.248209651488747e-01
7.248209629717782e-01
7.248209608109023e-01
7.248209586662754e-01
7.248209565379254e-01
7.248209544258807e-01
7.248209523301692e-01
7.248209502508191e-01
7.248209481878585e-01
7.248209461413154e-01
7.248209441112183e-01
7.248209420975951e-01
7.248209401004738e-01
7.248209381198828e-01
7.248209361558501e-01
7.248209342084038e-01
7.248209322775719e-01
7.248209303633829e-01
7.248209284658647e-01
7.248209265850454e-01
7.248209247209531e-01
7.248209228736160e-01
7.248209210430623e-01
7.248209192293201e-01
7.248209174324174e-01
7.248209156523825e-01
7.248209138892434e-01
7.248209121430282e-01
7.248209104137652e-01
7.248209087014824e-01
7.248209070062079e-01
7.248209053279701e-01
7.248209036667967e-01
7.248209020227161e-01
7.248209003957564e-01
7.248208987859458e-01
7.248208971933122e-01
7.248208956178839e-01
7.248208940596890e-01
7.248208925187556e-01
7.248208909951119e-01
7.248208894887860e-01
7.248208879998059e-01
7.248208865281999e-01
7.248208850739960e-01
7.248208836372225e-01
7.248208822179074e-01
7.248208808160788e-01
7.248208794317649e-01
7.248208780649938e-01
7.248208767157936e-01
7.248208753841926e-01
7.248208740702188e-01
7.248208727739002e-01
7.248208714952651e-01
7.248208702343416e-01
7.248208689911578e-01
7.248208677657418e-01
7.248208665581218e-01
7.248208653683259e-01
7.248208641963823e-01
7.248208630423190e-01
7.248208619061641e-01
7.248208607879459e-01
7.248208596876925e-01
7.248208586054319e-01
7.248208575411923e-01
7.248208564950018e-01
7.248208554668887e-01
7.248208544568808e-01
7.248208534650066e-01
7.248208524912939e-01
7.248208515357710e-01
7.248208505984660e-01
7.248208496794071e-01
7.248208487786223e-01
7.248208478961399e-01
7.248208470319878e-01
7.248208461861942e-01
7.248208453587874e-01
7.248208445497953e-01
7.248208437592463e-01
7.248208429871682e-01
7.248208422335893e-01
7.248208414985379e-01
7.248208407820418e-01
7.248208400841293e-01
7.248208394048284e-01
7.248208387441675e-01
7.248208381021746e-01
7.248208374788776e-01
7.248208368743050e-01
7.248208362884846e-01
7.248208357214448e-01
7.248208351732136e-01
7.248208346438191e-01
7.248208341332895e-01
7.248208336416528e-01
7.248208331689373e-01
7.248208327151711e-01
7.248208322803822e-01
7.248208318645989e-01
7.248208314678491e-01
7.248208310901612e-01
7.248208307315631e-01
7.248208303920831e-01
7.248208300717492e-01
7.248208297705897e-01
7.248208294886326e-01
7.248208292259060e-01
7.248208289824380e-01
7.248208287582568e-01
7.248208285533907e-01
7.248208283678675e-01
7.248208282017156e-01
7.248208280549628e-01
7.248208279276377e-01
7.248208278197681e-01
7.248208277313821e-01
7.248208276625080e-01
7.248208276131739e-01
7.248208275834078e-01
7.248208275732381e-01
7.248208275826925e-01
7.248208276117996e-01
7.248208276605872e-01
7.248208277290835e-01
7.248208278173167e-01
7.248208279253149e-01
7.248208280531062e-01
7.248208282007188e-01
7.248208283681807e-01
7.248208285555202e-01
7.248208287627652e-01
7.248208289899442e-01
7.248208292370849e-01
7.248208295042157e-01
7.248208297913645e-01
7.248208300985598e-01
7.248208304258293e-01
7.248208307732016e-01
7.248208311407044e-01
7.248208315283660e-01
7.248208319362145e-01
7.248208323642781e-01
7.248208328125849e-01
7.248208332811630e-01
7.248208337700405e-01
7.248208342792456e-01
7.248208348088064e-01
7.248208353587511e-01
7.248208359291076e-01
7.248208365199043e-01
7.248208371311692e-01
7.248208377629304e-01
7.248208384152162e-01
7.248208390880544e-01
7.248208397814735e-01
7.248208404955013e-01
7.248208412301662e-01
7.248208419854962e-01
7.248208427615195e-01
7.248208435582640e-01
7.248208443757581e-01
7.248208452140299e-01
7.248208460731074e-01
7.248208469530188e-01
7.248208478537922e-01
7.248208487754558e-01
7.248208497180376e-01
7.248208506815659e-01
7.248208516660687e-01
7.248208526715741e-01
7.248208536981103e-01
7.248208547457055e-01
7.248208558143877e-01
7.248208569041851e-01
7.248208580151257e-01
7.248208591472379e-01
7.248208603005496e-01
7.248208614750890e-01
7.248208626708842e-01
7.248208638879634e-01
7.248208651263546e-01
7.248208663860860e-01
7.248208676671858e-01
7.248208689696821e-01
7.248208702936030e-01
7.248208716389766e-01
7.248208730058310e-01
7.248208743941944e-01
7.248208758040949e-01
7.248208772355607e-01
7.248208786886198e-01
7.248208801633005e-01
7.248208816596308e-01
7.248208831776387e-01
7.248208847173526e-01
7.248208862788006e-01
7.248208878620106e-01
7.248208894670110e-01
7.248208910938297e-01
7.248208927424949e-01
7.248208944130349e-01
7.248208961054776e-01
7.248208978198513e-01
7.248208995561839e-01
7.248209013145037e-01
7.248209030948389e-01
7.248209048972175e-01
7.248209067216677e-01
7.248209085682175e-01
7.248209104368951e-01
7.248209123277287e-01
7.248209142407464e-01
7.248209161759763e-01
7.248209181334465e-01
7.248209201131852e-01
7.248209221152204e-01
7.248209241395804e-01
7.248209261862932e-01
7.248209282553871e-01
7.248209303468900e-01
7.248209324608301e-01
7.248209345972357e-01
7.248209367561347e-01
7.248209389375554e-01
7.248209411415257e-01
7.248209433680740e-01
7.248209456172283e-01
7.248209478890167e-01
7.248209501834674e-01
7.248209525006085e-01
7.248209548404682e-01
7.248209572030744e-01
7.248209595884555e-01
7.248209619966394e-01
7.248209644276544e-01
7.248209668815285e-01
7.248209693582900e-01
7.248209718579669e-01
7.248209743805873e-01
7.248209769261795e-01
7.248209794947715e-01
7.248209820863913e-01
7.248209847010674e-01
7.248209873388275e-01
7.248209899997000e-01
7.248209926837129e-01
7.248209953908945e-01
7.248209981212728e-01
7.248210008748759e-01
7.248210036517320e-01
7.248210064518691e-01
7.248210092753156e-01
7.248210121220993e-01
7.248210149922486e-01
7.248210178857915e-01
7.248210208027561e-01
7.248210237431706e-01
7.248210267070631e-01
7.248210296944617e-01
7.248210327053947e-01
7.248210357398900e-01
7.248210387979758e-01
7.248210418796802e-01
7.248210449850314e-01
7.248210481140576e-01
7.248210512667868e-01
7.248210544432472e-01
7.248210576434668e-01
7.248210608674739e-01
7.248210641152965e-01
7.248210673869628e-01
7.248210706825009e-01
7.248210740019390e-01
7.248210773453051e-01
7.248210807126274e-01
7.248210841039341e-01
7.248210875192531e-01
7.248210909586128e-01
7.248210944220412e-01
7.248210979095664e-01
7.248211014212166e-01
7.248211049570199e-01
7.248211085170044e-01
7.248211121011983e-01
7.248211157096297e-01
7.248211193423266e-01
7.248211229993173e-01
7.248211266806299e-01
7.248211303862926e-01
7.248211341163333e-01
7.248211378707803e-01
7.248211416496616e-01
7.248211454530055e-01
7.248211492808401e-01
7.248211531331933e-01
7.248211570100935e-01
7.248211609115688e-01
7.248211648376471e-01
7.248211687883569e-01
7.248211727637259e-01
7.248211767637827e-01
7.248211807885550e-01
7.248211848380711e-01
7.248211889123591e-01
7.248211930114473e-01
7.248211971353636e-01
7.248212012841362e-01
7.248212054577933e-01
7.248212096563630e-01
7.248212138798733e-01
7.248212181283525e-01
7.248212224018288e-01
7.248212267003300e-01
7.248212310238845e-01
7.248212353725203e-01
7.248212397462657e-01
7.248212441451486e-01
7.248212485691973e-01
7.248212530184398e-01
7.248212574929044e-01
7.248212619926190e-01
7.248212665176119e-01
7.248212710679113e-01
7.248212756435450e-01
7.248212802445415e-01
7.248212848709287e-01
7.248212895227348e-01
7.248212941999880e-01
7.248212989027163e-01
7.248213036309479e-01
7.248213083847108e-01
7.248213131640334e-01
7.248213179689436e-01
7.248213227994696e-01
7.248213276556396e-01
7.248213325374815e-01
7.248213374450238e-01
7.248213423782942e-01
7.248213473373212e-01
7.248213523221327e-01
7.248213573327569e-01
7.248213623692220e-01
7.248213674315560e-01
7.248213725197871e-01
7.248213776339434e-01
7.248213827740531e-01
7.248213879401442e-01
7.248213931322449e-01
7.248213983503834e-01
7.248214035945878e-01
7.248214088648861e-01
7.248214141613066e-01
7.248214194838773e-01
7.248214248326263e-01
7.248214302075819e-01
7.248214356087722e-01
7.248214410362251e-01
7.248214464899690e-01
7.248214519700320e-01
7.248214574764420e-01
7.248214630092273e-01
7.248214685684161e-01
7.248214741540364e-01
7.248214797661163e-01
7.248214854046842e-01
7.248214910697678e-01
7.248214967613955e-01
7.248215024795954e-01
7.248215082243956e-01
7.248215139958243e-01
7.248215197939095e-01
7.248215256186795e-01
7.248215314701623e-01
7.248215373483859e-01
7.248215432533788e-01
7.248215491851687e-01
7.248215551437841e-01
7.248215611292530e-01
7.248215671416034e-01
7.248215731808635e-01
7.248215792470616e-01
7.248215853402256e-01
7.248215914603836e-01
7.248215976075640e-01
7.248216037817947e-01
7.248216099831040e-01
7.248216162115199e-01
7.248216224670705e-01
7.248216287497840e-01
7.248216350596886e-01
7.248216413968122e-01
7.248216477611832e-01
7.248216541528295e-01
7.248216605717794e-01
7.248216670180609e-01
7.248216734917023e-01
7.248216799927316e-01
7.248216865211770e-01
7.248216930770665e-01
7.248216996604282e-01
7.248217062712905e-01
7.248217129096812e-01
7.248217195756288e-01
7.248217262691611e-01
7.248217329903064e-01
7.248217397390927e-01
7.248217465155482e-01
7.248217533197011e-01
7.248217601515795e-01
7.248217670112115e-01
7.248217738986251e-01
7.248217808138487e-01
7.248217877569102e-01
7.248217947278378e-01
7.248218017266597e-01
7.248218087534040e-01
7.248218158080987e-01
7.248218228907720e-01
7.248218300014522e-01
7.248218371401672e-01
7.248218443069452e-01
7.248218515018143e-01
7.248218587248028e-01
7.248218659759387e-01
7.248218732552500e-01
7.248218805627650e-01
7.248218878985119e-01
7.248218952625185e-01
7.248219026548133e-01
7.248219100754243e-01
7.248219175243795e-01
7.248219250017072e-01
7.248219325074354e-01
7.248219400415923e-01
7.248219476042060e-01
7.248219551953048e-01
7.248219628149165e-01
7.248219704630695e-01
7.248219781397918e-01
7.248219858451116e-01
7.248219935790569e-01
7.248220013416560e-01
7.248220091329369e-01
7.248220169529278e-01
7.248220248016568e-01
7.248220326791520e-01
7.248220405854416e-01
7.248220485205538e-01
7.248220564845165e-01
7.248220644773580e-01
7.248220724991064e-01
7.248220805497897e-01
7.248220886294362e-01
7.248220967380740e-01
7.248221048757312e-01
7.248221130424358e-01
7.248221212382161e-01
7.248221294631003e-01
7.248221377171163e-01
7.248221460002924e-01
7.248221543126566e-01
7.248221626542372e-01
7.248221710250622e-01
7.248221794251597e-01
7.248221878545579e-01
7.248221963132849e-01
7.248222048013688e-01
7.248222133188379e-01
7.248222218657201e-01
7.248222304420437e-01
7.248222390478367e-01
7.248222476831273e-01
7.248222563479436e-01
7.248222650423138e-01
7.248222737662660e-01
7.248222825198282e-01
7.248222913030287e-01
7.248223001158955e-01
7.248223089584569e-01
7.248223178307408e-01
7.248223267327755e-01
7.248223356645891e-01
7.248223446262096e-01
7.248223536176653e-01
7.248223626389843e-01
7.248223716901946e-01
7.248223807713245e-01
7.248223898824020e-01
7.248223990234554e-01
7.248224081945125e-01
7.248224173956018e-01
7.248224266267512e-01
7.248224358879889e-01
7.248224451793430e-01
7.248224545008417e-01
7.248224638525130e-01
7.248224732343852e-01
7.248224826464863e-01
7.248224920888445e-01
7.248225015614879e-01
7.248225110644445e-01
7.248225205977427e-01
7.248225301614104e-01
7.248225397554758e-01
7.248225493799670e-01
7.248225590349123e-01
7.248225687203397e-01
)
;

boundaryField
{
    inlet
    {
        type            fixedValue;
        value           uniform 0.72477313;
    }
    outlet
    {
        type            zeroGradient;
    }
    wall
    {
        type            empty;
    }
}


// ************************************************************************* //
